1000000	-0.76	87.93	4.5	22.96	51.6	51.8	85.0
3001001	0.00	82.56	0.0	?	57.0	57.0	90.0
5002002	0.00	77.05	0.0	?	62.8	62.8	90.0
7003003	0.00	73.00	0.0	?	67.6	67.6	90.0
9004004	0.00	69.50	0.0	?	72.1	72.1	90.0
11005005	0.00	67.43	0.0	?	74.9	74.9	90.0
13006006	0.00	65.24	0.0	?	78.1	78.1	90.0
15007007	-0.19	62.43	2.1	90.54	82.5	82.5	88.6
17008008	-0.25	60.71	2.8	68.71	85.3	85.4	88.1
19009009	-0.36	58.98	4.2	48.70	88.3	88.4	87.3
21010010	-0.41	57.31	5.2	41.94	91.3	91.4	86.8
23011011	-0.47	55.68	6.2	37.04	94.4	94.6	86.3
25012012	-0.53	54.20	7.3	32.87	97.3	97.5	85.7
27013013	-0.56	52.77	8.2	30.89	100.3	100.6	85.3
29014014	-0.60	51.35	9.1	29.19	103.4	103.8	85.0
31015015	-0.62	50.08	9.9	28.00	106.3	106.7	84.7
33016016	-0.64	48.86	10.7	27.15	109.2	109.7	84.4
35017017	-0.65	47.72	11.3	26.85	112.1	112.7	84.2
37018018	-0.65	46.64	11.9	26.70	115.0	115.6	84.1
39019019	-0.64	45.54	12.1	27.28	118.0	118.7	84.1
41020020	-0.63	44.42	12.6	27.50	121.3	122.0	84.1
43021021	-0.63	43.36	13.2	27.51	124.6	125.3	83.9
45022022	-0.65	42.39	14.1	26.86	127.6	128.3	83.7
47023023	-0.65	41.48	14.7	26.92	130.6	131.4	83.6
49024024	-0.66	40.64	15.6	26.33	133.4	134.3	83.3
51025025	-0.66	39.81	16.3	26.18	136.4	137.4	83.2
53026026	-0.68	39.00	17.2	25.74	139.3	140.4	83.0
55027027	-0.69	38.26	18.2	25.29	142.1	143.2	82.7
57028028	-0.71	37.51	19.4	24.60	144.9	146.2	82.4
59029029	-0.73	36.83	20.6	23.91	147.6	149.0	82.0
61030030	-0.76	36.18	22.2	22.96	150.1	151.7	81.6
63031031	-0.78	35.54	23.7	22.22	152.7	154.5	81.2
65032032	-0.82	34.88	25.8	21.11	155.3	157.4	80.6
67033033	-0.87	34.20	28.1	20.02	157.9	160.4	79.9
69034034	-0.91	33.59	30.5	19.04	160.4	163.3	79.2
71035035	-0.96	32.91	33.2	18.12	163.1	166.5	78.5
73036036	-1.03	32.21	36.9	16.91	165.6	169.7	77.4
75037037	-1.08	31.52	40.0	16.16	168.4	173.1	76.6
77038038	-1.14	30.81	44.0	15.26	171.0	176.6	75.6
79039039	-1.21	30.11	48.3	14.39	173.4	180.0	74.4
81040040	-1.28	29.40	53.0	13.57	175.7	183.5	73.2
83041041	-1.36	28.65	58.3	12.81	178.0	187.3	71.9
85042042	-1.45	27.92	64.2	12.04	179.7	190.8	70.3
87043043	-1.51	27.20	69.5	11.53	181.7	194.6	69.1
89044044	-1.59	26.41	75.8	10.98	183.6	198.7	67.6
91045045	-1.66	25.49	83.1	10.49	186.0	203.7	65.9
93046046	-1.75	24.59	91.2	9.99	187.5	208.5	64.1
95047047	-1.84	23.68	99.9	9.49	188.3	213.2	62.0
97048048	-1.91	22.80	108.3	9.12	189.1	217.9	60.2
99049049	-1.98	21.82	117.6	8.82	190.2	223.7	58.3
101050050	-2.05	20.77	128.0	8.53	190.9	229.9	56.2
103051051	-2.12	19.59	140.2	8.25	191.1	237.0	53.7
105052052	-2.18	18.33	154.0	8.00	190.6	245.1	51.1
107053053	-2.26	17.11	168.0	7.73	187.9	252.1	48.2
109054054	-2.35	15.87	182.8	7.45	182.7	258.4	45.0
111055055	-2.42	14.57	198.1	7.21	176.3	265.2	41.7
113056056	-2.51	13.24	213.5	6.97	166.7	270.9	38.0
115057057	-2.60	11.80	229.4	6.74	154.6	276.6	34.0
117058058	-2.65	10.33	245.6	6.61	142.3	283.8	30.1
119059059	-2.70	8.79	261.2	6.48	126.3	290.1	25.8
121060060	-2.76	7.23	274.8	6.36	107.3	295.0	21.3
123061061	-2.80	5.67	285.8	6.25	85.9	298.4	16.7
125062062	-2.86	3.98	293.3	6.12	60.6	299.5	11.7
127063063	-2.92	2.30	295.9	6.00	34.7	298.0	6.7
129064064	-2.96	0.63	296.3	5.93	9.3	296.5	1.8
131065065	-2.99	-1.12	292.3	5.86	-16.3	292.8	-3.2
133066066	-3.03	-2.94	283.6	5.79	-40.9	286.6	-8.2
135067067	-3.04	-4.86	272.9	5.78	-64.8	280.5	-13.4
137068068	-3.04	-6.81	258.8	5.76	-85.7	272.6	-18.3
139069069	-3.05	-8.79	241.8	5.75	-102.9	262.8	-23.1
141070070	-3.04	-10.87	223.6	5.77	-118.0	252.9	-27.8
143071071	-3.04	-12.97	204.5	5.78	-128.6	241.6	-32.2
145072072	-3.03	-15.02	186.2	5.80	-135.7	230.4	-36.1
147073073	-3.00	-17.25	167.4	5.85	-141.0	218.9	-40.1
149074074	-2.97	-19.50	149.7	5.91	-143.4	207.3	-43.8
151075075	-2.94	-21.73	133.8	5.97	-143.7	196.4	-47.0
153076076	-2.90	-23.98	119.3	6.05	-142.7	186.0	-50.1
155077077	-2.86	-26.31	105.9	6.14	-140.1	175.6	-52.9
157078078	-2.80	-28.71	93.5	6.26	-137.0	165.9	-55.7
159079079	-2.77	-31.12	83.1	6.33	-132.4	156.3	-57.9
161080080	-2.73	-33.50	74.0	6.41	-127.8	147.7	-59.9
163081081	-2.69	-35.94	66.0	6.50	-122.9	139.5	-61.8
165082082	-2.65	-38.34	59.1	6.60	-118.1	132.0	-63.4
167083083	-2.62	-40.67	53.3	6.68	-113.4	125.3	-64.8
169084084	-2.58	-42.99	48.1	6.79	-109.0	119.1	-66.2
171085085	-2.52	-45.30	43.4	6.95	-104.9	113.5	-67.5
173086086	-2.43	-47.78	38.6	7.18	-100.7	107.9	-69.0
175087087	-2.38	-50.44	34.6	7.35	-96.2	102.2	-70.2
177088088	-2.31	-53.00	31.1	7.55	-92.0	97.1	-71.3
179089089	-2.26	-55.78	27.9	7.73	-87.6	92.0	-72.3
181090090	-2.21	-58.74	25.1	7.90	-83.2	86.9	-73.2
183091091	-2.17	-61.60	22.7	8.06	-79.2	82.3	-74.0
185092092	-2.12	-64.76	20.4	8.23	-74.9	77.7	-74.7
187093093	-2.08	-68.11	18.5	8.38	-70.7	73.1	-75.4
189094094	-2.01	-71.60	16.4	8.67	-66.7	68.7	-76.2
191095095	-1.96	-75.56	14.7	8.89	-62.4	64.1	-76.8
193096096	-1.95	-80.16	13.3	8.93	-57.7	59.2	-77.0
195097097	-1.99	-84.90	12.3	8.77	-53.1	54.5	-76.9
197098098	-2.04	-89.96	11.6	8.54	-48.7	50.0	-76.6
199099099	-2.08	-95.66	10.7	8.40	-44.1	45.4	-76.4
201100100	-2.14	-102.09	10.0	8.16	-39.4	40.7	-75.7
203101101	-2.23	-109.37	9.5	7.82	-34.6	35.8	-74.6
205102102	-2.38	-117.96	9.2	7.35	-29.3	30.7	-72.6
207103103	-2.60	-127.34	9.2	6.74	-24.1	25.8	-69.1
209104104	-2.88	-137.80	9.4	6.09	-18.7	20.9	-63.3
211105105	-3.22	-149.64	9.8	5.45	-13.1	16.4	-53.1
213106106	-3.72	-163.01	10.8	4.74	-7.1	12.9	-33.5
215107107	-4.38	-177.89	12.3	4.05	-0.9	12.4	-4.0
217108108	-5.17	165.67	14.7	3.46	5.8	15.8	21.4
219109109	-5.96	147.70	17.7	3.03	12.8	21.9	35.8
221110110	-6.53	128.80	21.5	2.78	20.3	29.5	43.4
223111111	-6.79	109.86	26.0	2.69	28.3	38.4	47.4
225112112	-6.67	92.63	31.2	2.73	36.8	48.3	49.7
227113113	-6.21	77.97	36.7	2.92	46.2	59.0	51.5
229114114	-5.58	65.39	43.1	3.22	57.0	71.5	52.9
231115115	-4.93	54.24	51.5	3.62	69.9	86.8	53.6
233116116	-4.34	44.66	62.6	4.09	84.4	105.1	53.5
235117117	-3.80	36.29	77.5	4.65	101.6	127.8	52.7
237118118	-3.35	28.86	99.1	5.25	120.9	156.3	50.7
239119119	-3.02	22.02	132.4	5.81	139.8	192.6	46.6
241120120	-2.77	15.91	181.0	6.33	153.2	237.2	40.2
243121121	-2.60	10.37	247.3	6.74	146.8	287.6	30.7
245122122	-2.44	5.42	322.0	7.16	106.8	339.3	18.3
247123123	-2.31	0.76	376.7	7.55	18.6	377.1	2.8
249124124	-2.24	-3.56	368.6	7.80	-87.6	378.8	-13.4
251125125	-2.20	-7.67	310.4	7.93	-161.6	350.0	-27.5
253126126	-2.15	-11.37	248.2	8.14	-195.9	316.2	-38.3
255127127	-2.10	-14.94	193.2	8.31	-204.1	281.0	-46.6
257128128	-2.08	-18.39	151.4	8.39	-197.4	248.8	-52.5
259129129	-2.06	-21.54	122.0	8.48	-187.2	223.4	-56.9
261130130	-2.00	-24.56	99.3	8.71	-177.3	203.2	-60.7
263131131	-1.96	-27.58	81.8	8.90	-166.3	185.3	-63.8
265132132	-1.90	-30.51	68.0	9.16	-156.1	170.3	-66.5
267133133	-1.85	-33.40	57.0	9.45	-146.6	157.3	-68.8
269134134	-1.81	-36.32	48.6	9.63	-137.1	145.4	-70.5
271135135	-1.76	-39.00	41.9	9.92	-129.3	135.9	-72.1
273136136	-1.71	-41.70	36.3	10.20	-121.9	127.2	-73.4
275137137	-1.66	-44.33	31.7	10.51	-115.3	119.6	-74.6
277138138	-1.60	-46.93	27.7	10.88	-109.3	112.8	-75.8
279139139	-1.56	-49.48	24.6	11.20	-103.8	106.6	-76.7
281140140	-1.51	-51.97	21.9	11.52	-98.7	101.1	-77.5
283141141	-1.46	-54.28	19.6	11.95	-94.3	96.3	-78.3
285142142	-1.40	-56.64	17.4	12.46	-90.2	91.9	-79.1
287143143	-1.35	-58.85	15.8	12.90	-86.5	87.9	-79.7
289144144	-1.30	-61.03	14.2	13.44	-83.0	84.2	-80.3
291145145	-1.24	-63.18	12.9	13.98	-79.8	80.8	-80.8
293146146	-1.19	-65.28	11.6	14.61	-76.8	77.7	-81.4
295147147	-1.15	-67.37	10.7	15.11	-74.0	74.7	-81.8
297148148	-1.11	-69.37	9.8	15.69	-71.4	72.0	-82.2
299149149	-1.08	-71.33	9.0	16.18	-68.9	69.5	-82.5
301150150	-1.03	-73.19	8.3	16.94	-66.7	67.2	-82.9
303151151	-1.00	-74.88	7.8	17.34	-64.7	65.2	-83.2
305152152	-0.96	-76.77	7.2	18.04	-62.6	63.0	-83.5
307153153	-0.94	-78.59	6.7	18.53	-60.7	61.0	-83.7
309154154	-0.92	-80.34	6.4	18.82	-58.8	59.2	-83.8
311155155	-0.92	-82.05	6.1	18.85	-57.1	57.4	-83.9
313156156	-0.92	-83.83	5.9	18.92	-55.3	55.7	-83.9
315157157	-0.95	-85.41	5.9	18.37	-53.8	54.1	-83.7
317158158	-0.97	-86.85	5.9	17.96	-52.5	52.8	-83.6
319159159	-0.99	-88.15	5.9	17.56	-51.3	51.6	-83.5
321160160	-0.97	-89.34	5.6	17.88	-50.3	50.6	-83.6
323161161	-0.92	-90.49	5.2	18.85	-49.3	49.6	-83.9
325162162	-0.89	-91.89	4.9	19.65	-48.1	48.4	-84.2
327163163	-0.85	-93.39	4.6	20.46	-46.9	47.1	-84.4
329164164	-0.83	-94.89	4.4	20.95	-45.7	45.9	-84.5
331165165	-0.80	-96.45	4.1	21.72	-44.5	44.7	-84.7
333166166	-0.78	-98.02	4.0	22.18	-43.3	43.5	-84.8
335167167	-0.79	-99.59	3.9	22.13	-42.1	42.3	-84.8
337168168	-0.79	-101.10	3.8	21.87	-41.0	41.2	-84.7
339169169	-0.80	-102.70	3.8	21.74	-39.8	40.0	-84.6
341170170	-0.81	-104.29	3.7	21.45	-38.7	38.9	-84.5
343171171	-0.82	-105.91	3.7	21.22	-37.6	37.8	-84.4
345172172	-0.83	-107.41	3.7	20.97	-36.6	36.8	-84.3
347173173	-0.84	-108.93	3.6	20.68	-35.6	35.8	-84.1
349174174	-0.85	-110.48	3.6	20.44	-34.6	34.8	-84.0
351175175	-0.86	-112.09	3.6	20.13	-33.5	33.7	-83.9
353176176	-0.88	-113.66	3.6	19.79	-32.6	32.8	-83.7
355177177	-0.89	-115.15	3.6	19.46	-31.6	31.8	-83.5
357178178	-0.91	-116.62	3.6	19.20	-30.8	31.0	-83.3
359179179	-0.92	-118.22	3.6	18.92	-29.8	30.0	-83.1
361180180	-0.94	-119.81	3.6	18.55	-28.9	29.1	-82.9
363181181	-0.94	-121.40	3.6	18.41	-27.9	28.2	-82.7
365182182	-0.95	-122.90	3.6	18.22	-27.1	27.3	-82.5
367183183	-0.97	-124.53	3.6	17.88	-26.2	26.4	-82.2
369184184	-0.97	-126.02	3.5	17.85	-25.4	25.6	-82.1
371185185	-0.97	-127.54	3.5	17.87	-24.5	24.8	-81.9
373186186	-0.99	-129.03	3.5	17.62	-23.7	24.0	-81.7
375187187	-0.98	-130.57	3.4	17.77	-22.9	23.2	-81.5
377188188	-0.99	-132.06	3.4	17.63	-22.1	22.4	-81.3
379189189	-0.98	-133.50	3.4	17.67	-21.4	21.7	-81.1
381190190	-0.98	-134.94	3.3	17.81	-20.7	20.9	-81.0
383191191	-0.98	-136.39	3.3	17.75	-19.9	20.2	-80.7
385192192	-0.97	-137.82	3.2	17.87	-19.2	19.5	-80.5
387193193	-0.97	-139.24	3.2	18.00	-18.5	18.8	-80.3
389194194	-0.96	-140.61	3.1	18.15	-17.8	18.1	-80.1
391195195	-0.95	-141.94	3.1	18.25	-17.2	17.5	-79.9
393196196	-0.95	-143.24	3.0	18.32	-16.6	16.8	-79.6
395197197	-0.94	-144.52	3.0	18.54	-15.9	16.2	-79.4
397198198	-0.93	-145.87	2.9	18.63	-15.3	15.6	-79.1
399199199	-0.92	-147.07	2.9	18.89	-14.7	15.0	-79.0
401200200	-0.91	-148.25	2.8	19.02	-14.2	14.5	-78.7
403201201	-0.90	-149.50	2.8	19.42	-13.6	13.9	-78.5
405202202	-0.89	-150.67	2.7	19.49	-13.0	13.3	-78.1
407203203	-0.89	-151.86	2.7	19.60	-12.5	12.8	-77.8
409204204	-0.87	-152.96	2.6	19.99	-12.0	12.3	-77.6
411205205	-0.87	-154.06	2.6	19.99	-11.5	11.8	-77.1
413206206	-0.87	-155.16	2.6	20.05	-11.0	11.3	-76.6
415207207	-0.87	-156.24	2.6	20.10	-10.5	10.8	-76.1
417208208	-0.87	-157.23	2.6	20.09	-10.0	10.4	-75.5
419209209	-0.87	-158.25	2.6	20.03	-9.6	9.9	-74.9
421210210	-0.88	-159.24	2.6	19.82	-9.1	9.5	-74.1
423211211	-0.88	-160.22	2.6	19.76	-8.7	9.1	-73.3
425212212	-0.88	-161.19	2.6	19.77	-8.3	8.7	-72.5
427213213	-0.90	-162.15	2.7	19.30	-7.8	8.3	-71.3
429214214	-0.91	-163.09	2.7	19.15	-7.4	7.9	-70.2
431215215	-0.92	-164.07	2.7	18.84	-7.0	7.5	-68.8
433216216	-0.94	-164.97	2.8	18.47	-6.6	7.1	-67.3
435217217	-0.96	-165.90	2.8	18.17	-6.2	6.8	-65.6
437218218	-0.99	-166.75	2.9	17.65	-5.8	6.5	-63.6
439219219	-1.00	-167.69	2.9	17.36	-5.4	6.1	-61.5
441220220	-1.03	-168.57	3.0	16.97	-5.0	5.8	-59.2
443221221	-1.05	-169.53	3.0	16.57	-4.6	5.5	-56.3
445222222	-1.07	-170.38	3.1	16.25	-4.2	5.2	-53.5
447223223	-1.11	-171.28	3.2	15.73	-3.8	5.0	-49.9
449224224	-1.14	-172.19	3.3	15.32	-3.4	4.7	-46.0
451225225	-1.16	-173.11	3.3	15.03	-3.0	4.5	-41.9
453226226	-1.20	-174.04	3.4	14.53	-2.6	4.3	-36.9
455227227	-1.22	-174.95	3.5	14.23	-2.2	4.1	-31.9
457228228	-1.26	-175.90	3.6	13.82	-1.8	4.0	-26.2
459229229	-1.28	-176.86	3.7	13.59	-1.4	3.9	-20.3
461230230	-1.32	-177.79	3.8	13.19	-1.0	3.9	-14.2
463231231	-1.35	-178.75	3.9	12.86	-0.5	3.9	-7.9
465232232	-1.38	-179.78	4.0	12.65	-0.1	4.0	-1.4
467233233	-1.41	179.24	4.0	12.35	0.3	4.1	4.7
469234234	-1.43	178.28	4.1	12.17	0.7	4.2	10.3
471235235	-1.46	177.22	4.2	11.91	1.2	4.4	16.0
473236236	-1.49	176.25	4.3	11.70	1.6	4.6	20.8
475237237	-1.51	175.17	4.3	11.56	2.1	4.8	25.8
477238238	-1.53	174.16	4.4	11.38	2.5	5.1	29.9
479239239	-1.55	173.15	4.5	11.24	3.0	5.4	33.6
481240240	-1.57	172.08	4.5	11.12	3.4	5.7	37.2
483241241	-1.58	171.03	4.6	11.02	3.9	6.0	40.5
485242242	-1.60	169.93	4.6	10.90	4.4	6.4	43.4
487243243	-1.61	168.89	4.7	10.83	4.8	6.7	46.0
489244244	-1.62	167.88	4.7	10.74	5.3	7.1	48.2
491245245	-1.63	166.82	4.7	10.70	5.7	7.4	50.4
493246246	-1.64	165.72	4.8	10.65	6.2	7.8	52.5
495247247	-1.64	164.71	4.8	10.60	6.7	8.2	54.2
497248248	-1.65	163.68	4.8	10.56	7.1	8.6	55.8
499249249	-1.65	162.52	4.8	10.58	7.6	9.0	57.6
501250250	-1.63	161.45	4.8	10.66	8.1	9.4	59.2
503251251	-1.64	160.35	4.8	10.63	8.6	9.9	60.6
505252252	-1.63	159.33	4.8	10.68	9.0	10.2	61.8
507253253	-1.63	158.27	4.8	10.72	9.5	10.7	63.1
509254254	-1.62	157.23	4.8	10.74	10.0	11.1	64.1
511255255	-1.62	156.14	4.9	10.75	10.5	11.5	65.1
513256256	-1.60	154.99	4.8	10.86	11.0	12.0	66.3
515257257	-1.60	153.96	4.8	10.90	11.5	12.4	67.1
517258258	-1.58	152.90	4.8	11.01	11.9	12.9	68.1
519259259	-1.58	151.89	4.8	11.00	12.4	13.3	68.7
521260260	-1.58	150.81	4.9	11.00	12.9	13.8	69.4
523261261	-1.57	149.68	4.8	11.09	13.4	14.3	70.2
525262262	-1.56	148.58	4.8	11.17	13.9	14.8	70.9
527263263	-1.56	147.55	4.9	11.15	14.4	15.2	71.4
529264264	-1.56	146.43	4.9	11.15	14.9	15.7	71.9
531265265	-1.55	145.24	4.9	11.22	15.5	16.3	72.5
533266266	-1.55	144.11	4.9	11.22	16.1	16.8	73.0
535267267	-1.56	143.09	5.0	11.19	16.5	17.3	73.3
537268268	-1.55	141.93	5.0	11.23	17.1	17.8	73.8
539269269	-1.54	140.81	5.0	11.28	17.6	18.3	74.2
541270270	-1.56	139.67	5.1	11.19	18.2	18.9	74.4
543271271	-1.55	138.61	5.1	11.26	18.7	19.4	74.8
545272272	-1.56	137.39	5.1	11.20	19.3	20.0	75.1
547273273	-1.56	136.25	5.2	11.16	19.9	20.6	75.4
549274274	-1.58	134.97	5.3	11.02	20.5	21.2	75.5
551275275	-1.59	133.80	5.4	10.94	21.1	21.8	75.7
553276276	-1.61	132.49	5.5	10.79	21.8	22.5	75.8
555277277	-1.63	131.26	5.6	10.71	22.4	23.1	75.9
557278278	-1.65	130.03	5.7	10.57	23.0	23.8	76.0
559279279	-1.67	128.75	5.9	10.42	23.7	24.4	76.1
561280280	-1.69	127.37	6.0	10.29	24.4	25.2	76.1
563281281	-1.72	126.08	6.2	10.11	25.1	25.9	76.1
565282282	-1.75	124.81	6.4	9.98	25.8	26.6	76.1
567283283	-1.79	123.52	6.6	9.72	26.5	27.3	76.0
569284284	-1.86	122.20	6.9	9.39	27.2	28.1	75.7
571285285	-1.91	120.73	7.2	9.11	28.0	28.9	75.5
573286286	-1.96	119.48	7.5	8.92	28.7	29.6	75.4
575287287	-2.01	118.16	7.8	8.69	29.4	30.4	75.2
577288288	-2.08	116.87	8.2	8.39	30.1	31.2	74.8
579289289	-2.13	115.51	8.5	8.19	30.9	32.0	74.6
581290290	-2.20	114.26	8.9	7.92	31.6	32.8	74.3
583291291	-2.26	112.98	9.2	7.73	32.3	33.6	74.1
585292292	-2.33	111.85	9.6	7.50	33.0	34.3	73.7
587293293	-2.40	110.63	10.1	7.28	33.6	35.1	73.3
589294294	-2.46	109.40	10.5	7.11	34.4	35.9	73.1
591295295	-2.52	108.07	10.9	6.94	35.1	36.8	72.8
593296296	-2.59	106.92	11.3	6.75	35.8	37.6	72.4
595297297	-2.65	106.04	11.7	6.62	36.3	38.2	72.2
597298298	-2.71	105.08	12.1	6.46	36.9	38.8	71.8
599299299	-2.76	104.33	12.5	6.34	37.3	39.3	71.5
601300300	-2.81	103.39	12.8	6.24	37.9	40.0	71.3
603301301	-2.83	102.53	13.0	6.20	38.4	40.6	71.3
605302302	-2.85	101.71	13.3	6.16	38.9	41.1	71.2
607303303	-2.84	101.14	13.3	6.18	39.3	41.5	71.3
609304304	-2.81	100.48	13.3	6.23	39.8	42.0	71.5
611305305	-2.77	99.74	13.3	6.31	40.4	42.5	71.8
613306306	-2.72	98.84	13.2	6.44	41.1	43.1	72.1
615307307	-2.67	97.95	13.2	6.56	41.8	43.8	72.5
617308308	-2.59	96.90	13.0	6.75	42.6	44.5	73.0
619309309	-2.54	95.92	12.9	6.90	43.4	45.3	73.4
621310310	-2.47	94.81	12.8	7.08	44.3	46.1	73.9
623311311	-2.41	93.76	12.7	7.27	45.2	46.9	74.3
625312312	-2.35	92.72	12.7	7.42	46.1	47.8	74.6
627313313	-2.27	91.50	12.5	7.68	47.1	48.8	75.2
629314314	-2.21	90.35	12.4	7.91	48.1	49.7	75.6
631315315	-2.14	89.11	12.3	8.15	49.3	50.8	76.0
633316316	-2.09	88.04	12.2	8.37	50.2	51.7	76.4
635317317	-2.02	86.89	12.1	8.64	51.3	52.7	76.8
637318318	-1.97	85.71	12.0	8.86	52.4	53.8	77.1
639319319	-1.90	84.38	11.9	9.17	53.7	55.0	77.5
641320320	-1.85	83.10	11.9	9.44	55.0	56.3	77.8
643321321	-1.81	82.00	11.9	9.64	56.1	57.3	78.0
645322322	-1.77	80.82	11.9	9.86	57.3	58.5	78.3
647323323	-1.73	79.57	12.0	10.06	58.6	59.8	78.5
649324324	-1.69	78.44	11.9	10.34	59.8	61.0	78.7
651325325	-1.65	77.28	12.0	10.54	61.1	62.3	78.9
653326326	-1.64	76.06	12.2	10.66	62.5	63.6	79.0
655327327	-1.61	74.91	12.3	10.81	63.8	65.0	79.1
657328328	-1.58	73.70	12.5	10.99	65.2	66.4	79.2
659329329	-1.57	72.48	12.7	11.07	66.7	67.9	79.2
661330330	-1.55	70.94	13.0	11.22	68.5	69.8	79.2
663331331	-1.54	69.61	13.4	11.27	70.2	71.5	79.2
665332332	-1.54	68.40	13.8	11.29	71.8	73.1	79.1
667333333	-1.54	67.16	14.2	11.28	73.4	74.8	79.0
669334334	-1.54	65.87	14.7	11.31	75.2	76.6	78.9
671335335	-1.56	64.56	15.4	11.19	77.0	78.5	78.7
673336336	-1.53	63.24	15.7	11.38	79.0	80.5	78.8
675337337	-1.56	61.95	16.5	11.20	80.8	82.5	78.5
677338338	-1.58	60.61	17.4	11.02	82.8	84.7	78.1
679339339	-1.59	59.16	18.3	10.93	85.1	87.1	77.9
681340340	-1.62	58.12	19.2	10.75	86.8	88.9	77.5
683341341	-1.64	56.70	20.3	10.60	89.1	91.4	77.2
685342342	-1.67	55.14	21.6	10.45	91.8	94.3	76.8
687343343	-1.71	53.73	23.1	10.21	94.2	97.0	76.2
689344344	-1.74	52.34	24.6	10.03	96.7	99.8	75.7
691345345	-1.77	50.68	26.6	9.83	99.9	103.3	75.1
693346346	-1.79	49.13	28.3	9.72	103.0	106.8	74.6
695347347	-1.87	47.35	31.3	9.34	106.4	110.9	73.6
697348348	-1.90	45.57	34.0	9.20	110.3	115.4	72.9
699349349	-1.94	43.94	37.0	8.98	113.7	119.6	72.0
701350350	-2.00	42.18	40.6	8.74	117.6	124.4	71.0
703351351	-2.04	40.35	44.5	8.58	122.0	129.8	69.9
705352352	-2.08	38.56	49.0	8.39	126.2	135.4	68.8
707353353	-2.12	36.69	54.1	8.23	131.0	141.7	67.6
709354354	-2.19	34.83	60.3	7.99	135.3	148.2	66.0
711355355	-2.23	32.61	68.0	7.83	141.2	156.8	64.3
713356356	-2.28	30.56	76.5	7.66	146.5	165.3	62.4
715357357	-2.32	28.58	85.6	7.55	151.8	174.3	60.6
717358358	-2.37	26.67	96.0	7.39	156.1	183.3	58.4
719359359	-2.43	24.54	109.1	7.21	160.3	193.9	55.7
721360360	-2.48	22.44	124.0	7.04	163.3	205.0	52.8
723361361	-2.52	20.42	139.8	6.93	165.5	216.7	49.8
725362362	-2.57	18.25	159.1	6.81	165.9	229.8	46.2
727363363	-2.62	16.13	179.7	6.67	162.8	242.4	42.2
729364364	-2.67	14.10	200.8	6.56	156.7	254.7	38.0
731365365	-2.70	12.00	223.9	6.49	147.5	268.2	33.4
733366366	-2.75	10.08	244.0	6.37	132.8	277.8	28.6
735367367	-2.77	8.15	264.2	6.32	115.5	288.3	23.6
737368368	-2.79	6.04	284.1	6.29	91.6	298.5	17.9
739369369	-2.81	3.94	298.4	6.24	62.3	304.9	11.8
741370370	-2.84	2.00	305.5	6.18	32.1	307.2	6.0
743371371	-2.85	0.06	307.4	6.15	0.9	307.4	0.2
745372372	-2.86	-1.97	303.7	6.14	-31.2	305.3	-5.9
747373373	-2.86	-4.03	293.5	6.14	-61.6	299.9	-11.9
749374374	-2.87	-6.12	277.1	6.12	-87.9	290.7	-17.6
751375375	-2.88	-8.08	258.2	6.09	-107.6	279.7	-22.6
753376376	-2.87	-10.13	237.8	6.10	-124.2	268.3	-27.6
755377377	-2.89	-12.07	217.3	6.07	-134.1	255.4	-31.7
757378378	-2.89	-14.22	195.8	6.06	-141.7	241.8	-35.9
759379379	-2.90	-16.19	177.3	6.05	-145.4	229.3	-39.4
761380380	-2.93	-18.03	161.4	5.99	-145.3	217.2	-42.0
763381381	-2.96	-19.74	148.0	5.93	-144.0	206.4	-44.2
765382382	-2.98	-21.55	135.2	5.89	-142.1	196.1	-46.4
767383383	-3.01	-23.80	121.3	5.83	-138.5	184.2	-48.8
769384384	-3.05	-25.98	109.7	5.76	-134.2	173.4	-50.8
771385385	-3.08	-27.70	101.7	5.69	-130.4	165.3	-52.1
773386386	-3.11	-29.37	94.6	5.64	-126.7	158.2	-53.2
775387387	-3.18	-31.50	87.0	5.52	-121.4	149.4	-54.4
777388388	-3.26	-33.52	80.8	5.40	-116.3	141.6	-55.2
779389389	-3.37	-35.57	75.7	5.22	-110.7	134.1	-55.7
781390390	-3.52	-37.49	71.8	5.01	-105.1	127.3	-55.6
783391391	-3.68	-39.25	68.9	4.80	-99.9	121.4	-55.4
785392392	-3.79	-40.82	66.2	4.65	-96.1	116.7	-55.4
787393393	-3.93	-42.47	63.9	4.50	-92.1	112.1	-55.3
789394394	-4.12	-43.84	62.6	4.29	-88.0	108.0	-54.6
791395395	-4.30	-45.07	61.6	4.12	-84.5	104.5	-53.9
793396396	-4.40	-46.15	60.3	4.03	-82.2	102.0	-53.7
795397397	-4.46	-47.76	58.0	3.98	-80.0	98.8	-54.1
797398398	-4.56	-48.25	57.8	3.90	-78.5	97.5	-53.6
799399399	-4.63	-48.23	58.3	3.84	-77.8	97.2	-53.2
801400400	-4.60	-48.35	57.9	3.86	-78.0	97.1	-53.4
803401401	-4.53	-48.45	57.3	3.92	-78.7	97.3	-53.9
805402402	-4.34	-48.79	55.6	4.08	-80.2	97.6	-55.3
807403403	-4.06	-49.53	52.4	4.36	-82.3	97.6	-57.5
809404404	-3.78	-51.10	47.9	4.67	-83.1	96.0	-60.0
811405405	-3.48	-53.23	42.6	5.07	-83.0	93.3	-62.8
813406406	-3.25	-55.90	37.6	5.40	-81.1	89.4	-65.2
815407407	-3.05	-58.85	32.9	5.75	-78.5	85.1	-67.3
817408408	-2.91	-62.02	29.1	6.02	-75.1	80.6	-68.9
819409409	-2.81	-65.32	25.9	6.23	-71.5	76.1	-70.1
821410410	-2.76	-68.63	23.5	6.35	-67.8	71.8	-70.9
823411411	-2.72	-72.01	21.5	6.44	-64.2	67.7	-71.5
825412412	-2.70	-75.22	19.9	6.49	-60.9	64.1	-71.9
827413413	-2.69	-78.26	18.6	6.51	-57.9	60.9	-72.2
829414414	-2.68	-81.33	17.5	6.53	-55.1	57.8	-72.4
831415415	-2.69	-84.36	16.5	6.52	-52.4	54.9	-72.5
833416416	-2.71	-87.16	15.9	6.45	-50.0	52.4	-72.4
835417417	-2.73	-90.12	15.2	6.42	-47.5	49.9	-72.3
837418418	-2.73	-92.94	14.5	6.41	-45.3	47.6	-72.2
839419419	-2.76	-95.55	14.1	6.36	-43.4	45.6	-72.0
841420420	-2.74	-98.42	13.4	6.39	-41.3	43.5	-72.0
843421421	-2.75	-100.96	13.0	6.37	-39.6	41.6	-71.8
845422422	-2.77	-103.39	12.6	6.33	-37.9	40.0	-71.6
847423423	-2.79	-105.81	12.3	6.28	-36.3	38.4	-71.2
849424424	-2.80	-108.13	12.0	6.25	-34.8	36.9	-70.9
851425425	-2.79	-110.48	11.7	6.27	-33.4	35.4	-70.7
853426426	-2.83	-112.72	11.5	6.20	-32.0	34.0	-70.3
855427427	-2.83	-114.92	11.3	6.19	-30.7	32.7	-69.9
857428428	-2.87	-117.11	11.1	6.12	-29.5	31.5	-69.3
859429429	-2.90	-119.26	11.0	6.05	-28.2	30.3	-68.7
861430430	-2.91	-121.42	10.8	6.02	-27.0	29.1	-68.2
863431431	-2.93	-123.48	10.7	5.98	-25.9	28.0	-67.6
865432432	-2.94	-125.44	10.5	5.97	-24.9	27.0	-67.1
867433433	-2.96	-127.50	10.4	5.93	-23.8	26.0	-66.4
869434434	-3.00	-129.41	10.4	5.85	-22.8	25.0	-65.5
871435435	-3.03	-131.45	10.3	5.79	-21.7	24.1	-64.6
873436436	-3.05	-133.36	10.2	5.76	-20.8	23.2	-63.8
875437437	-3.10	-135.24	10.3	5.67	-19.8	22.3	-62.7
877438438	-3.12	-137.09	10.2	5.64	-18.9	21.5	-61.7
879439439	-3.14	-139.03	10.1	5.59	-18.0	20.7	-60.6
881440440	-3.18	-140.73	10.2	5.53	-17.2	20.0	-59.4
883441441	-3.20	-142.57	10.1	5.50	-16.3	19.2	-58.2
885442442	-3.22	-144.34	10.1	5.46	-15.5	18.5	-57.0
887443443	-3.22	-146.14	10.0	5.46	-14.7	17.7	-55.8
889444444	-3.23	-147.99	9.9	5.44	-13.8	17.0	-54.3
891445445	-3.24	-149.84	9.9	5.42	-13.0	16.3	-52.8
893446446	-3.25	-151.55	9.8	5.41	-12.2	15.7	-51.2
895447447	-3.25	-153.45	9.8	5.40	-11.4	15.0	-49.4
897448448	-3.24	-155.13	9.6	5.42	-10.6	14.4	-47.8
899449449	-3.25	-156.90	9.6	5.41	-9.9	13.8	-45.7
901450450	-3.23	-158.72	9.5	5.44	-9.1	13.1	-43.7
903451451	-3.21	-160.53	9.4	5.47	-8.3	12.5	-41.4
905452452	-3.21	-162.33	9.3	5.47	-7.5	12.0	-38.8
907453453	-3.18	-164.01	9.2	5.53	-6.8	11.4	-36.4
909454454	-3.14	-165.67	9.1	5.59	-6.1	10.9	-33.8
911455455	-3.11	-167.50	9.0	5.64	-5.3	10.4	-30.6
913456456	-3.05	-169.13	8.8	5.76	-4.6	9.9	-27.8
915457457	-3.03	-170.76	8.7	5.79	-3.9	9.5	-24.3
917458458	-3.00	-172.38	8.6	5.85	-3.2	9.2	-20.6
919459459	-2.96	-173.88	8.5	5.93	-2.6	8.8	-17.1
921460460	-2.90	-175.49	8.3	6.05	-1.9	8.5	-13.0
923461461	-2.85	-177.00	8.1	6.15	-1.3	8.2	-8.9
925462462	-2.80	-178.48	8.0	6.27	-0.6	8.0	-4.6
927463463	-2.74	-179.93	7.8	6.39	-0.0	7.8	-0.2
929464464	-2.68	178.64	7.7	6.53	0.6	7.7	4.3
931465465	-2.63	177.26	7.5	6.66	1.2	7.6	8.8
933466466	-2.57	175.91	7.4	6.80	1.7	7.6	13.3
935467467	-2.52	174.61	7.2	6.94	2.3	7.6	17.7
937468468	-2.45	173.32	7.0	7.13	2.9	7.6	22.1
939469469	-2.39	172.14	6.9	7.31	3.4	7.7	26.1
941470470	-2.34	170.87	6.7	7.46	3.9	7.8	30.2
943471471	-2.29	169.74	6.6	7.62	4.4	8.0	33.7
945472472	-2.24	168.54	6.5	7.80	4.9	8.1	37.3
947473473	-2.17	167.34	6.3	8.03	5.5	8.3	40.9
949474474	-2.12	166.06	6.2	8.24	6.0	8.6	44.4
951475475	-2.05	164.94	6.0	8.50	6.5	8.8	47.4
953476476	-2.00	163.75	5.9	8.70	7.0	9.2	50.2
955477477	-1.95	162.64	5.7	8.95	7.5	9.5	52.8
957478478	-1.89	161.46	5.6	9.24	8.1	9.8	55.4
959479479	-1.83	160.38	5.4	9.50	8.5	10.1	57.6
961480480	-1.79	159.19	5.3	9.74	9.1	10.5	59.7
963481481	-1.73	158.02	5.1	10.07	9.6	10.9	61.8
965482482	-1.70	156.93	5.1	10.27	10.1	11.3	63.4
967483483	-1.64	155.69	4.9	10.60	10.7	11.8	65.2
969484484	-1.59	154.47	4.8	10.94	11.2	12.2	66.8
971485485	-1.54	153.28	4.7	11.29	11.8	12.7	68.4
973486486	-1.49	152.12	4.5	11.69	12.3	13.1	69.8
975487487	-1.43	150.86	4.4	12.13	12.9	13.6	71.2
977488488	-1.39	149.64	4.3	12.50	13.5	14.1	72.3
979489489	-1.35	148.38	4.2	12.94	14.1	14.7	73.5
981490490	-1.30	146.95	4.1	13.40	14.7	15.3	74.6
983491491	-1.26	145.65	3.9	13.86	15.4	15.9	75.6
985492492	-1.21	144.46	3.8	14.39	15.9	16.4	76.5
987493493	-1.16	142.96	3.7	14.96	16.7	17.1	77.4
989494494	-1.11	141.70	3.6	15.64	17.3	17.7	78.3
991495495	-1.07	140.25	3.5	16.27	18.0	18.3	79.1
993496496	-1.00	138.79	3.3	17.32	18.7	19.0	80.0
995497497	-0.97	137.35	3.2	18.00	19.5	19.7	80.7
997498498	-0.92	135.93	3.1	18.92	20.2	20.4	81.3
999499499	-0.87	134.47	2.9	19.93	20.9	21.1	82.0
1001500500	-0.80	132.95	2.7	21.72	21.7	21.9	82.8
1003501501	-0.76	131.30	2.6	22.83	22.6	22.7	83.3
1005502502	-0.71	129.77	2.5	24.47	23.4	23.5	83.9
1007503503	-0.66	128.36	2.3	26.37	24.1	24.3	84.5
1009504504	-0.59	126.73	2.1	29.60	25.0	25.1	85.2
1011505505	-0.53	125.12	1.9	32.96	25.9	26.0	85.8
1013506506	-0.45	123.35	1.7	38.30	26.9	27.0	86.4
1015507507	-0.41	121.95	1.5	42.61	27.7	27.8	86.8
1017508508	-0.35	120.21	1.3	49.62	28.7	28.8	87.3
1019509509	-0.31	118.50	1.2	56.68	29.7	29.8	87.7
1021510510	-0.24	116.82	1.0	70.97	30.7	30.8	88.2
1023511511	-0.22	115.15	0.9	79.45	31.8	31.8	88.4
1025512512	-0.15	113.29	0.6	112.35	32.9	32.9	88.9
1027513513	-0.12	111.55	0.5	142.76	34.0	34.0	89.1
1029514514	-0.10	109.52	0.4	170.61	35.3	35.3	89.3
1031515515	-0.06	107.71	0.3	270.58	36.5	36.5	89.6
1033516516	-0.05	105.57	0.2	334.25	38.0	38.0	89.6
1035517517	-0.06	103.69	0.3	282.97	39.3	39.3	89.6
1037518518	-0.07	101.68	0.3	260.56	40.7	40.7	89.6
1039519519	-0.09	99.46	0.4	198.57	42.4	42.4	89.4
1041520520	-0.13	97.13	0.7	136.69	44.1	44.1	89.2
1043521521	-0.18	95.05	1.0	95.03	45.8	45.8	88.8
1045522522	-1.30	155.98	3.9	13.43	10.6	11.3	69.8
1047523523	-0.02	139.76	0.1	850.79	18.3	18.3	89.8
1049524524	-0.92	86.81	5.6	18.90	52.6	52.9	83.9
1051525525	-1.59	79.46	11.0	10.98	59.0	60.0	79.4
1053526526	-1.71	76.98	12.5	10.16	61.3	62.6	78.5
1055527527	-1.83	74.32	14.1	9.55	64.0	65.6	77.6
1057528528	-1.94	71.74	15.8	9.01	66.7	68.6	76.7
1059529529	-2.08	68.84	18.1	8.38	69.8	72.1	75.5
1061530530	-2.23	66.26	20.6	7.84	72.6	75.5	74.2
1063531531	-2.41	63.15	23.9	7.26	76.0	79.7	72.5
1065532532	-2.65	60.23	28.1	6.62	78.9	83.7	70.4
1067533533	-2.83	57.59	32.0	6.19	81.5	87.6	68.5
1069534534	-3.06	54.80	37.0	5.74	84.0	91.8	66.3
1071535535	-3.32	51.99	42.7	5.30	86.0	96.0	63.6
1073536536	-3.56	49.14	48.9	4.95	87.8	100.5	60.9
1075537537	-3.82	46.46	55.5	4.62	88.5	104.5	57.9
1077538538	-4.12	43.45	63.3	4.30	88.5	108.8	54.4
1079539539	-4.45	40.49	71.6	3.99	87.0	112.6	50.5
1081540540	-4.78	38.02	78.7	3.73	83.9	115.0	46.8
1083541541	-5.15	35.22	86.3	3.47	79.2	117.1	42.5
1085542542	-5.55	32.45	93.0	3.23	73.0	118.2	38.1
1087543543	-6.01	29.65	98.5	3.01	65.1	118.1	33.5
1089544544	-6.52	26.70	102.4	2.79	55.9	116.7	28.6
1091545545	-7.00	24.05	104.3	2.62	47.5	114.6	24.5
1093546546	-7.52	21.23	104.8	2.45	38.8	111.8	20.3
1095547547	-8.11	18.14	103.8	2.30	30.1	108.1	16.2
1097548548	-8.69	15.01	101.8	2.16	22.4	104.2	12.4
1099549549	-9.27	11.41	99.3	2.05	15.3	100.5	8.8
1101550550	-9.96	8.13	95.2	1.93	9.5	95.7	5.7
1103551551	-10.47	5.28	92.3	1.85	5.6	92.4	3.5
1105552552	-11.15	1.90	88.3	1.77	1.8	88.3	1.1
1107553553	-11.79	-2.00	84.6	1.69	-1.6	84.6	-1.1
1109554554	-12.44	-5.85	81.0	1.63	-4.2	81.1	-3.0
1111555555	-13.19	-9.89	77.2	1.56	-6.1	77.5	-4.5
1113556556	-14.10	-14.80	73.1	1.49	-7.7	73.5	-6.0
1115557557	-14.90	-20.46	69.6	1.44	-9.0	70.2	-7.4
1117558558	-15.57	-25.23	66.9	1.40	-9.8	67.6	-8.3
1119559559	-16.14	-31.35	64.4	1.37	-10.7	65.2	-9.4
1121560560	-17.03	-38.82	61.2	1.33	-11.0	62.2	-10.2
1123561561	-17.71	-45.56	58.9	1.30	-11.1	59.9	-10.7
1125562562	-18.20	-53.69	56.6	1.28	-11.4	57.8	-11.4
1127563563	-18.56	-63.00	54.4	1.27	-11.6	55.6	-12.0
1129564564	-19.03	-72.91	52.2	1.25	-11.3	53.4	-12.2
1131565565	-19.33	-83.46	50.1	1.24	-10.9	51.2	-12.3
1133566566	-19.20	-93.42	48.2	1.25	-10.7	49.4	-12.5
1135567567	-18.85	-103.37	46.3	1.26	-10.4	47.5	-12.7
1137568568	-18.44	-112.61	44.5	1.27	-10.0	45.7	-12.6
1139569569	-17.88	-121.90	42.7	1.29	-9.4	43.7	-12.4
1141570570	-17.25	-127.67	41.3	1.32	-9.2	42.3	-12.5
1143571571	-16.31	-131.68	39.8	1.36	-9.3	40.9	-13.2
1145572572	-15.62	-138.54	38.1	1.40	-8.6	39.1	-12.7
1147573573	-14.80	-144.72	36.3	1.45	-7.9	37.2	-12.3
1149574574	-14.17	-149.34	35.0	1.49	-7.3	35.7	-11.7
1151575575	-13.57	-153.80	33.7	1.53	-6.5	34.3	-11.0
1153576576	-12.93	-159.10	32.2	1.58	-5.5	32.7	-9.6
1155577577	-12.10	-164.01	30.5	1.66	-4.4	30.8	-8.3
1157578578	-11.57	-167.81	29.3	1.72	-3.5	29.6	-6.8
1159579579	-11.02	-172.04	28.2	1.78	-2.4	28.3	-4.8
1161580580	-10.58	-176.11	27.2	1.84	-1.2	27.2	-2.5
1163581581	-10.04	-179.64	26.1	1.92	-0.1	26.1	-0.3
1165582582	-9.60	176.64	25.1	1.99	1.1	25.2	2.5
1167583583	-9.18	173.78	24.3	2.07	2.1	24.4	4.9
1169584584	-8.78	170.69	23.4	2.15	3.2	23.6	7.7
1171585585	-8.53	167.85	23.0	2.20	4.2	23.3	10.4
1173586586	-8.24	165.10	22.4	2.26	5.2	23.0	13.2
1175587587	-7.92	161.98	21.8	2.34	6.5	22.7	16.5
1177588588	-7.66	159.24	21.3	2.41	7.5	22.6	19.5
1179589589	-7.43	156.84	20.9	2.48	8.5	22.5	22.2
1181590590	-7.18	154.26	20.4	2.56	9.6	22.6	25.2
1183591591	-7.02	151.93	20.2	2.61	10.6	22.8	27.6
1185592592	-6.89	149.53	20.0	2.65	11.6	23.1	30.0
1187593593	-6.70	147.67	19.7	2.72	12.4	23.3	32.2
1189594594	-6.54	146.10	19.4	2.78	13.1	23.4	34.0
1191595595	-6.41	144.55	19.2	2.83	13.8	23.7	35.7
1193596596	-6.26	143.13	18.9	2.90	14.5	23.8	37.4
1195597597	-6.07	141.84	18.6	2.98	15.1	23.9	39.2
1197598598	-5.87	140.35	18.2	3.07	15.9	24.1	41.2
1199599599	-5.68	138.90	17.8	3.17	16.6	24.3	43.1
1201600600	-5.50	137.73	17.4	3.26	17.3	24.5	44.8
1203601601	-5.28	136.49	16.8	3.39	18.0	24.6	46.8
1205602602	-5.02	135.00	16.2	3.56	18.8	24.9	49.2
1207603603	-4.79	133.30	15.7	3.72	19.8	25.3	51.5
1209604604	-4.57	131.57	15.3	3.89	20.7	25.7	53.6
1211605605	-4.29	129.38	14.6	4.13	22.0	26.4	56.3
1213606606	-4.06	127.01	14.1	4.36	23.3	27.3	58.8
1215607607	-3.79	124.48	13.5	4.66	24.8	28.2	61.4
1217608608	-3.59	122.15	13.1	4.91	26.1	29.3	63.3
1219609609	-3.34	119.30	12.6	5.27	27.9	30.6	65.7
1221610610	-3.13	116.35	12.2	5.61	29.7	32.1	67.7
1223611611	-2.95	113.39	11.9	5.95	31.5	33.7	69.4
1225612612	-2.77	110.07	11.6	6.32	33.7	35.6	70.9
1227613613	-2.61	106.58	11.4	6.72	36.0	37.8	72.4
1229614614	-2.50	103.07	11.5	6.99	38.4	40.1	73.3
1231615615	-2.34	99.50	11.4	7.46	41.0	42.6	74.5
1233616616	-2.27	96.33	11.5	7.71	43.4	44.9	75.1
1235617617	-2.20	92.66	11.9	7.92	46.3	47.8	75.6
1237618618	-2.11	89.23	12.1	8.26	49.2	50.7	76.2
1239619619	-2.08	85.74	12.7	8.38	52.2	53.7	76.4
1241620620	-2.07	82.41	13.4	8.43	55.3	56.9	76.4
1243621621	-1.97	78.89	13.7	8.86	58.9	60.5	76.9
1245622622	-1.88	75.45	14.1	9.29	62.7	64.2	77.3
1247623623	-1.77	72.03	14.4	9.83	66.8	68.3	77.8
1249624624	-1.61	68.56	14.3	10.80	71.4	72.8	78.7
1251625625	-1.48	64.77	14.6	11.73	76.9	78.2	79.3
1253626626	-1.35	60.80	14.9	12.85	83.2	84.6	79.8
1255627627	-1.28	56.91	15.9	13.61	90.1	91.5	80.0
1257628628	-1.16	52.73	16.5	15.05	98.7	100.0	80.5
1259629629	-1.03	48.19	17.5	16.87	109.5	110.9	80.9
1261630630	-0.93	43.40	19.2	18.75	123.1	124.6	81.2
1263631631	-0.88	38.91	22.3	19.84	138.4	140.2	80.9
1265632632	-0.86	34.36	27.7	20.20	157.3	159.7	80.0
1267633633	-0.90	29.67	37.8	19.42	181.4	185.3	78.2
1269634634	-0.90	24.86	52.8	19.38	214.4	220.8	76.2
1271635635	-0.95	20.56	78.9	18.23	251.8	263.9	72.6
1273636636	-1.03	16.25	126.3	16.93	298.0	323.7	67.0
1275637637	-1.18	12.15	215.7	14.69	331.9	395.8	57.0
1277638638	-1.32	8.13	352.6	13.18	326.8	480.8	42.8
1279639639	-1.45	4.24	501.6	11.99	220.7	548.0	23.7
1281640640	-1.60	0.33	543.8	10.89	17.0	544.1	1.8
1283641641	-1.76	-3.37	457.7	9.93	-132.3	476.4	-16.1
1285642642	-1.94	-7.06	345.5	9.01	-189.1	393.8	-28.7
1287643643	-2.14	-10.81	257.9	8.17	-194.7	323.2	-37.1
1289644644	-2.34	-14.20	203.4	7.47	-183.0	273.5	-42.0
1291645645	-2.52	-17.85	162.5	6.95	-169.5	234.8	-46.2
1293646646	-2.73	-21.41	134.5	6.41	-153.5	204.1	-48.8
1295647647	-2.90	-24.62	115.5	6.05	-141.6	182.7	-50.8
1297648648	-3.12	-27.93	101.0	5.63	-128.9	163.8	-51.9
1299649649	-3.28	-31.21	89.1	5.36	-119.5	149.1	-53.3
1301650650	-3.49	-34.80	79.2	5.04	-109.4	135.1	-54.1
1303651651	-3.65	-38.28	71.0	4.83	-101.7	124.1	-55.1
1305652652	-3.81	-41.43	65.1	4.63	-95.1	115.2	-55.6
1307653653	-3.96	-44.80	59.5	4.47	-89.0	107.0	-56.2
1309654654	-4.08	-48.01	54.9	4.34	-83.8	100.2	-56.8
1311655655	-4.20	-51.30	50.8	4.22	-79.0	94.0	-57.2
1313656656	-4.36	-54.43	47.9	4.06	-74.3	88.4	-57.2
1315657657	-4.43	-57.70	44.5	4.00	-70.6	83.4	-57.8
1317658658	-4.51	-60.98	41.6	3.94	-67.0	78.8	-58.2
1319659659	-4.57	-63.75	39.4	3.88	-64.1	75.2	-58.4
1321660660	-4.63	-66.79	37.2	3.84	-61.2	71.6	-58.7
1323661661	-4.66	-69.66	35.2	3.82	-58.6	68.4	-59.0
1325662662	-4.66	-72.61	33.2	3.82	-56.2	65.3	-59.5
1327663663	-4.71	-75.12	31.8	3.78	-54.1	62.7	-59.5
1329664664	-4.71	-77.75	30.3	3.78	-52.1	60.3	-59.8
1331665665	-4.70	-80.12	29.0	3.78	-50.3	58.1	-60.0
1333666666	-4.70	-82.72	27.7	3.79	-48.5	55.9	-60.2
1335667667	-4.68	-84.93	26.7	3.80	-47.0	54.0	-60.4
1337668668	-4.65	-87.35	25.5	3.83	-45.4	52.1	-60.7
1339669669	-4.61	-89.49	24.5	3.86	-44.0	50.4	-60.9
1341670670	-4.59	-91.57	23.6	3.88	-42.7	48.8	-61.1
1343671671	-4.56	-93.75	22.8	3.90	-41.4	47.2	-61.2
1345672672	-4.51	-95.64	22.0	3.93	-40.2	45.9	-61.4
1347673673	-4.44	-97.53	21.1	3.99	-39.2	44.5	-61.7
1349674674	-4.38	-99.18	20.4	4.05	-38.3	43.4	-62.0
1351675675	-4.34	-100.85	19.8	4.08	-37.3	42.2	-62.1
1353676676	-4.33	-102.50	19.3	4.10	-36.3	41.2	-62.0
1355677677	-4.26	-104.14	18.7	4.16	-35.5	40.1	-62.2
1357678678	-4.20	-105.80	18.1	4.21	-34.6	39.0	-62.4
1359679679	-4.16	-107.47	17.5	4.26	-33.7	38.0	-62.5
1361680680	-4.12	-108.86	17.1	4.29	-32.9	37.1	-62.5
1363681681	-4.06	-110.21	16.6	4.36	-32.2	36.2	-62.7
1365682682	-4.02	-111.54	16.2	4.40	-31.5	35.4	-62.7
1367683683	-3.94	-113.14	15.7	4.48	-30.7	34.5	-62.9
1369684684	-3.91	-114.43	15.3	4.52	-30.0	33.7	-62.9
1371685685	-3.85	-115.72	14.9	4.59	-29.4	32.9	-63.1
1373686686	-3.79	-116.80	14.6	4.65	-28.8	32.3	-63.2
1375687687	-3.76	-118.08	14.3	4.69	-28.2	31.6	-63.1
1377688688	-3.72	-119.34	13.9	4.74	-27.5	30.9	-63.1
1379689689	-3.65	-120.68	13.5	4.83	-26.9	30.1	-63.3
1381690690	-3.58	-121.73	13.2	4.92	-26.4	29.5	-63.5
1383691691	-3.55	-122.74	12.9	4.96	-25.9	28.9	-63.5
1385692692	-3.50	-123.98	12.6	5.03	-25.3	28.2	-63.5
1387693693	-3.45	-125.14	12.3	5.11	-24.7	27.6	-63.5
1389694694	-3.40	-126.15	12.0	5.17	-24.2	27.0	-63.6
1391695695	-3.33	-126.96	11.7	5.28	-23.8	26.6	-63.8
1393696696	-3.28	-128.23	11.4	5.37	-23.2	25.9	-63.8
1395697697	-3.21	-129.18	11.1	5.48	-22.8	25.3	-64.0
1397698698	-3.14	-130.11	10.8	5.60	-22.4	24.8	-64.2
1399699699	-3.07	-130.97	10.5	5.72	-22.0	24.3	-64.5
1401700700	-3.02	-132.07	10.3	5.81	-21.4	23.8	-64.4
1403701701	-2.95	-132.92	10.0	5.95	-21.1	23.3	-64.7
1405702702	-2.88	-133.69	9.7	6.08	-20.7	22.9	-65.0
1407703703	-2.82	-134.56	9.4	6.22	-20.3	22.4	-65.1
1409704704	-2.76	-135.28	9.2	6.34	-20.0	22.0	-65.3
1411705705	-2.69	-136.04	8.9	6.50	-19.6	21.6	-65.6
1413706706	-2.63	-136.84	8.6	6.66	-19.3	21.1	-65.8
1415707707	-2.56	-137.63	8.4	6.85	-18.9	20.7	-66.1
1417708708	-2.48	-138.25	8.1	7.05	-18.6	20.3	-66.5
1419709709	-2.41	-138.92	7.8	7.25	-18.3	19.9	-66.8
1421710710	-2.34	-139.79	7.6	7.47	-17.9	19.5	-67.1
1423711711	-2.28	-140.27	7.4	7.67	-17.7	19.2	-67.5
1425712712	-2.20	-140.93	7.1	7.93	-17.4	18.8	-67.9
1427713713	-2.13	-141.52	6.8	8.20	-17.2	18.5	-68.3
1429714714	-2.06	-142.03	6.6	8.45	-16.9	18.2	-68.7
1431715715	-1.98	-142.64	6.3	8.83	-16.7	17.8	-69.3
1433716716	-1.91	-142.93	6.1	9.11	-16.5	17.6	-69.8
1435717717	-1.85	-143.48	5.9	9.41	-16.3	17.3	-70.1
1437718718	-1.79	-144.11	5.7	9.72	-16.0	17.0	-70.5
1439719719	-1.72	-144.56	5.4	10.16	-15.8	16.7	-71.1
1441720720	-1.64	-144.79	5.2	10.61	-15.7	16.5	-71.7
1443721721	-1.56	-145.12	4.9	11.15	-15.6	16.3	-72.5
1445722722	-1.51	-145.45	4.8	11.52	-15.4	16.1	-72.9
1447723723	-1.45	-145.85	4.6	11.98	-15.2	15.9	-73.3
1449724724	-1.42	-146.32	4.4	12.27	-15.0	15.7	-73.5
1451725725	-1.35	-146.63	4.2	12.86	-14.9	15.5	-74.1
1453726726	-1.29	-146.87	4.0	13.51	-14.8	15.3	-74.8
1455727727	-1.25	-147.08	3.9	13.97	-14.7	15.2	-75.2
1457728728	-1.21	-147.39	3.8	14.41	-14.5	15.0	-75.5
1459729729	-1.17	-147.64	3.7	14.84	-14.4	14.9	-75.8
1461730730	-1.14	-147.93	3.5	15.30	-14.3	14.7	-76.1
1463731731	-1.07	-148.11	3.3	16.27	-14.2	14.6	-76.9
1465732732	-1.03	-148.33	3.2	16.96	-14.1	14.5	-77.3
1467733733	-0.99	-148.62	3.1	17.56	-14.0	14.3	-77.6
1469734734	-0.96	-148.71	3.0	18.02	-14.0	14.3	-77.9
1471735735	-0.94	-148.90	2.9	18.43	-13.9	14.2	-78.1
1473736736	-0.93	-149.08	2.9	18.75	-13.8	14.1	-78.2
1475737737	-0.89	-149.11	2.8	19.51	-13.8	14.0	-78.7
1477738738	-0.86	-149.28	2.7	20.17	-13.7	14.0	-79.0
1479739739	-0.81	-149.47	2.5	21.48	-13.6	13.8	-79.6
1481740740	-0.79	-149.72	2.4	21.93	-13.5	13.7	-79.7
1483741741	-0.78	-149.78	2.4	22.22	-13.5	13.7	-79.8
1485742742	-0.80	-150.01	2.5	21.81	-13.4	13.6	-79.6
1487743743	-0.77	-150.28	2.4	22.55	-13.2	13.4	-79.8
1489744744	-0.77	-150.34	2.4	22.53	-13.2	13.4	-79.8
1491745745	-0.78	-150.63	2.4	22.36	-13.1	13.3	-79.6
1493746746	-0.74	-150.86	2.3	23.52	-13.0	13.2	-80.1
1495747747	-0.74	-150.89	2.3	23.46	-13.0	13.2	-80.0
1497748748	-0.75	-151.01	2.3	23.26	-12.9	13.1	-79.9
1499749749	-0.73	-151.30	2.2	23.74	-12.8	13.0	-80.0
1501750750	-0.74	-151.51	2.3	23.59	-12.7	12.9	-79.9
1503751751	-0.73	-151.71	2.2	23.82	-12.6	12.8	-79.9
1505752752	-0.72	-152.09	2.2	24.22	-12.4	12.6	-80.0
1507753753	-0.74	-152.24	2.3	23.55	-12.3	12.5	-79.6
1509754754	-0.74	-152.74	2.3	23.52	-12.1	12.3	-79.5
1511755755	-0.74	-152.83	2.2	23.60	-12.1	12.3	-79.5
1513756756	-0.75	-153.07	2.3	23.16	-11.9	12.2	-79.2
1515757757	-0.78	-153.50	2.4	22.26	-11.8	12.0	-78.6
1517758758	-0.76	-153.65	2.3	22.98	-11.7	11.9	-78.9
1519759759	-0.75	-154.04	2.3	23.24	-11.5	11.7	-78.9
1521760760	-0.77	-154.43	2.3	22.69	-11.3	11.6	-78.4
1523761761	-0.75	-154.64	2.3	23.26	-11.2	11.5	-78.6
1525762762	-0.72	-155.67	2.2	24.14	-10.8	11.0	-78.6
1527763763	-0.66	-157.06	2.0	26.47	-10.1	10.3	-79.0
1529764764	-0.71	-155.95	2.1	24.45	-10.6	10.8	-78.6
1531765765	-0.74	-155.83	2.2	23.45	-10.7	10.9	-78.2
1533766766	-0.77	-156.14	2.3	22.71	-10.5	10.8	-77.7
1535767767	-0.75	-156.26	2.2	23.32	-10.5	10.7	-78.0
1537768768	-0.73	-156.77	2.2	23.76	-10.3	10.5	-77.9
1539769769	-0.72	-157.29	2.2	24.04	-10.0	10.3	-77.8
1541770770	-0.73	-157.70	2.2	23.69	-9.8	10.1	-77.4
1543771771	-0.72	-158.10	2.1	24.19	-9.7	9.9	-77.5
1545772772	-0.71	-158.23	2.1	24.36	-9.6	9.8	-77.5
1547773773	-0.69	-158.80	2.0	25.34	-9.3	9.6	-77.7
1549774774	-0.69	-159.31	2.1	25.03	-9.1	9.3	-77.2
1551775775	-0.69	-159.58	2.1	25.10	-9.0	9.2	-77.1
1553776776	-0.65	-159.86	1.9	26.77	-8.9	9.1	-77.7
1555777777	-0.64	-160.28	1.9	27.31	-8.7	8.9	-77.7
1557778778	-0.63	-160.80	1.9	27.71	-8.4	8.6	-77.6
1559779779	-0.59	-161.15	1.7	29.55	-8.3	8.5	-78.2
1561780780	-0.60	-161.47	1.8	28.92	-8.1	8.3	-77.7
1563781781	-0.57	-161.92	1.7	30.25	-7.9	8.1	-78.0
1565782782	-0.51	-162.52	1.5	34.01	-7.7	7.8	-78.9
1567783783	-0.46	-162.69	1.4	37.79	-7.6	7.7	-79.9
1569784784	-0.45	-163.20	1.3	38.60	-7.4	7.5	-79.8
1571785785	-0.41	-163.56	1.2	42.74	-7.2	7.3	-80.6
1573786786	-0.37	-163.93	1.1	46.67	-7.1	7.1	-81.2
1575787787	-0.33	-164.27	1.0	53.43	-6.9	7.0	-82.1
1577788788	-0.27	-164.74	0.8	63.84	-6.7	6.7	-83.2
1579789789	-0.22	-164.95	0.7	77.37	-6.6	6.6	-84.3
1581790790	-0.19	-165.40	0.6	90.01	-6.4	6.4	-85.0
1583791791	-0.13	-165.70	0.4	136.75	-6.3	6.3	-86.6
1585792792	-0.04	-166.14	0.1	393.07	-6.1	6.1	-88.8
1587793793	-0.00	-166.68	0.0	692.21	-5.8	5.8	-89.9
1589794794	0.00	-167.19	0.0	?	-5.6	5.6	-90.0
1591795795	0.00	-167.46	0.0	?	-5.5	5.5	-90.0
1593796796	0.00	-167.84	0.0	?	-5.3	5.3	-90.0
1595797797	0.00	-168.24	0.0	?	-5.1	5.1	-90.0
1597798798	0.00	-168.60	0.0	?	-5.0	5.0	-90.0
1599799799	0.00	-168.91	0.0	?	-4.9	4.9	-90.0
1601800800	0.00	-169.37	0.0	?	-4.7	4.7	-90.0
1603801801	0.00	-169.67	0.0	?	-4.5	4.5	-90.0
1605802802	0.00	-169.93	0.0	?	-4.4	4.4	-90.0
1607803803	0.00	-170.30	0.0	?	-4.2	4.2	-90.0
1609804804	0.00	-170.75	0.0	?	-4.0	4.0	-90.0
1611805805	0.00	-171.24	0.0	?	-3.8	3.8	-90.0
1613806806	0.00	-171.45	0.0	?	-3.7	3.7	-90.0
1615807807	0.00	-171.99	0.0	?	-3.5	3.5	-90.0
1617808808	0.00	-172.52	0.0	?	-3.3	3.3	-90.0
1619809809	0.00	-172.88	0.0	?	-3.1	3.1	-90.0
1621810810	0.00	-173.36	0.0	?	-2.9	2.9	-90.0
1623811811	0.00	-173.58	0.0	?	-2.8	2.8	-90.0
1625812812	0.00	-173.79	0.0	?	-2.7	2.7	-90.0
1627813813	0.00	-174.29	0.0	?	-2.5	2.5	-90.0
1629814814	0.00	-174.68	0.0	?	-2.3	2.3	-90.0
1631815815	0.00	-174.96	0.0	?	-2.2	2.2	-90.0
1633816816	0.00	-175.32	0.0	?	-2.0	2.0	-90.0
1635817817	0.00	-175.87	0.0	?	-1.8	1.8	-90.0
1637818818	0.00	-176.23	0.0	?	-1.6	1.6	-90.0
1639819819	0.00	-176.59	0.0	?	-1.5	1.5	-90.0
1641820820	0.00	-176.86	0.0	?	-1.4	1.4	-90.0
1643821821	0.00	-177.59	0.0	?	-1.1	1.1	-90.0
1645822822	0.00	-177.93	0.0	?	-0.9	0.9	-90.0
1647823823	0.00	-178.46	0.0	?	-0.7	0.7	-90.0
1649824824	0.00	-178.71	0.0	?	-0.6	0.6	-90.0
1651825825	0.00	-179.27	0.0	?	-0.3	0.3	-90.0
1653826826	0.00	-179.64	0.0	?	-0.2	0.2	-90.0
1655827827	0.00	179.98	0.0	?	0.0	0.0	90.0
1657828828	0.00	179.36	0.0	?	0.3	0.3	90.0
1659829829	0.00	179.09	0.0	?	0.4	0.4	90.0
1661830830	0.00	178.53	0.0	?	0.6	0.6	90.0
1663831831	0.00	178.12	0.0	?	0.8	0.8	90.0
1665832832	0.00	177.82	0.0	?	1.0	1.0	90.0
1667833833	0.00	176.90	0.0	?	1.4	1.4	90.0
1669834834	0.00	176.28	0.0	?	1.6	1.6	90.0
1671835835	0.00	175.62	0.0	?	1.9	1.9	90.0
1673836836	0.00	175.03	0.0	?	2.2	2.2	90.0
1675837837	0.00	174.35	0.0	?	2.5	2.5	90.0
1677838838	0.00	173.59	0.0	?	2.8	2.8	90.0
1679839839	0.00	173.26	0.0	?	2.9	2.9	90.0
1681840840	0.00	172.48	0.0	?	3.3	3.3	90.0
1683841841	0.00	171.64	0.0	?	3.7	3.7	90.0
1685842842	0.00	170.87	0.0	?	4.0	4.0	90.0
1687843843	0.00	170.01	0.0	?	4.4	4.4	90.0
1689844844	0.00	169.20	0.0	?	4.7	4.7	90.0
1691845845	0.00	168.50	0.0	?	5.0	5.0	90.0
1693846846	0.00	167.55	0.0	?	5.5	5.5	90.0
1695847847	0.00	166.86	0.0	?	5.8	5.8	90.0
1697848848	0.00	166.09	0.0	?	6.1	6.1	90.0
1699849849	0.00	165.39	0.0	?	6.4	6.4	90.0
1701850850	0.00	164.30	0.0	?	6.9	6.9	90.0
1703851851	0.00	163.24	0.0	?	7.4	7.4	90.0
1705852852	0.00	162.40	0.0	?	7.7	7.7	90.0
1707853853	0.00	161.90	0.0	?	8.0	8.0	90.0
1709854854	0.00	161.16	0.0	?	8.3	8.3	90.0
1711855855	0.00	160.40	0.0	?	8.6	8.6	90.0
1713856856	0.00	159.68	0.0	?	9.0	9.0	90.0
1715857857	0.00	158.76	0.0	?	9.4	9.4	90.0
1717858858	0.00	158.31	0.0	?	9.6	9.6	90.0
1719859859	0.00	158.36	0.0	?	9.6	9.6	90.0
1721860860	0.00	157.85	0.0	?	9.8	9.8	90.0
1723861861	0.00	157.25	0.0	?	10.1	10.1	90.0
1725862862	0.00	157.25	0.0	?	10.1	10.1	90.0
1727863863	0.00	156.71	0.0	?	10.3	10.3	90.0
1729864864	0.00	156.18	0.0	?	10.5	10.5	90.0
1731865865	0.00	155.94	0.0	?	10.7	10.7	90.0
1733866866	0.00	154.72	0.0	?	11.2	11.2	90.0
1735867867	0.00	154.26	0.0	?	11.4	11.4	90.0
1737868868	0.00	153.10	0.0	?	12.0	12.0	90.0
1739869869	0.00	152.29	0.0	?	12.3	12.3	90.0
1741870870	0.00	151.20	0.0	?	12.8	12.8	90.0
1743871871	0.00	149.63	0.0	?	13.6	13.6	90.0
1745872872	0.00	148.29	0.0	?	14.2	14.2	90.0
1747873873	0.00	147.16	0.0	?	14.7	14.7	90.0
1749874874	0.00	145.86	0.0	?	15.4	15.4	90.0
1751875875	0.00	144.06	0.0	?	16.2	16.2	90.0
1753876876	0.00	142.46	0.0	?	17.0	17.0	90.0
1755877877	0.00	140.67	0.0	?	17.9	17.9	90.0
1757878878	0.00	138.77	0.0	?	18.8	18.8	90.0
1759879879	0.00	137.15	0.0	?	19.6	19.6	90.0
1761880880	0.00	135.66	0.0	?	20.4	20.4	90.0
1763881881	0.00	134.05	0.0	?	21.2	21.2	90.0
1765882882	0.00	131.92	0.0	?	22.3	22.3	90.0
1767883883	0.00	130.15	0.0	?	23.2	23.2	90.0
1769884884	0.00	128.92	0.0	?	23.9	23.9	90.0
1771885885	0.00	126.73	0.0	?	25.1	25.1	90.0
1773886886	0.00	124.80	0.0	?	26.1	26.1	90.0
1775887887	0.00	123.19	0.0	?	27.0	27.0	90.0
1777888888	0.00	121.10	0.0	?	28.2	28.2	90.0
1779889889	0.00	119.20	0.0	?	29.3	29.3	90.0
1781890890	0.00	117.98	0.0	?	30.1	30.1	90.0
1783891891	0.00	116.24	0.0	?	31.1	31.1	90.0
1785892892	0.00	114.28	0.0	?	32.3	32.3	90.0
1787893893	0.00	112.23	0.0	?	33.6	33.6	90.0
1789894894	0.00	110.69	0.0	?	34.6	34.6	90.0
1791895895	0.00	108.31	0.0	?	36.1	36.1	90.0
1793896896	0.00	106.78	0.0	?	37.1	37.1	90.0
1795897897	0.00	105.35	0.0	?	38.1	38.1	90.0
1797898898	0.00	103.31	0.0	?	39.5	39.5	90.0
1799899899	0.00	101.65	0.0	?	40.7	40.7	90.0
1801900900	0.00	99.67	0.0	?	42.2	42.2	90.0
1803901901	0.00	97.75	0.0	?	43.7	43.7	90.0
1805902902	0.00	96.00	0.0	?	45.0	45.0	90.0
1807903903	0.00	94.08	0.0	?	46.6	46.6	90.0
1809904904	0.00	92.07	0.0	?	48.2	48.2	90.0
1811905905	0.00	89.96	0.0	?	50.0	50.0	90.0
1813906906	0.00	88.27	0.0	?	51.5	51.5	90.0
1815907907	0.00	86.44	0.0	?	53.2	53.2	90.0
1817908908	0.00	84.56	0.0	?	55.0	55.0	90.0
1819909909	0.00	82.66	0.0	?	56.9	56.9	90.0
1821910910	0.00	80.50	0.0	?	59.1	59.1	90.0
1823911911	-0.17	78.44	1.2	105.09	61.2	61.3	88.9
1825912912	-0.38	76.39	2.9	45.45	63.5	63.5	87.4
1827913913	-0.63	74.13	5.0	27.38	66.0	66.1	85.7
1829914914	-0.87	72.49	7.1	19.93	67.7	68.1	84.0
1831915915	-1.10	70.24	9.4	15.87	70.2	70.9	82.3
1833916916	-1.42	67.41	13.1	12.23	73.3	74.5	79.9
1835917917	-1.68	65.80	16.0	10.36	74.9	76.6	77.9
1837918918	-1.94	63.34	19.5	8.99	77.5	80.0	75.9
1839919919	-2.20	60.76	23.5	7.95	80.3	83.6	73.7
1841920920	-2.41	58.95	26.9	7.25	81.9	86.2	71.8
1843921921	-2.67	56.37	31.6	6.57	84.3	90.1	69.5
1845922922	-2.96	54.25	36.6	5.93	85.5	93.0	66.8
1847923923	-3.22	51.69	42.2	5.46	87.3	96.9	64.2
1849924924	-3.45	49.03	48.0	5.10	89.0	101.1	61.6
1851925925	-3.70	46.17	54.9	4.77	90.3	105.7	58.7
1853926926	-3.94	43.63	61.6	4.48	90.6	109.5	55.8
1855927927	-4.14	41.27	67.9	4.28	90.6	113.2	53.2
1857928928	-4.38	38.43	75.9	4.05	89.7	117.5	49.8
1859929929	-4.52	35.10	84.9	3.93	89.7	123.5	46.6
1861930930	-4.63	32.73	91.8	3.84	88.9	127.8	44.1
1863931931	-4.93	30.31	99.1	3.62	83.4	129.5	40.1
1865932932	-5.07	26.96	108.7	3.52	79.9	134.9	36.3
1867933933	-5.21	23.86	117.5	3.43	74.6	139.2	32.4
1869934934	-5.32	21.62	123.4	3.36	69.7	141.7	29.5
1871935935	-5.49	18.51	130.7	3.27	61.5	144.5	25.2
1873936936	-5.59	15.83	136.6	3.22	54.1	146.9	21.6
1875937937	-5.70	13.02	141.4	3.15	45.2	148.5	17.7
1877938938	-5.82	10.26	144.9	3.10	35.8	149.2	13.9
1879939939	-5.90	7.24	148.0	3.06	25.4	150.1	9.8
1881940940	-5.99	4.27	149.0	3.01	14.9	149.8	5.7
1883941941	-6.04	1.32	149.4	2.99	4.6	149.5	1.8
1885942942	-6.13	-1.70	147.3	2.95	-5.7	147.5	-2.2
1887943943	-6.11	-4.56	146.2	2.96	-15.2	147.0	-5.9
1889944944	-6.24	-7.37	140.9	2.90	-23.1	142.7	-9.3
1891945945	-6.29	-10.02	136.4	2.88	-30.0	139.7	-12.4
1893946946	-6.37	-12.84	130.8	2.85	-36.3	135.7	-15.5
1895947947	-6.41	-15.12	126.2	2.83	-40.8	132.7	-17.9
1897948948	-6.48	-18.00	120.0	2.80	-45.4	128.3	-20.7
1899949949	-6.50	-20.68	114.6	2.80	-49.4	124.8	-23.3
1901950950	-6.60	-22.88	109.5	2.76	-51.0	120.8	-25.0
1903951951	-6.73	-25.48	103.5	2.71	-52.1	115.9	-26.7
1905952952	-6.86	-28.21	97.8	2.66	-52.8	111.1	-28.4
1907953953	-6.98	-30.06	94.0	2.62	-52.8	107.8	-29.3
1909954954	-7.18	-31.42	90.9	2.55	-51.3	104.4	-29.4
1911955955	-7.33	-32.71	88.4	2.51	-50.4	101.7	-29.7
1913956956	-7.40	-33.82	86.4	2.49	-50.1	99.9	-30.1
1915957957	-7.55	-34.35	85.3	2.45	-49.0	98.3	-29.9
1917958958	-7.59	-35.31	83.8	2.43	-49.0	97.0	-30.3
1919959959	-7.58	-35.60	83.4	2.44	-49.2	96.8	-30.5
1921960960	-7.52	-35.52	83.6	2.45	-49.7	97.3	-30.7
1923961961	-7.37	-35.43	84.1	2.50	-51.1	98.4	-31.3
1925962962	-7.23	-35.91	83.7	2.54	-52.7	98.8	-32.2
1927963963	-7.02	-35.95	84.0	2.61	-54.8	100.3	-33.1
1929964964	-6.92	-36.14	83.8	2.64	-55.9	100.8	-33.7
1931965965	-6.67	-37.17	82.5	2.73	-58.9	101.3	-35.5
1933966966	-6.48	-38.35	80.6	2.81	-61.2	101.2	-37.2
1935967967	-6.27	-39.36	78.8	2.89	-63.5	101.2	-38.9
1937968968	-6.05	-40.10	77.3	2.99	-66.0	101.7	-40.5
1939969969	-5.90	-41.23	75.1	3.06	-67.6	101.1	-42.0
1941970970	-5.70	-42.39	72.7	3.16	-69.5	100.6	-43.7
1943971971	-5.59	-43.50	70.5	3.21	-70.3	99.6	-44.9
1945972972	-5.45	-44.78	67.8	3.29	-71.3	98.4	-46.4
1947973973	-5.33	-45.70	65.8	3.36	-72.2	97.7	-47.7
1949974974	-5.17	-46.64	63.6	3.46	-73.4	97.1	-49.1
1951975975	-5.00	-47.62	61.3	3.57	-74.4	96.4	-50.5
1953976976	-4.86	-49.00	58.4	3.67	-74.8	94.9	-52.0
1955977977	-4.76	-49.90	56.5	3.74	-75.1	93.9	-53.0
1957978978	-4.66	-51.06	54.2	3.82	-75.0	92.5	-54.1
1959979979	-4.49	-52.60	51.0	3.96	-75.1	90.8	-55.8
1961980980	-4.39	-53.14	49.7	4.04	-75.4	90.3	-56.6
1963981981	-4.27	-54.08	47.7	4.15	-75.4	89.2	-57.7
1965982982	-4.13	-55.22	45.3	4.29	-75.4	88.0	-59.0
1967983983	-4.01	-55.81	43.8	4.40	-75.6	87.4	-59.9
1969984984	-3.95	-56.75	42.2	4.48	-75.1	86.2	-60.7
1971985985	-3.92	-57.54	41.2	4.51	-74.4	85.1	-61.1
1973986986	-3.83	-58.34	39.7	4.60	-74.1	84.1	-61.8
1975987987	-3.65	-58.99	37.6	4.83	-74.6	83.6	-63.2
1977988988	-3.54	-59.62	36.2	4.98	-74.6	82.9	-64.1
1979989989	-3.52	-60.33	35.4	5.01	-73.9	81.9	-64.4
1981990990	-3.47	-61.06	34.3	5.08	-73.3	81.0	-64.9
1983991991	-3.40	-62.14	32.9	5.17	-72.4	79.6	-65.6
1985992992	-3.29	-62.96	31.4	5.35	-72.1	78.6	-66.5
1987993993	-3.23	-63.14	30.8	5.44	-72.1	78.4	-66.9
1989994994	-3.15	-63.93	29.6	5.57	-71.6	77.5	-67.6
1991995995	-3.13	-64.20	29.2	5.61	-71.4	77.1	-67.7
1993996996	-3.03	-65.03	27.8	5.79	-70.9	76.2	-68.6
1995997997	-3.01	-65.66	27.2	5.83	-70.3	75.4	-68.8
1997998998	-2.98	-66.14	26.7	5.89	-69.8	74.8	-69.1
1999999999	-2.89	-66.94	25.5	6.07	-69.3	73.8	-69.8
