1000000	-0.75	87.96	4.5	23.04	51.6	51.8	85.0
3001001	0.00	82.56	0.0	?	56.9	56.9	90.0
5002002	0.00	77.07	0.0	?	62.8	62.8	90.0
7003003	0.00	73.03	0.0	?	67.5	67.5	90.0
9004004	0.00	69.56	0.0	?	72.0	72.0	90.0
11005005	0.00	67.47	0.0	?	74.9	74.9	90.0
13006006	0.00	65.30	0.0	?	78.0	78.0	90.0
15007007	-0.19	62.49	2.0	92.56	82.4	82.4	88.6
17008008	-0.25	60.71	2.8	69.38	85.3	85.3	88.1
19009009	-0.35	58.98	4.2	49.00	88.3	88.4	87.3
21010010	-0.41	57.36	5.2	42.06	91.2	91.3	86.8
23011011	-0.47	55.73	6.1	37.37	94.3	94.5	86.3
25012012	-0.52	54.27	7.2	33.24	97.1	97.4	85.8
27013013	-0.56	52.77	8.1	31.04	100.3	100.6	85.4
29014014	-0.59	51.40	9.0	29.31	103.2	103.6	85.0
31015015	-0.62	50.11	10.0	27.85	106.2	106.6	84.6
33016016	-0.64	48.95	10.7	27.13	109.0	109.5	84.4
35017017	-0.65	47.79	11.3	26.70	111.9	112.5	84.2
37018018	-0.65	46.67	11.8	26.87	114.9	115.5	84.2
39019019	-0.64	45.53	12.2	27.21	118.1	118.7	84.1
41020020	-0.63	44.44	12.7	27.39	121.3	121.9	84.0
43021021	-0.64	43.38	13.4	27.10	124.5	125.2	83.9
45022022	-0.65	42.45	14.1	26.85	127.4	128.2	83.7
47023023	-0.66	41.51	14.9	26.37	130.4	131.3	83.5
49024024	-0.67	40.69	15.7	26.11	133.2	134.2	83.3
51025025	-0.67	39.85	16.4	26.04	136.2	137.2	83.2
53026026	-0.68	39.07	17.3	25.47	139.0	140.1	82.9
55027027	-0.70	38.29	18.4	24.88	141.9	143.1	82.6
57028028	-0.71	37.57	19.5	24.36	144.7	146.0	82.3
59029029	-0.74	36.85	20.9	23.55	147.4	148.9	81.9
61030030	-0.77	36.21	22.6	22.51	149.9	151.6	81.4
63031031	-0.80	35.56	24.0	21.87	152.5	154.4	81.0
65032032	-0.83	34.90	26.1	20.83	155.1	157.2	80.5
67033033	-0.88	34.26	28.5	19.71	157.6	160.1	79.8
69034034	-0.92	33.58	30.7	18.92	160.3	163.2	79.2
71035035	-0.98	32.88	33.8	17.81	163.0	166.5	78.3
73036036	-1.03	32.21	37.0	16.87	165.6	169.7	77.4
75037037	-1.09	31.53	40.5	15.94	168.1	172.9	76.5
77038038	-1.16	30.77	44.6	15.05	170.9	176.6	75.4
79039039	-1.22	30.04	48.8	14.30	173.6	180.3	74.3
81040040	-1.29	29.30	53.6	13.51	176.1	184.1	73.1
83041041	-1.37	28.56	59.1	12.70	178.2	187.7	71.7
85042042	-1.45	27.80	64.8	12.01	180.3	191.6	70.2
87043043	-1.52	27.10	70.4	11.42	181.9	195.0	68.8
89044044	-1.59	26.27	76.7	10.94	184.2	199.6	67.4
91045045	-1.66	25.35	84.0	10.48	186.7	204.7	65.8
93046046	-1.74	24.48	91.6	10.02	188.3	209.4	64.1
95047047	-1.83	23.52	100.6	9.55	189.6	214.6	62.0
97048048	-1.92	22.67	109.3	9.10	189.5	218.8	60.0
99049049	-1.98	21.73	118.3	8.83	190.7	224.4	58.2
101050050	-2.04	20.69	128.5	8.57	191.8	230.9	56.2
103051051	-2.11	19.54	140.6	8.28	191.8	237.8	53.8
105052052	-2.18	18.21	155.1	8.02	191.3	246.3	51.0
107053053	-2.26	17.03	168.9	7.74	188.3	252.9	48.1
109054054	-2.34	15.79	183.6	7.47	183.3	259.5	44.9
111055055	-2.41	14.52	198.8	7.25	177.3	266.4	41.7
113056056	-2.48	13.24	213.9	7.05	169.2	272.7	38.3
115057057	-2.55	11.85	230.0	6.86	158.6	279.4	34.6
117058058	-2.62	10.37	246.4	6.69	145.0	285.9	30.5
119059059	-2.68	8.82	262.0	6.53	128.2	291.7	26.1
121060060	-2.74	7.31	275.2	6.39	109.1	296.0	21.6
123061061	-2.80	5.64	286.7	6.27	86.1	299.4	16.7
125062062	-2.86	3.97	293.5	6.13	60.6	299.7	11.7
127063063	-2.92	2.29	296.0	6.00	34.5	298.0	6.7
129064064	-2.96	0.59	296.0	5.92	8.8	296.1	1.7
131065065	-2.99	-1.15	292.1	5.86	-16.7	292.6	-3.3
133066066	-3.02	-2.94	284.2	5.81	-41.0	287.2	-8.2
135067067	-3.03	-4.86	273.5	5.79	-65.0	281.1	-13.4
137068068	-3.05	-6.74	259.1	5.76	-85.0	272.7	-18.2
139069069	-3.05	-8.77	242.2	5.75	-103.0	263.2	-23.0
141070070	-3.05	-10.81	224.1	5.76	-117.5	253.0	-27.7
143071071	-3.03	-12.97	204.6	5.79	-129.0	241.9	-32.2
145072072	-3.02	-15.04	186.1	5.82	-136.4	230.7	-36.2
147073073	-2.99	-17.23	167.7	5.86	-141.3	219.3	-40.1
149074074	-2.96	-19.47	150.0	5.92	-143.8	207.8	-43.8
151075075	-2.93	-21.73	133.8	5.98	-143.9	196.5	-47.1
153076076	-2.90	-24.02	119.1	6.05	-142.5	185.7	-50.1
155077077	-2.85	-26.34	105.6	6.16	-140.4	175.6	-53.1
157078078	-2.80	-28.77	93.3	6.25	-136.7	165.6	-55.7
159079079	-2.77	-31.16	82.9	6.32	-132.3	156.1	-57.9
161080080	-2.74	-33.56	73.9	6.39	-127.5	147.4	-59.9
163081081	-2.70	-35.94	66.0	6.49	-122.8	139.4	-61.7
165082082	-2.66	-38.30	59.2	6.59	-118.1	132.1	-63.4
167083083	-2.62	-40.64	53.3	6.69	-113.5	125.4	-64.9
169084084	-2.56	-42.96	48.0	6.83	-109.2	119.3	-66.3
171085085	-2.51	-45.37	43.1	6.97	-104.8	113.4	-67.6
173086086	-2.43	-47.83	38.6	7.18	-100.6	107.8	-69.0
175087087	-2.38	-50.46	34.5	7.35	-96.1	102.2	-70.2
177088088	-2.32	-53.07	31.0	7.55	-91.9	97.0	-71.3
179089089	-2.25	-55.86	27.8	7.75	-87.6	91.9	-72.4
181090090	-2.21	-58.71	25.0	7.92	-83.3	87.0	-73.3
183091091	-2.15	-61.66	22.5	8.12	-79.1	82.3	-74.1
185092092	-2.11	-64.77	20.3	8.28	-75.0	77.7	-74.8
187093093	-2.07	-68.14	18.3	8.45	-70.7	73.1	-75.5
189094094	-2.02	-71.69	16.4	8.66	-66.6	68.6	-76.1
191095095	-1.98	-75.74	14.7	8.83	-62.2	63.9	-76.7
193096096	-1.98	-80.17	13.4	8.83	-57.6	59.1	-76.9
195097097	-2.01	-84.81	12.4	8.69	-53.2	54.6	-76.8
197098098	-2.05	-89.88	11.6	8.50	-48.7	50.1	-76.6
199099099	-2.09	-95.63	10.8	8.37	-44.2	45.4	-76.3
201100100	-2.16	-102.11	10.1	8.10	-39.4	40.7	-75.6
203101101	-2.25	-109.39	9.6	7.77	-34.5	35.8	-74.5
205102102	-2.41	-117.97	9.3	7.27	-29.3	30.7	-72.4
207103103	-2.63	-127.38	9.3	6.66	-24.0	25.8	-68.9
209104104	-2.93	-137.90	9.6	5.98	-18.6	20.9	-62.9
211105105	-3.31	-149.62	10.1	5.32	-13.1	16.5	-52.4
213106106	-3.81	-163.05	11.0	4.63	-7.1	13.1	-32.8
215107107	-4.49	-177.94	12.7	3.95	-0.8	12.7	-3.8
217108108	-5.31	165.78	15.0	3.37	5.7	16.1	20.7
219109109	-6.12	147.94	18.1	2.96	12.6	22.1	34.8
221110110	-6.71	129.16	21.9	2.72	19.9	29.6	42.3
223111111	-6.96	110.58	26.3	2.63	27.7	38.2	46.4
225112112	-6.79	93.16	31.4	2.69	36.3	48.0	49.1
227113113	-6.28	78.29	36.8	2.89	45.8	58.7	51.2
229114114	-5.63	65.61	43.1	3.20	56.6	71.2	52.7
231115115	-4.96	54.45	51.4	3.60	69.4	86.4	53.5
233116116	-4.33	45.02	61.8	4.09	84.2	104.5	53.7
235117117	-3.80	36.48	77.0	4.64	101.3	127.3	52.7
237118118	-3.32	29.46	96.4	5.29	120.9	154.6	51.4
239119119	-2.97	22.60	128.4	5.90	141.3	190.9	47.7
241120120	-2.75	16.32	177.2	6.38	154.8	235.3	41.1
243121121	-2.54	10.93	242.5	6.90	155.3	287.9	32.6
245122122	-2.36	5.87	324.4	7.40	120.6	346.1	20.4
247123123	-2.26	1.22	384.5	7.74	31.3	385.8	4.6
249124124	-2.16	-3.10	386.2	8.09	-83.1	395.0	-12.1
251125125	-2.12	-7.29	324.1	8.23	-166.7	364.4	-27.2
253126126	-2.09	-11.16	253.0	8.34	-201.4	323.4	-38.5
255127127	-2.06	-14.93	193.1	8.46	-207.3	283.3	-47.0
257128128	-2.02	-18.29	151.1	8.63	-201.9	252.1	-53.2
259129129	-2.01	-21.54	120.8	8.67	-189.6	224.8	-57.5
261130130	-2.00	-24.61	98.9	8.72	-177.2	203.0	-60.8
263131131	-1.97	-27.56	82.0	8.87	-166.1	185.3	-63.7
265132132	-1.91	-30.47	68.2	9.15	-156.3	170.5	-66.4
267133133	-1.85	-33.41	57.2	9.41	-146.4	157.1	-68.7
269134134	-1.80	-36.33	48.3	9.68	-137.2	145.4	-70.6
271135135	-1.76	-39.06	41.8	9.89	-129.0	135.6	-72.0
273136136	-1.71	-41.79	36.1	10.21	-121.7	127.0	-73.5
275137137	-1.66	-44.37	31.6	10.52	-115.2	119.5	-74.7
277138138	-1.61	-47.00	27.8	10.84	-109.1	112.6	-75.7
279139139	-1.56	-49.50	24.6	11.19	-103.7	106.6	-76.7
281140140	-1.52	-51.91	22.1	11.45	-98.8	101.2	-77.4
283141141	-1.47	-54.32	19.7	11.87	-94.2	96.3	-78.2
285142142	-1.42	-56.60	17.7	12.28	-90.2	91.9	-78.9
287143143	-1.37	-58.88	15.9	12.75	-86.4	87.8	-79.6
289144144	-1.30	-61.10	14.3	13.34	-82.9	84.1	-80.2
291145145	-1.26	-63.20	13.0	13.86	-79.7	80.8	-80.8
293146146	-1.20	-65.31	11.7	14.46	-76.7	77.6	-81.3
295147147	-1.15	-67.41	10.7	15.08	-73.9	74.7	-81.8
297148148	-1.12	-69.40	9.8	15.58	-71.3	72.0	-82.2
299149149	-1.09	-71.30	9.2	15.93	-68.9	69.5	-82.4
301150150	-1.04	-73.17	8.4	16.70	-66.7	67.2	-82.8
303151151	-1.00	-74.99	7.7	17.35	-64.6	65.0	-83.2
305152152	-0.97	-76.77	7.2	17.93	-62.6	63.0	-83.4
307153153	-0.95	-78.55	6.8	18.24	-60.7	61.1	-83.6
309154154	-0.94	-80.33	6.4	18.57	-58.8	59.2	-83.7
311155155	-0.92	-82.11	6.1	18.86	-57.0	57.4	-83.9
313156156	-0.92	-83.79	5.9	18.90	-55.4	55.7	-83.9
315157157	-0.95	-85.41	5.9	18.34	-53.8	54.1	-83.7
317158158	-0.97	-86.92	5.9	18.00	-52.4	52.7	-83.6
319159159	-0.99	-88.19	5.8	17.63	-51.3	51.6	-83.5
321160160	-0.96	-89.35	5.6	18.07	-50.3	50.6	-83.7
323161161	-0.93	-90.60	5.3	18.61	-49.2	49.5	-83.8
325162162	-0.90	-91.97	5.0	19.36	-48.1	48.3	-84.1
327163163	-0.86	-93.45	4.7	20.17	-46.9	47.1	-84.3
329164164	-0.84	-94.99	4.4	20.68	-45.6	45.8	-84.4
331165165	-0.82	-96.51	4.2	21.28	-44.4	44.6	-84.6
333166166	-0.79	-98.11	4.0	21.89	-43.2	43.4	-84.7
335167167	-0.80	-99.73	3.9	21.82	-42.0	42.2	-84.7
337168168	-0.80	-101.16	3.8	21.76	-41.0	41.1	-84.6
339169169	-0.81	-102.76	3.8	21.48	-39.8	40.0	-84.5
341170170	-0.82	-104.35	3.8	21.31	-38.7	38.9	-84.5
343171171	-0.82	-105.95	3.7	21.23	-37.6	37.8	-84.4
345172172	-0.83	-107.43	3.7	20.84	-36.6	36.8	-84.2
347173173	-0.85	-108.98	3.7	20.47	-35.6	35.7	-84.1
349174174	-0.86	-110.54	3.6	20.31	-34.5	34.7	-84.0
351175175	-0.86	-112.12	3.6	20.19	-33.5	33.7	-83.9
353176176	-0.88	-113.65	3.6	19.68	-32.6	32.8	-83.7
355177177	-0.90	-115.18	3.6	19.42	-31.6	31.8	-83.5
357178178	-0.90	-116.67	3.6	19.23	-30.7	30.9	-83.3
359179179	-0.92	-118.22	3.6	18.83	-29.8	30.0	-83.1
361180180	-0.94	-119.82	3.6	18.57	-28.9	29.1	-82.9
363181181	-0.94	-121.42	3.6	18.41	-27.9	28.2	-82.7
365182182	-0.95	-122.95	3.5	18.25	-27.1	27.3	-82.5
367183183	-0.97	-124.51	3.6	17.92	-26.2	26.4	-82.3
369184184	-0.97	-126.04	3.5	17.97	-25.4	25.6	-82.1
371185185	-0.97	-127.52	3.5	17.86	-24.6	24.8	-81.9
373186186	-0.98	-129.06	3.5	17.68	-23.7	24.0	-81.7
375187187	-0.98	-130.56	3.4	17.70	-22.9	23.2	-81.5
377188188	-0.98	-132.03	3.4	17.68	-22.2	22.4	-81.3
379189189	-0.99	-133.52	3.4	17.63	-21.4	21.7	-81.1
381190190	-0.98	-134.95	3.3	17.74	-20.7	20.9	-80.9
383191191	-0.97	-136.41	3.2	17.91	-19.9	20.2	-80.8
385192192	-0.96	-137.79	3.2	18.05	-19.2	19.5	-80.6
387193193	-0.96	-139.21	3.1	18.17	-18.5	18.8	-80.4
389194194	-0.96	-140.57	3.1	18.18	-17.9	18.1	-80.1
391195195	-0.94	-141.95	3.0	18.43	-17.2	17.5	-80.0
393196196	-0.94	-143.19	3.0	18.54	-16.6	16.9	-79.8
395197197	-0.93	-144.50	3.0	18.66	-16.0	16.2	-79.5
397198198	-0.92	-145.87	2.9	18.92	-15.3	15.6	-79.3
399199199	-0.91	-147.08	2.9	19.06	-14.7	15.0	-79.0
401200200	-0.90	-148.25	2.8	19.31	-14.2	14.5	-78.8
403201201	-0.90	-149.45	2.8	19.41	-13.6	13.9	-78.5
405202202	-0.88	-150.66	2.7	19.76	-13.1	13.3	-78.3
407203203	-0.87	-151.82	2.7	19.91	-12.5	12.8	-78.0
409204204	-0.86	-152.99	2.6	20.17	-12.0	12.3	-77.7
411205205	-0.85	-154.06	2.6	20.42	-11.5	11.8	-77.3
413206206	-0.85	-155.07	2.6	20.34	-11.0	11.3	-76.8
415207207	-0.85	-156.20	2.6	20.44	-10.5	10.8	-76.3
417208208	-0.85	-157.23	2.6	20.37	-10.0	10.4	-75.7
419209209	-0.86	-158.22	2.6	20.31	-9.6	9.9	-75.1
421210210	-0.86	-159.22	2.6	20.19	-9.1	9.5	-74.4
423211211	-0.86	-160.19	2.5	20.24	-8.7	9.1	-73.7
425212212	-0.87	-161.14	2.6	20.00	-8.3	8.7	-72.8
427213213	-0.88	-162.13	2.6	19.74	-7.8	8.3	-71.7
429214214	-0.90	-163.04	2.6	19.40	-7.4	7.9	-70.5
431215215	-0.91	-164.01	2.7	19.08	-7.0	7.5	-69.1
433216216	-0.92	-164.94	2.7	18.82	-6.6	7.1	-67.7
435217217	-0.95	-165.84	2.8	18.36	-6.2	6.8	-65.9
437218218	-0.96	-166.71	2.8	18.03	-5.8	6.4	-64.2
439219219	-0.99	-167.62	2.9	17.61	-5.4	6.1	-62.0
441220220	-1.01	-168.53	2.9	17.14	-5.0	5.8	-59.5
443221221	-1.03	-169.43	3.0	16.84	-4.6	5.5	-57.0
445222222	-1.06	-170.33	3.1	16.37	-4.2	5.2	-53.9
447223223	-1.09	-171.19	3.1	16.00	-3.8	5.0	-50.7
449224224	-1.12	-172.15	3.2	15.48	-3.4	4.7	-46.5
451225225	-1.15	-173.07	3.3	15.17	-3.0	4.5	-42.3
453226226	-1.18	-173.98	3.4	14.74	-2.6	4.3	-37.6
455227227	-1.22	-174.90	3.5	14.31	-2.2	4.1	-32.3
457228228	-1.24	-175.83	3.6	13.98	-1.8	4.0	-26.8
459229229	-1.27	-176.75	3.7	13.67	-1.4	3.9	-21.1
461230230	-1.31	-177.72	3.8	13.33	-1.0	3.9	-14.8
463231231	-1.34	-178.71	3.9	12.98	-0.6	3.9	-8.3
465232232	-1.37	-179.65	3.9	12.74	-0.2	3.9	-2.2
467233233	-1.40	179.34	4.0	12.42	0.3	4.0	4.1
469234234	-1.43	178.35	4.1	12.20	0.7	4.2	9.9
471235235	-1.46	177.35	4.2	11.97	1.1	4.3	15.4
473236236	-1.47	176.33	4.2	11.82	1.6	4.5	20.6
475237237	-1.50	175.34	4.3	11.60	2.0	4.8	25.1
477238238	-1.52	174.29	4.4	11.42	2.5	5.0	29.4
479239239	-1.55	173.32	4.5	11.26	2.9	5.3	33.0
481240240	-1.56	172.24	4.5	11.15	3.4	5.6	36.7
483241241	-1.58	171.16	4.6	11.03	3.8	6.0	40.0
485242242	-1.59	170.09	4.6	10.94	4.3	6.3	43.0
487243243	-1.61	169.04	4.7	10.81	4.8	6.7	45.5
489244244	-1.62	167.96	4.7	10.77	5.2	7.0	48.1
491245245	-1.63	166.92	4.7	10.68	5.7	7.4	50.2
493246246	-1.63	165.84	4.8	10.68	6.2	7.8	52.3
495247247	-1.64	164.83	4.8	10.60	6.6	8.2	54.0
497248248	-1.65	163.74	4.8	10.59	7.1	8.6	55.8
499249249	-1.64	162.66	4.8	10.61	7.6	9.0	57.5
501250250	-1.64	161.56	4.8	10.65	8.0	9.4	59.1
503251251	-1.64	160.45	4.8	10.64	8.5	9.8	60.5
505252252	-1.63	159.44	4.8	10.72	9.0	10.2	61.8
507253253	-1.63	158.37	4.8	10.70	9.5	10.6	62.9
509254254	-1.62	157.34	4.8	10.75	9.9	11.0	64.0
511255255	-1.62	156.20	4.8	10.79	10.4	11.5	65.1
513256256	-1.61	155.20	4.8	10.83	10.9	11.9	66.0
515257257	-1.61	154.07	4.9	10.84	11.4	12.4	67.0
517258258	-1.59	153.02	4.8	10.97	11.9	12.8	67.9
519259259	-1.59	152.01	4.8	10.97	12.4	13.3	68.6
521260260	-1.58	150.87	4.8	11.02	12.9	13.8	69.4
523261261	-1.58	149.73	4.9	11.05	13.4	14.3	70.1
525262262	-1.57	148.74	4.9	11.06	13.9	14.7	70.6
527263263	-1.57	147.69	4.9	11.10	14.4	15.2	71.2
529264264	-1.57	146.52	4.9	11.12	14.9	15.7	71.8
531265265	-1.56	145.43	4.9	11.20	15.4	16.2	72.4
533266266	-1.56	144.34	4.9	11.20	15.9	16.7	72.8
535267267	-1.55	143.19	4.9	11.24	16.5	17.2	73.3
537268268	-1.55	142.14	5.0	11.24	17.0	17.7	73.7
539269269	-1.55	141.06	5.0	11.26	17.5	18.2	74.1
541270270	-1.54	139.86	5.0	11.32	18.1	18.8	74.6
543271271	-1.55	138.74	5.1	11.24	18.7	19.3	74.8
545272272	-1.56	137.63	5.1	11.19	19.2	19.9	75.0
547273273	-1.56	136.37	5.2	11.18	19.8	20.5	75.4
549274274	-1.57	135.21	5.3	11.06	20.4	21.1	75.5
551275275	-1.59	134.00	5.4	10.94	21.0	21.7	75.6
553276276	-1.61	132.75	5.5	10.81	21.7	22.3	75.7
555277277	-1.63	131.50	5.6	10.69	22.3	23.0	75.9
557278278	-1.65	130.28	5.7	10.58	22.9	23.6	76.0
559279279	-1.67	129.00	5.9	10.45	23.6	24.3	76.0
561280280	-1.70	127.68	6.0	10.28	24.3	25.0	76.1
563281281	-1.73	126.33	6.2	10.10	25.0	25.7	76.1
565282282	-1.76	125.08	6.4	9.91	25.6	26.4	76.0
567283283	-1.80	123.73	6.6	9.69	26.4	27.2	75.9
569284284	-1.84	122.49	6.8	9.47	27.0	27.9	75.8
571285285	-1.89	121.06	7.1	9.24	27.8	28.7	75.7
573286286	-1.93	119.75	7.4	9.02	28.5	29.5	75.5
575287287	-1.98	118.41	7.6	8.83	29.3	30.3	75.4
577288288	-2.03	117.09	8.0	8.58	30.0	31.1	75.1
579289289	-2.11	115.67	8.4	8.29	30.8	31.9	74.8
581290290	-2.16	114.38	8.7	8.08	31.5	32.7	74.6
583291291	-2.24	113.04	9.1	7.81	32.3	33.6	74.2
585292292	-2.30	111.84	9.5	7.59	33.0	34.3	73.9
587293293	-2.38	110.59	10.0	7.36	33.7	35.1	73.5
589294294	-2.44	109.38	10.4	7.15	34.4	35.9	73.2
591295295	-2.52	108.26	10.9	6.94	35.0	36.7	72.8
593296296	-2.58	107.19	11.3	6.77	35.6	37.4	72.5
595297297	-2.65	106.19	11.7	6.62	36.2	38.1	72.1
597298298	-2.69	105.44	12.0	6.50	36.7	38.6	71.9
599299299	-2.74	104.67	12.3	6.39	37.1	39.1	71.6
601300300	-2.75	103.87	12.5	6.37	37.6	39.6	71.7
603301301	-2.77	103.06	12.7	6.33	38.1	40.2	71.6
605302302	-2.76	102.25	12.8	6.34	38.7	40.7	71.7
607303303	-2.72	101.46	12.8	6.43	39.3	41.3	72.0
609304304	-2.69	100.68	12.8	6.50	39.8	41.8	72.2
611305305	-2.66	99.84	12.8	6.58	40.4	42.4	72.5
613306306	-2.60	98.80	12.7	6.72	41.2	43.1	72.9
615307307	-2.55	97.89	12.6	6.86	41.9	43.8	73.3
617308308	-2.50	96.94	12.6	6.99	42.7	44.5	73.6
619309309	-2.44	95.77	12.5	7.17	43.6	45.4	74.0
621310310	-2.39	94.68	12.5	7.31	44.5	46.2	74.4
623311311	-2.32	93.63	12.3	7.52	45.4	47.0	74.8
625312312	-2.28	92.54	12.3	7.67	46.3	47.9	75.1
627313313	-2.22	91.38	12.2	7.87	47.3	48.8	75.5
629314314	-2.16	90.19	12.2	8.07	48.3	49.8	75.9
631315315	-2.08	89.04	11.9	8.39	49.4	50.8	76.4
633316316	-2.04	87.95	11.9	8.57	50.4	51.8	76.7
635317317	-1.97	86.80	11.8	8.84	51.5	52.8	77.1
637318318	-1.93	85.66	11.8	9.05	52.5	53.8	77.4
639319319	-1.87	84.36	11.7	9.35	53.8	55.1	77.7
641320320	-1.82	83.11	11.7	9.58	55.0	56.3	78.0
643321321	-1.78	82.10	11.7	9.81	56.0	57.2	78.3
645322322	-1.74	80.84	11.7	10.01	57.3	58.5	78.4
647323323	-1.70	79.63	11.8	10.23	58.6	59.8	78.7
649324324	-1.67	78.56	11.8	10.45	59.8	60.9	78.9
651325325	-1.63	77.42	11.8	10.72	61.0	62.1	79.1
653326326	-1.61	76.22	12.0	10.82	62.3	63.5	79.1
655327327	-1.57	75.03	12.0	11.10	63.7	64.8	79.3
657328328	-1.57	73.88	12.3	11.11	65.0	66.2	79.3
659329329	-1.55	72.67	12.5	11.23	66.5	67.6	79.4
661330330	-1.52	71.14	12.7	11.44	68.4	69.5	79.5
663331331	-1.51	69.84	13.0	11.56	70.0	71.2	79.5
665332332	-1.51	68.68	13.4	11.56	71.5	72.7	79.4
667333333	-1.51	67.57	13.8	11.55	72.9	74.2	79.3
669334334	-1.51	66.31	14.3	11.50	74.6	76.0	79.2
671335335	-1.51	65.00	14.7	11.55	76.5	77.9	79.1
673336336	-1.50	63.70	15.2	11.58	78.4	79.8	79.0
675337337	-1.52	62.47	15.9	11.47	80.2	81.7	78.8
677338338	-1.56	61.23	16.8	11.20	82.0	83.7	78.4
679339339	-1.56	59.88	17.6	11.14	84.1	85.9	78.2
681340340	-1.59	58.75	18.4	10.99	85.8	87.8	77.9
683341341	-1.60	57.39	19.4	10.87	88.1	90.2	77.6
685342342	-1.64	55.85	20.8	10.61	90.6	93.0	77.1
687343343	-1.68	54.41	22.2	10.39	93.1	95.7	76.6
689344344	-1.72	53.05	23.8	10.14	95.5	98.4	76.0
691345345	-1.74	51.58	25.4	9.99	98.2	101.5	75.5
693346346	-1.80	49.99	27.6	9.68	101.1	104.8	74.7
695347347	-1.85	48.30	30.1	9.41	104.4	108.6	73.9
697348348	-1.90	46.56	32.7	9.19	107.9	112.8	73.1
699349349	-1.93	44.96	35.3	9.04	111.4	116.8	72.4
701350350	-1.99	43.22	38.9	8.75	115.0	121.4	71.3
703351351	-2.04	41.42	42.7	8.54	119.0	126.5	70.3
705352352	-2.08	39.62	46.8	8.37	123.3	131.9	69.2
707353353	-2.13	37.86	51.4	8.21	127.5	137.5	68.1
709354354	-2.19	35.90	57.4	7.98	132.2	144.1	66.5
711355355	-2.24	33.90	64.1	7.79	137.1	151.3	64.9
713356356	-2.28	31.96	71.4	7.65	142.0	158.9	63.3
715357357	-2.34	30.03	79.8	7.47	146.6	166.9	61.4
717358358	-2.39	28.24	88.6	7.32	150.7	174.8	59.5
719359359	-2.44	26.28	99.4	7.17	154.8	184.0	57.3
721360360	-2.48	24.30	111.7	7.05	158.6	194.0	54.8
723361361	-2.53	22.24	126.1	6.93	161.8	205.1	52.1
725362362	-2.55	20.38	140.4	6.86	164.3	216.1	49.5
727363363	-2.57	18.30	158.6	6.81	165.9	229.5	46.3
729364364	-2.60	16.32	177.8	6.74	164.7	242.3	42.8
731365365	-2.62	14.22	200.2	6.69	160.8	256.8	38.8
733366366	-2.62	12.29	222.5	6.67	154.5	270.9	34.8
735367367	-2.63	10.14	248.9	6.67	142.8	286.9	29.8
737368368	-2.63	8.02	274.9	6.67	125.0	302.0	24.4
739369369	-2.64	6.02	296.3	6.63	100.7	313.0	18.8
741370370	-2.63	3.82	317.0	6.64	68.5	324.3	12.2
743371371	-2.64	1.83	327.7	6.63	33.9	329.4	5.9
745372372	-2.63	-0.31	332.2	6.65	-5.8	332.2	-1.0
747373373	-2.64	-2.43	325.2	6.63	-44.6	328.2	-7.8
749374374	-2.64	-4.53	310.2	6.62	-79.3	320.1	-14.3
751375375	-2.65	-6.64	289.4	6.62	-108.2	308.9	-20.5
753376376	-2.65	-8.85	263.2	6.60	-130.5	293.8	-26.4
755377377	-2.66	-10.93	237.9	6.59	-145.1	278.7	-31.4
757378378	-2.67	-12.95	213.8	6.57	-153.8	263.4	-35.7
759379379	-2.68	-15.12	189.7	6.53	-157.8	246.8	-39.8
761380380	-2.71	-17.38	167.4	6.47	-157.9	230.1	-43.3
763381381	-2.72	-19.47	149.3	6.43	-156.1	216.0	-46.3
765382382	-2.75	-21.56	133.6	6.37	-152.5	202.7	-48.8
767383383	-2.78	-23.70	119.7	6.29	-147.6	190.1	-51.0
769384384	-2.84	-25.85	108.1	6.18	-141.7	178.2	-52.7
771385385	-2.90	-28.02	98.0	6.04	-135.4	167.1	-54.1
773386386	-3.01	-30.23	89.9	5.83	-128.0	156.4	-54.9
775387387	-3.10	-32.38	83.0	5.66	-121.7	147.3	-55.7
777388388	-3.22	-34.55	77.1	5.46	-115.3	138.7	-56.2
779389389	-3.38	-36.61	72.8	5.21	-108.9	131.0	-56.2
781390390	-3.54	-38.63	69.1	4.97	-103.0	124.0	-56.1
783391391	-3.73	-40.54	66.4	4.73	-97.4	117.8	-55.7
785392392	-3.95	-42.19	64.6	4.47	-92.2	112.5	-55.0
787393393	-4.20	-43.60	63.6	4.22	-87.3	108.0	-53.9
789394394	-4.44	-44.77	63.0	4.00	-83.2	104.3	-52.9
791395395	-4.70	-45.58	63.1	3.79	-79.4	101.4	-51.5
793396396	-4.92	-45.91	63.7	3.63	-76.6	99.6	-50.3
795397397	-5.11	-45.49	65.3	3.50	-74.8	99.3	-48.9
797398398	-5.18	-44.77	66.8	3.45	-74.4	100.0	-48.1
799399399	-5.11	-43.78	68.3	3.50	-75.8	102.0	-48.0
801400400	-4.91	-42.91	69.0	3.63	-78.9	104.8	-48.8
803401401	-4.60	-42.70	67.9	3.86	-82.9	107.2	-50.7
805402402	-4.24	-43.44	64.2	4.18	-87.0	108.1	-53.6
807403403	-3.86	-45.04	58.3	4.58	-89.9	107.1	-57.1
809404404	-3.53	-47.36	51.4	5.00	-90.6	104.1	-60.4
811405405	-3.25	-50.08	44.6	5.41	-89.3	99.9	-63.5
813406406	-3.04	-53.09	38.7	5.77	-86.6	94.9	-65.9
815407407	-2.90	-56.35	33.9	6.05	-82.9	89.5	-67.8
817408408	-2.79	-59.64	29.9	6.27	-78.9	84.4	-69.2
819409409	-2.72	-62.75	26.9	6.43	-75.1	79.8	-70.3
821410410	-2.68	-66.03	24.4	6.54	-71.2	75.3	-71.1
823411411	-2.63	-69.23	22.3	6.65	-67.6	71.2	-71.8
825412412	-2.63	-72.44	20.6	6.66	-64.0	67.3	-72.1
827413413	-2.62	-75.39	19.3	6.69	-61.0	63.9	-72.5
829414414	-2.61	-78.36	18.1	6.71	-58.0	60.8	-72.7
831415415	-2.62	-81.33	17.1	6.69	-55.2	57.8	-72.8
833416416	-2.63	-84.04	16.3	6.65	-52.8	55.2	-72.8
835417417	-2.64	-86.85	15.6	6.63	-50.4	52.7	-72.8
837418418	-2.64	-89.55	14.9	6.63	-48.1	50.4	-72.8
839419419	-2.66	-92.18	14.3	6.58	-46.0	48.2	-72.7
841420420	-2.66	-94.83	13.7	6.59	-44.0	46.1	-72.7
843421421	-2.65	-97.41	13.2	6.61	-42.2	44.2	-72.6
845422422	-2.65	-99.77	12.7	6.60	-40.5	42.5	-72.5
847423423	-2.68	-102.01	12.5	6.54	-38.9	40.9	-72.2
849424424	-2.69	-104.33	12.2	6.50	-37.4	39.3	-72.0
851425425	-2.69	-106.62	11.8	6.52	-35.9	37.8	-71.9
853426426	-2.69	-108.81	11.5	6.52	-34.5	36.4	-71.6
855427427	-2.70	-110.94	11.2	6.49	-33.2	35.1	-71.3
857428428	-2.72	-113.05	11.1	6.43	-31.9	33.8	-70.9
859429429	-2.74	-115.07	10.9	6.40	-30.7	32.6	-70.5
861430430	-2.76	-117.11	10.7	6.36	-29.5	31.4	-70.1
863431431	-2.77	-119.09	10.6	6.31	-28.4	30.3	-69.6
865432432	-2.78	-121.00	10.4	6.31	-27.4	29.3	-69.2
867433433	-2.80	-122.88	10.3	6.25	-26.3	28.3	-68.6
869434434	-2.84	-124.80	10.2	6.17	-25.3	27.3	-67.9
871435435	-2.87	-126.63	10.2	6.11	-24.3	26.3	-67.3
873436436	-2.89	-128.47	10.1	6.08	-23.3	25.4	-66.6
875437437	-2.92	-130.32	10.1	6.00	-22.4	24.5	-65.8
877438438	-2.96	-132.17	10.0	5.93	-21.4	23.7	-64.9
879439439	-2.99	-133.97	10.0	5.87	-20.5	22.8	-64.0
881440440	-3.02	-135.71	10.0	5.81	-19.6	22.0	-63.1
883441441	-3.04	-137.49	9.9	5.77	-18.8	21.2	-62.1
885442442	-3.06	-139.23	9.9	5.73	-17.9	20.5	-61.2
887443443	-3.07	-140.95	9.8	5.71	-17.1	19.7	-60.2
889444444	-3.09	-142.79	9.8	5.68	-16.3	19.0	-59.0
891445445	-3.11	-144.54	9.7	5.65	-15.4	18.2	-57.8
893446446	-3.13	-146.38	9.7	5.62	-14.6	17.5	-56.4
895447447	-3.14	-148.13	9.6	5.60	-13.8	16.8	-55.1
897448448	-3.15	-149.92	9.6	5.58	-13.0	16.1	-53.5
899449449	-3.16	-151.69	9.5	5.56	-12.2	15.5	-51.9
901450450	-3.16	-153.39	9.5	5.56	-11.4	14.8	-50.3
903451451	-3.15	-155.21	9.4	5.57	-10.6	14.2	-48.5
905452452	-3.14	-156.94	9.3	5.59	-9.9	13.6	-46.7
907453453	-3.12	-158.64	9.2	5.62	-9.1	13.0	-44.8
909454454	-3.10	-160.26	9.1	5.66	-8.4	12.4	-42.8
911455455	-3.09	-161.96	9.0	5.69	-7.7	11.8	-40.5
913456456	-3.03	-163.52	8.8	5.79	-7.0	11.3	-38.5
915457457	-3.02	-165.27	8.7	5.81	-6.3	10.8	-35.6
917458458	-2.99	-166.84	8.6	5.87	-5.6	10.3	-33.0
919459459	-2.94	-168.43	8.5	5.96	-4.9	9.8	-30.1
921460460	-2.91	-169.92	8.3	6.03	-4.3	9.4	-27.2
923461461	-2.86	-171.51	8.2	6.13	-3.6	9.0	-23.8
925462462	-2.81	-172.96	8.1	6.23	-3.0	8.6	-20.4
927463463	-2.76	-174.44	7.9	6.35	-2.4	8.2	-16.7
929464464	-2.71	-175.86	7.7	6.47	-1.8	7.9	-12.8
931465465	-2.65	-177.29	7.6	6.60	-1.2	7.7	-8.7
933466466	-2.60	-178.70	7.4	6.72	-0.6	7.5	-4.3
935467467	-2.54	-180.00	7.3	6.89	-0.0	7.3	-0.0
937468468	-2.48	178.68	7.1	7.05	0.6	7.1	4.5
939469469	-2.41	177.41	6.9	7.25	1.1	7.0	9.1
941470470	-2.37	176.15	6.8	7.39	1.7	7.0	13.7
943471471	-2.30	174.90	6.6	7.59	2.2	7.0	18.4
945472472	-2.24	173.66	6.4	7.80	2.7	7.0	22.9
947473473	-2.20	172.44	6.3	7.95	3.3	7.1	27.2
949474474	-2.13	171.25	6.1	8.20	3.8	7.2	31.5
951475475	-2.07	170.11	6.0	8.45	4.3	7.3	35.6
953476476	-2.01	168.82	5.8	8.70	4.8	7.5	39.7
955477477	-1.94	167.64	5.6	8.98	5.3	7.8	43.5
957478478	-1.89	166.50	5.5	9.22	5.8	8.0	46.8
959479479	-1.83	165.44	5.3	9.52	6.3	8.3	49.8
961480480	-1.77	164.37	5.2	9.83	6.8	8.5	52.6
963481481	-1.72	163.14	5.0	10.12	7.3	8.9	55.5
965482482	-1.68	162.05	4.9	10.36	7.8	9.3	57.7
967483483	-1.63	160.90	4.8	10.70	8.3	9.6	60.0
969484484	-1.57	159.77	4.6	11.09	8.8	10.0	62.3
971485485	-1.52	158.61	4.5	11.49	9.4	10.4	64.3
973486486	-1.45	157.45	4.3	11.99	9.9	10.8	66.3
975487487	-1.41	156.33	4.2	12.37	10.4	11.2	67.9
977488488	-1.37	155.17	4.1	12.73	10.9	11.7	69.4
979489489	-1.32	153.92	4.0	13.20	11.5	12.2	70.9
981490490	-1.26	152.75	3.8	13.82	12.1	12.6	72.4
983491491	-1.22	151.69	3.7	14.29	12.5	13.1	73.5
985492492	-1.17	150.50	3.6	14.90	13.1	13.6	74.7
987493493	-1.11	149.29	3.4	15.71	13.7	14.1	75.9
989494494	-1.06	147.99	3.3	16.38	14.3	14.7	77.0
991495495	-1.00	146.65	3.1	17.46	14.9	15.2	78.2
993496496	-0.94	145.42	3.0	18.50	15.5	15.8	79.2
995497497	-0.90	144.10	2.9	19.35	16.1	16.4	80.0
997498498	-0.85	142.89	2.7	20.45	16.7	17.0	80.8
999499499	-0.80	141.45	2.6	21.75	17.4	17.6	81.6
1001500500	-0.75	140.30	2.4	23.31	18.0	18.2	82.3
1003501501	-0.68	138.91	2.2	25.46	18.7	18.8	83.2
1005502502	-0.62	137.52	2.1	27.84	19.4	19.5	83.9
1007503503	-0.58	136.20	1.9	29.95	20.1	20.2	84.5
1009504504	-0.50	134.70	1.7	34.45	20.8	20.9	85.3
1011505505	-0.44	133.28	1.5	39.43	21.6	21.6	86.0
1013506506	-0.36	131.90	1.2	48.44	22.3	22.3	86.8
1015507507	-0.31	130.40	1.1	56.36	23.1	23.1	87.3
1017508508	-0.25	128.94	0.9	68.87	23.9	23.9	87.9
1019509509	-0.17	127.52	0.6	99.29	24.6	24.7	88.5
1021510510	-0.12	126.07	0.4	148.50	25.4	25.4	89.0
1023511511	-0.05	124.46	0.2	320.07	26.3	26.3	89.6
1025512512	0.00	123.03	0.0	?	27.1	27.1	90.0
1027513513	0.00	121.45	0.0	?	28.0	28.0	90.0
1029514514	0.00	119.80	0.0	?	29.0	29.0	90.0
1031515515	0.00	118.40	0.0	?	29.8	29.8	90.0
1033516516	0.00	116.78	0.0	?	30.8	30.8	90.0
1035517517	0.00	115.22	0.0	?	31.7	31.7	90.0
1037518518	0.00	113.56	0.0	?	32.7	32.7	90.0
1039519519	0.00	111.95	0.0	?	33.8	33.8	90.0
1041520520	0.00	110.34	0.0	?	34.8	34.8	90.0
1043521521	0.00	108.65	0.0	?	35.9	35.9	90.0
1045522522	-1.24	166.20	3.6	14.06	6.0	7.0	59.1
1047523523	0.00	152.02	0.0	?	12.5	12.5	90.0
1049524524	0.00	102.47	0.0	?	40.2	40.2	90.0
1051525525	-0.47	95.58	2.5	36.73	45.3	45.4	86.9
1053526526	-0.50	93.38	2.7	34.69	47.1	47.1	86.7
1055527527	-0.51	91.25	2.9	34.06	48.8	48.9	86.6
1057528528	-0.53	88.95	3.1	33.07	50.8	50.9	86.5
1059529529	-0.58	86.63	3.5	30.12	52.9	53.0	86.2
1061530530	-0.58	84.64	3.7	29.78	54.8	54.9	86.1
1063531531	-0.65	82.11	4.4	26.58	57.2	57.4	85.6
1065532532	-0.67	79.75	4.7	25.94	59.6	59.8	85.5
1067533533	-0.73	77.65	5.4	23.69	61.8	62.1	85.1
1069534534	-0.80	75.35	6.2	21.62	64.4	64.7	84.5
1071535535	-0.88	72.99	7.1	19.76	67.1	67.5	83.9
1073536536	-0.95	70.57	8.1	18.35	70.0	70.5	83.4
1075537537	-1.07	68.27	9.7	16.29	72.9	73.5	82.4
1077538538	-1.16	65.80	11.2	15.04	76.1	77.0	81.7
1079539539	-1.28	63.24	13.2	13.64	79.6	80.7	80.6
1081540540	-1.42	60.97	15.6	12.26	82.8	84.2	79.4
1083541541	-1.58	58.77	18.4	11.00	85.8	87.8	77.9
1085542542	-1.76	56.27	21.9	9.93	89.4	92.0	76.3
1087543543	-1.95	53.89	26.0	8.95	92.7	96.2	74.3
1089544544	-2.21	51.60	31.2	7.91	95.3	100.2	71.8
1091545545	-2.44	49.41	36.6	7.16	97.6	104.2	69.4
1093546546	-2.68	47.17	42.6	6.53	99.6	108.3	66.9
1095547547	-2.96	45.09	49.2	5.93	100.5	111.9	63.9
1097548548	-3.26	42.82	56.9	5.39	100.6	115.6	60.5
1099549549	-3.55	40.55	64.7	4.96	100.0	119.1	57.1
1101550550	-3.93	38.06	73.9	4.49	97.3	122.2	52.8
1103551551	-4.34	35.68	82.6	4.09	92.5	124.1	48.2
1105552552	-4.75	33.20	90.8	3.74	86.4	125.3	43.6
1107553553	-5.22	30.65	97.9	3.42	78.2	125.3	38.6
1109554554	-5.72	28.17	103.0	3.15	68.8	123.8	33.7
1111555555	-6.29	25.58	106.1	2.88	58.1	121.0	28.7
1113556556	-6.87	23.05	107.0	2.66	47.8	117.2	24.1
1115557557	-7.56	20.41	105.6	2.44	37.5	112.1	19.5
1117558558	-8.22	18.16	102.8	2.27	29.3	106.9	15.9
1119559559	-8.91	15.00	100.0	2.12	21.3	102.2	12.0
1121560560	-9.75	11.98	95.3	1.96	14.4	96.4	8.6
1123561561	-10.54	8.83	91.0	1.85	9.1	91.4	5.7
1125562562	-11.46	5.46	86.1	1.73	4.7	86.2	3.1
1127563563	-12.48	1.57	81.1	1.62	1.1	81.1	0.8
1129564564	-13.57	-3.05	76.5	1.53	-1.8	76.5	-1.3
1131565565	-14.82	-7.97	71.8	1.44	-3.7	71.9	-3.0
1133566566	-16.06	-14.18	67.8	1.37	-5.4	68.0	-4.5
1135567567	-17.55	-20.98	63.8	1.31	-6.2	64.1	-5.5
1137568568	-19.08	-29.68	60.3	1.25	-6.7	60.7	-6.4
1139569569	-20.78	-41.84	56.8	1.20	-7.0	57.3	-7.0
1141570570	-22.13	-56.35	54.1	1.17	-7.1	54.5	-7.5
1143571571	-23.01	-77.04	51.1	1.15	-7.1	51.6	-7.9
1145572572	-23.18	-98.07	48.6	1.15	-6.7	49.0	-7.9
1147573573	-22.24	-117.90	46.1	1.17	-6.3	46.5	-7.8
1149574574	-20.98	-132.68	43.9	1.20	-5.8	44.3	-7.5
1151575575	-19.65	-144.25	41.9	1.23	-5.2	42.2	-7.0
1153576576	-18.35	-152.21	40.1	1.28	-4.6	40.4	-6.5
1155577577	-17.17	-159.26	38.4	1.32	-3.8	38.6	-5.7
1157578578	-16.10	-165.31	36.7	1.37	-3.0	36.9	-4.7
1159579579	-15.11	-169.65	35.2	1.43	-2.3	35.3	-3.7
1161580580	-14.25	-174.03	33.8	1.48	-1.4	33.8	-2.4
1163581581	-13.47	-178.07	32.5	1.54	-0.5	32.5	-0.9
1165582582	-12.83	178.03	31.4	1.59	0.5	31.4	0.9
1167583583	-12.22	175.12	30.4	1.65	1.3	30.4	2.5
1169584584	-11.66	171.53	29.4	1.71	2.4	29.5	4.7
1171585585	-11.22	168.90	28.6	1.76	3.3	28.8	6.5
1173586586	-10.75	166.30	27.8	1.82	4.2	28.1	8.5
1175587587	-10.30	164.03	27.0	1.88	5.0	27.4	10.5
1177588588	-9.93	161.91	26.3	1.94	5.8	26.9	12.4
1179589589	-9.57	159.76	25.7	1.99	6.6	26.5	14.5
1181590590	-9.18	157.39	24.9	2.07	7.6	26.1	16.9
1183591591	-8.89	155.38	24.4	2.12	8.4	25.8	19.0
1185592592	-8.66	153.33	24.1	2.17	9.2	25.8	21.0
1187593593	-8.41	151.56	23.6	2.22	10.0	25.6	22.9
1189594594	-8.20	150.15	23.2	2.27	10.6	25.5	24.5
1191595595	-7.96	148.84	22.8	2.33	11.2	25.4	26.2
1193596596	-7.77	147.71	22.4	2.38	11.7	25.3	27.7
1195597597	-7.48	146.34	21.8	2.46	12.4	25.1	29.7
1197598598	-7.26	145.31	21.3	2.53	13.0	25.0	31.3
1199599599	-6.96	143.93	20.7	2.63	13.7	24.8	33.5
1201600600	-6.72	142.89	20.2	2.71	14.3	24.7	35.2
1203601601	-6.43	141.83	19.5	2.82	14.9	24.6	37.4
1205602602	-6.10	140.59	18.8	2.96	15.6	24.4	39.8
1207603603	-5.81	139.13	18.1	3.10	16.5	24.5	42.3
1209604604	-5.48	137.69	17.3	3.27	17.3	24.5	45.0
1211605605	-5.15	135.48	16.6	3.47	18.5	24.9	48.1
1213606606	-4.85	133.07	16.0	3.67	19.8	25.4	51.2
1215607607	-4.58	131.00	15.4	3.88	21.0	26.0	53.8
1217608608	-4.33	128.58	14.8	4.10	22.3	26.8	56.4
1219609609	-4.04	125.96	14.2	4.38	23.8	27.8	59.2
1221610610	-3.78	123.15	13.7	4.67	25.5	28.9	61.8
1223611611	-3.54	120.31	13.2	4.98	27.2	30.2	64.1
1225612612	-3.36	117.30	12.9	5.24	29.0	31.7	66.0
1227613613	-3.13	113.87	12.5	5.60	31.1	33.5	68.0
1229614614	-2.99	110.53	12.4	5.87	33.2	35.5	69.4
1231615615	-2.81	106.80	12.3	6.24	35.7	37.7	71.0
1233616616	-2.69	103.30	12.3	6.50	38.1	40.0	72.1
1235617617	-2.61	99.55	12.6	6.70	40.7	42.6	72.8
1237618618	-2.51	95.92	12.8	6.97	43.4	45.3	73.6
1239619619	-2.43	92.25	13.2	7.18	46.3	48.1	74.1
1241620620	-2.38	88.46	13.7	7.34	49.4	51.3	74.5
1243621621	-2.32	84.80	14.3	7.54	52.7	54.6	74.8
1245622622	-2.27	80.88	15.1	7.70	56.4	58.3	75.0
1247623623	-2.17	76.90	15.7	8.04	60.5	62.5	75.5
1249624624	-2.11	73.52	16.5	8.26	64.3	66.3	75.6
1251625625	-2.07	69.69	17.6	8.45	68.8	71.0	75.6
1253626626	-2.01	65.93	18.9	8.68	73.7	76.1	75.7
1255627627	-1.95	62.29	20.2	8.95	79.0	81.5	75.7
1257628628	-1.85	58.46	21.5	9.42	85.3	87.9	75.9
1259629629	-1.76	54.65	23.1	9.88	92.2	95.1	75.9
1261630630	-1.65	50.37	25.1	10.56	101.3	104.3	76.1
1263631631	-1.52	46.25	27.1	11.46	111.5	114.8	76.3
1265632632	-1.47	42.24	31.0	11.85	122.7	126.5	75.8
1267633633	-1.37	37.53	36.1	12.68	138.8	143.4	75.4
1269634634	-1.33	32.85	44.7	13.13	158.1	164.2	74.2
1271635635	-1.31	28.30	58.0	13.25	181.0	190.1	72.2
1273636636	-1.30	23.70	78.8	13.35	210.1	224.4	69.4
1275637637	-1.33	19.56	110.5	13.11	241.2	265.3	65.4
1277638638	-1.45	14.93	175.7	12.01	269.9	322.1	56.9
1279639639	-1.51	10.87	264.1	11.56	285.5	388.9	47.2
1281640640	-1.62	6.52	392.5	10.76	237.7	458.9	31.2
1283641641	-1.74	2.52	477.2	10.00	104.0	488.4	12.3
1285642642	-1.91	-1.72	447.8	9.12	-60.4	451.9	-7.7
1287643643	-2.11	-5.54	357.8	8.29	-141.1	384.6	-21.5
1289644644	-2.24	-9.57	275.2	7.79	-175.2	326.2	-32.5
1291645645	-2.42	-13.42	212.6	7.23	-175.1	275.4	-39.5
1293646646	-2.61	-17.37	167.5	6.71	-164.0	234.4	-44.4
1295647647	-2.83	-20.77	139.9	6.20	-149.7	204.9	-46.9
1297648648	-3.01	-24.14	119.3	5.83	-138.2	182.6	-49.2
1299649649	-3.21	-27.82	102.4	5.48	-126.4	162.7	-51.0
1301650650	-3.43	-31.66	88.9	5.14	-115.3	145.6	-52.4
1303651651	-3.59	-35.07	79.3	4.90	-107.0	133.2	-53.5
1305652652	-3.75	-38.65	70.9	4.71	-99.6	122.3	-54.6
1307653653	-3.87	-41.97	64.4	4.57	-93.6	113.6	-55.5
1309654654	-4.03	-45.47	58.9	4.39	-87.3	105.3	-56.0
1311655655	-4.18	-48.87	54.3	4.24	-81.9	98.2	-56.4
1313656656	-4.32	-52.34	50.3	4.10	-76.8	91.8	-56.8
1315657657	-4.41	-55.56	46.8	4.02	-72.8	86.6	-57.3
1317658658	-4.48	-58.74	43.6	3.97	-69.3	81.9	-57.8
1319659659	-4.56	-61.88	41.0	3.89	-65.8	77.6	-58.1
1321660660	-4.62	-65.04	38.6	3.85	-62.7	73.6	-58.4
1323661661	-4.66	-68.05	36.3	3.82	-60.0	70.1	-58.8
1325662662	-4.66	-71.01	34.2	3.81	-57.5	66.9	-59.2
1327663663	-4.70	-73.77	32.6	3.78	-55.1	64.1	-59.4
1329664664	-4.71	-76.39	31.1	3.78	-53.1	61.5	-59.7
1331665665	-4.71	-79.18	29.6	3.78	-51.0	58.9	-59.9
1333666666	-4.71	-81.60	28.3	3.78	-49.2	56.8	-60.1
1335667667	-4.70	-83.91	27.2	3.79	-47.6	54.8	-60.3
1337668668	-4.65	-86.26	26.0	3.82	-46.1	52.9	-60.6
1339669669	-4.62	-88.54	24.9	3.85	-44.7	51.1	-60.9
1341670670	-4.60	-90.63	24.0	3.86	-43.3	49.5	-61.0
1343671671	-4.55	-92.90	23.0	3.90	-41.9	47.8	-61.2
1345672672	-4.52	-94.95	22.2	3.93	-40.7	46.3	-61.3
1347673673	-4.44	-96.84	21.3	4.00	-39.6	45.0	-61.8
1349674674	-4.40	-98.72	20.6	4.03	-38.5	43.7	-61.8
1351675675	-4.37	-100.31	20.1	4.06	-37.6	42.6	-61.9
1353676676	-4.35	-101.94	19.6	4.08	-36.6	41.5	-61.9
1355677677	-4.26	-103.61	18.8	4.16	-35.8	40.4	-62.3
1357678678	-4.20	-105.31	18.2	4.21	-34.9	39.3	-62.5
1359679679	-4.17	-106.90	17.7	4.24	-34.0	38.3	-62.5
1361680680	-4.12	-108.41	17.2	4.29	-33.2	37.4	-62.6
1363681681	-4.08	-109.84	16.8	4.34	-32.4	36.5	-62.6
1365682682	-4.01	-111.25	16.2	4.41	-31.7	35.6	-62.9
1367683683	-3.96	-112.83	15.8	4.46	-30.9	34.7	-62.9
1369684684	-3.91	-114.15	15.4	4.51	-30.2	33.9	-62.9
1371685685	-3.87	-115.38	15.0	4.57	-29.5	33.1	-63.0
1373686686	-3.82	-116.56	14.7	4.62	-28.9	32.5	-63.1
1375687687	-3.76	-117.81	14.3	4.69	-28.3	31.7	-63.2
1377688688	-3.72	-119.24	14.0	4.74	-27.6	30.9	-63.1
1379689689	-3.63	-120.39	13.5	4.85	-27.0	30.2	-63.5
1381690690	-3.58	-121.44	13.2	4.92	-26.5	29.6	-63.6
1383691691	-3.56	-122.55	13.0	4.94	-26.0	29.0	-63.4
1385692692	-3.50	-123.83	12.6	5.03	-25.3	28.3	-63.5
1387693693	-3.45	-124.89	12.3	5.10	-24.8	27.7	-63.6
1389694694	-3.41	-126.04	12.1	5.16	-24.3	27.1	-63.5
1391695695	-3.36	-126.98	11.8	5.24	-23.8	26.6	-63.6
1393696696	-3.27	-128.03	11.4	5.37	-23.3	26.0	-63.9
1395697697	-3.21	-129.03	11.1	5.47	-22.9	25.4	-64.0
1397698698	-3.14	-129.94	10.8	5.60	-22.4	24.9	-64.3
1399699699	-3.08	-130.98	10.5	5.71	-22.0	24.3	-64.4
1401700700	-3.03	-131.93	10.3	5.80	-21.5	23.8	-64.5
1403701701	-2.94	-132.78	9.9	5.96	-21.1	23.3	-64.8
1405702702	-2.90	-133.61	9.7	6.06	-20.7	22.9	-64.9
1407703703	-2.85	-134.35	9.5	6.15	-20.4	22.5	-65.0
1409704704	-2.75	-135.23	9.2	6.36	-20.0	22.0	-65.4
1411705705	-2.70	-135.99	8.9	6.48	-19.6	21.6	-65.5
1413706706	-2.63	-136.78	8.7	6.65	-19.3	21.1	-65.8
1415707707	-2.58	-137.49	8.5	6.78	-19.0	20.8	-65.9
1417708708	-2.51	-138.13	8.2	6.96	-18.7	20.4	-66.3
1419709709	-2.42	-138.80	7.9	7.22	-18.4	20.0	-66.8
1421710710	-2.35	-139.49	7.6	7.42	-18.1	19.6	-67.1
1423711711	-2.29	-140.30	7.4	7.63	-17.7	19.2	-67.3
1425712712	-2.22	-140.77	7.1	7.88	-17.5	18.9	-67.8
1427713713	-2.15	-141.33	6.9	8.13	-17.2	18.6	-68.2
1429714714	-2.07	-142.10	6.6	8.43	-16.9	18.1	-68.6
1431715715	-1.99	-142.50	6.4	8.75	-16.7	17.9	-69.2
1433716716	-1.95	-142.93	6.2	8.93	-16.5	17.7	-69.4
1435717717	-1.89	-143.38	6.0	9.22	-16.3	17.4	-69.8
1437718718	-1.83	-143.99	5.8	9.52	-16.1	17.1	-70.1
1439719719	-1.76	-144.53	5.6	9.90	-15.8	16.8	-70.6
1441720720	-1.68	-144.76	5.3	10.36	-15.7	16.6	-71.3
1443721721	-1.59	-145.00	5.0	10.99	-15.6	16.4	-72.3
1445722722	-1.55	-145.47	4.9	11.27	-15.4	16.2	-72.5
1447723723	-1.48	-145.86	4.6	11.79	-15.2	15.9	-73.1
1449724724	-1.44	-146.35	4.5	12.06	-15.0	15.7	-73.2
1451725725	-1.38	-146.63	4.3	12.62	-14.9	15.5	-73.8
1453726726	-1.33	-146.89	4.2	13.07	-14.8	15.3	-74.3
1455727727	-1.29	-147.15	4.0	13.51	-14.7	15.2	-74.7
1457728728	-1.24	-147.43	3.9	14.06	-14.5	15.0	-75.1
1459729729	-1.18	-147.67	3.7	14.72	-14.4	14.9	-75.7
1461730730	-1.15	-147.96	3.6	15.12	-14.3	14.7	-75.9
1463731731	-1.10	-148.11	3.4	15.88	-14.2	14.6	-76.5
1465732732	-1.05	-148.45	3.3	16.50	-14.1	14.4	-76.9
1467733733	-1.01	-148.55	3.1	17.25	-14.0	14.4	-77.4
1469734734	-0.96	-148.75	3.0	18.13	-13.9	14.3	-78.0
1471735735	-0.94	-148.97	2.9	18.55	-13.8	14.1	-78.2
1473736736	-0.95	-149.01	2.9	18.26	-13.8	14.1	-78.0
1475737737	-0.91	-149.17	2.8	19.11	-13.7	14.0	-78.4
1477738738	-0.87	-149.35	2.7	20.09	-13.7	13.9	-78.9
1479739739	-0.84	-149.47	2.6	20.75	-13.6	13.9	-79.2
1481740740	-0.81	-149.72	2.5	21.38	-13.5	13.7	-79.5
1483741741	-0.82	-149.89	2.5	21.29	-13.4	13.7	-79.4
1485742742	-0.80	-150.05	2.5	21.64	-13.3	13.6	-79.5
1487743743	-0.77	-150.27	2.4	22.53	-13.2	13.5	-79.8
1489744744	-0.78	-150.53	2.4	22.38	-13.1	13.3	-79.7
1491745745	-0.79	-150.66	2.4	22.14	-13.1	13.3	-79.5
1493746746	-0.75	-151.03	2.3	23.21	-12.9	13.1	-79.9
1495747747	-0.75	-151.01	2.3	23.29	-12.9	13.1	-79.9
1497748748	-0.78	-151.19	2.4	22.41	-12.8	13.0	-79.5
1499749749	-0.76	-151.41	2.3	22.94	-12.7	12.9	-79.7
1501750750	-0.72	-151.57	2.2	24.28	-12.6	12.8	-80.2
1503751751	-0.73	-151.75	2.2	23.92	-12.6	12.8	-80.0
1505752752	-0.73	-152.22	2.2	23.70	-12.3	12.5	-79.7
1507753753	-0.74	-152.41	2.3	23.51	-12.3	12.5	-79.6
1509754754	-0.72	-152.74	2.2	23.98	-12.1	12.3	-79.7
1511755755	-0.73	-152.83	2.2	23.95	-12.1	12.3	-79.6
1513756756	-0.75	-153.22	2.3	23.10	-11.9	12.1	-79.1
1515757757	-0.77	-153.64	2.3	22.48	-11.7	11.9	-78.6
1517758758	-0.73	-153.78	2.2	23.92	-11.6	11.8	-79.3
1519759759	-0.73	-154.11	2.2	23.78	-11.5	11.7	-79.1
1521760760	-0.75	-154.44	2.3	23.27	-11.3	11.5	-78.7
1523761761	-0.73	-154.75	2.2	23.96	-11.2	11.4	-78.9
1525762762	-0.70	-155.69	2.1	24.72	-10.8	11.0	-78.9
1527763763	-0.66	-157.04	2.0	26.47	-10.1	10.3	-79.0
1529764764	-0.70	-156.00	2.1	24.96	-10.6	10.8	-78.8
1531765765	-0.74	-155.85	2.2	23.50	-10.7	10.9	-78.2
1533766766	-0.73	-156.20	2.2	23.80	-10.5	10.7	-78.2
1535767767	-0.73	-156.35	2.2	23.80	-10.4	10.7	-78.1
1537768768	-0.69	-156.78	2.1	25.04	-10.3	10.5	-78.5
1539769769	-0.70	-157.29	2.1	24.94	-10.0	10.2	-78.2
1541770770	-0.72	-157.78	2.1	24.28	-9.8	10.0	-77.7
1543771771	-0.70	-157.99	2.1	25.01	-9.7	9.9	-77.9
1545772772	-0.69	-158.28	2.1	25.09	-9.6	9.8	-77.8
1547773773	-0.65	-158.93	1.9	26.64	-9.3	9.5	-78.2
1549774774	-0.63	-159.25	1.9	27.61	-9.1	9.3	-78.4
1551775775	-0.66	-159.70	2.0	26.34	-8.9	9.1	-77.6
1553776776	-0.63	-159.93	1.9	27.65	-8.8	9.0	-78.1
1555777777	-0.60	-160.35	1.8	28.78	-8.6	8.8	-78.3
1557778778	-0.59	-160.87	1.7	29.49	-8.4	8.6	-78.3
1559779779	-0.56	-161.15	1.6	31.28	-8.3	8.5	-78.8
1561780780	-0.53	-161.75	1.6	32.93	-8.0	8.2	-79.0
1563781781	-0.51	-162.16	1.5	34.08	-7.8	8.0	-79.1
1565782782	-0.47	-162.65	1.4	36.75	-7.6	7.7	-79.6
1567783783	-0.43	-163.06	1.3	40.56	-7.4	7.5	-80.4
1569784784	-0.39	-163.30	1.2	44.02	-7.3	7.4	-81.0
1571785785	-0.37	-163.65	1.1	47.19	-7.2	7.3	-81.4
1573786786	-0.32	-164.23	0.9	54.34	-6.9	7.0	-82.3
1575787787	-0.28	-164.66	0.8	62.86	-6.7	6.8	-83.1
1577788788	-0.24	-164.78	0.7	72.61	-6.7	6.7	-84.0
1579789789	-0.19	-165.20	0.5	92.82	-6.5	6.5	-85.2
1581790790	-0.15	-165.75	0.4	113.07	-6.2	6.3	-85.9
1583791791	-0.09	-166.01	0.3	199.96	-6.1	6.1	-87.6
1585792792	-0.01	-166.32	0.0	286.80	-6.0	6.0	-89.6
1587793793	0.00	-166.82	0.0	?	-5.8	5.8	-90.0
1589794794	0.00	-167.40	0.0	?	-5.5	5.5	-90.0
1591795795	0.00	-167.66	0.0	?	-5.4	5.4	-90.0
1593796796	0.00	-167.99	0.0	?	-5.3	5.3	-90.0
1595797797	0.00	-168.31	0.0	?	-5.1	5.1	-90.0
1597798798	0.00	-168.65	0.0	?	-5.0	5.0	-90.0
1599799799	0.00	-169.01	0.0	?	-4.8	4.8	-90.0
1601800800	0.00	-169.43	0.0	?	-4.6	4.6	-90.0
1603801801	0.00	-169.67	0.0	?	-4.5	4.5	-90.0
1605802802	0.00	-170.04	0.0	?	-4.4	4.4	-90.0
1607803803	0.00	-170.50	0.0	?	-4.2	4.2	-90.0
1609804804	0.00	-170.72	0.0	?	-4.1	4.1	-90.0
1611805805	0.00	-171.26	0.0	?	-3.8	3.8	-90.0
1613806806	0.00	-171.58	0.0	?	-3.7	3.7	-90.0
1615807807	0.00	-172.03	0.0	?	-3.5	3.5	-90.0
1617808808	0.00	-172.51	0.0	?	-3.3	3.3	-90.0
1619809809	0.00	-173.02	0.0	?	-3.0	3.0	-90.0
1621810810	0.00	-173.33	0.0	?	-2.9	2.9	-90.0
1623811811	0.00	-173.42	0.0	?	-2.9	2.9	-90.0
1625812812	0.00	-173.83	0.0	?	-2.7	2.7	-90.0
1627813813	0.00	-174.39	0.0	?	-2.5	2.5	-90.0
1629814814	0.00	-174.55	0.0	?	-2.4	2.4	-90.0
1631815815	0.00	-174.82	0.0	?	-2.3	2.3	-90.0
1633816816	0.00	-175.20	0.0	?	-2.1	2.1	-90.0
1635817817	0.00	-175.66	0.0	?	-1.9	1.9	-90.0
1637818818	0.00	-176.08	0.0	?	-1.7	1.7	-90.0
1639819819	0.00	-176.59	0.0	?	-1.5	1.5	-90.0
1641820820	0.00	-176.89	0.0	?	-1.4	1.4	-90.0
1643821821	0.00	-177.35	0.0	?	-1.2	1.2	-90.0
1645822822	0.00	-177.81	0.0	?	-1.0	1.0	-90.0
1647823823	0.00	-178.24	0.0	?	-0.8	0.8	-90.0
1649824824	0.00	-178.76	0.0	?	-0.5	0.5	-90.0
1651825825	0.00	-179.08	0.0	?	-0.4	0.4	-90.0
1653826826	0.00	-179.39	0.0	?	-0.3	0.3	-90.0
1655827827	0.00	-179.98	0.0	?	-0.0	0.0	-90.0
1657828828	0.00	179.69	0.0	?	0.1	0.1	90.0
1659829829	0.00	179.20	0.0	?	0.4	0.4	90.0
1661830830	0.00	178.95	0.0	?	0.5	0.5	90.0
1663831831	0.00	178.24	0.0	?	0.8	0.8	90.0
1665832832	0.00	177.88	0.0	?	0.9	0.9	90.0
1667833833	0.00	177.13	0.0	?	1.3	1.3	90.0
1669834834	0.00	176.48	0.0	?	1.5	1.5	90.0
1671835835	0.00	175.83	0.0	?	1.8	1.8	90.0
1673836836	0.00	175.18	0.0	?	2.1	2.1	90.0
1675837837	0.00	174.67	0.0	?	2.3	2.3	90.0
1677838838	0.00	173.89	0.0	?	2.7	2.7	90.0
1679839839	0.00	173.49	0.0	?	2.8	2.8	90.0
1681840840	0.00	172.61	0.0	?	3.2	3.2	90.0
1683841841	0.00	172.15	0.0	?	3.4	3.4	90.0
1685842842	0.00	170.97	0.0	?	3.9	3.9	90.0
1687843843	0.00	170.34	0.0	?	4.2	4.2	90.0
1689844844	0.00	169.58	0.0	?	4.6	4.6	90.0
1691845845	0.00	168.62	0.0	?	5.0	5.0	90.0
1693846846	0.00	168.17	0.0	?	5.2	5.2	90.0
1695847847	0.00	166.88	0.0	?	5.7	5.7	90.0
1697848848	0.00	166.25	0.0	?	6.0	6.0	90.0
1699849849	0.00	165.68	0.0	?	6.3	6.3	90.0
1701850850	0.00	164.93	0.0	?	6.6	6.6	90.0
1703851851	0.00	163.74	0.0	?	7.1	7.1	90.0
1705852852	0.00	162.87	0.0	?	7.5	7.5	90.0
1707853853	0.00	162.18	0.0	?	7.8	7.8	90.0
1709854854	0.00	161.54	0.0	?	8.1	8.1	90.0
1711855855	0.00	160.53	0.0	?	8.6	8.6	90.0
1713856856	0.00	159.90	0.0	?	8.9	8.9	90.0
1715857857	0.00	158.93	0.0	?	9.3	9.3	90.0
1717858858	0.00	158.33	0.0	?	9.6	9.6	90.0
1719859859	0.00	158.26	0.0	?	9.6	9.6	90.0
1721860860	0.00	157.60	0.0	?	9.9	9.9	90.0
1723861861	0.00	157.02	0.0	?	10.2	10.2	90.0
1725862862	0.00	156.74	0.0	?	10.3	10.3	90.0
1727863863	0.00	156.23	0.0	?	10.5	10.5	90.0
1729864864	0.00	155.78	0.0	?	10.7	10.7	90.0
1731865865	0.00	155.20	0.0	?	11.0	11.0	90.0
1733866866	0.00	154.45	0.0	?	11.3	11.3	90.0
1735867867	0.00	153.23	0.0	?	11.9	11.9	90.0
1737868868	0.00	152.55	0.0	?	12.2	12.2	90.0
1739869869	0.00	151.80	0.0	?	12.6	12.6	90.0
1741870870	0.00	150.59	0.0	?	13.1	13.1	90.0
1743871871	0.00	149.02	0.0	?	13.9	13.9	90.0
1745872872	0.00	147.80	0.0	?	14.4	14.4	90.0
1747873873	0.00	146.36	0.0	?	15.1	15.1	90.0
1749874874	0.00	145.72	0.0	?	15.4	15.4	90.0
1751875875	0.00	143.82	0.0	?	16.3	16.3	90.0
1753876876	0.00	142.22	0.0	?	17.1	17.1	90.0
1755877877	0.00	140.66	0.0	?	17.9	17.9	90.0
1757878878	0.00	138.83	0.0	?	18.8	18.8	90.0
1759879879	0.00	137.14	0.0	?	19.6	19.6	90.0
1761880880	0.00	135.59	0.0	?	20.4	20.4	90.0
1763881881	0.00	133.75	0.0	?	21.4	21.4	90.0
1765882882	0.00	132.11	0.0	?	22.2	22.2	90.0
1767883883	0.00	130.44	0.0	?	23.1	23.1	90.0
1769884884	0.00	128.61	0.0	?	24.1	24.1	90.0
1771885885	0.00	127.02	0.0	?	24.9	24.9	90.0
1773886886	0.00	124.89	0.0	?	26.1	26.1	90.0
1775887887	0.00	123.26	0.0	?	27.0	27.0	90.0
1777888888	0.00	121.33	0.0	?	28.1	28.1	90.0
1779889889	0.00	119.17	0.0	?	29.4	29.4	90.0
1781890890	0.00	117.85	0.0	?	30.1	30.1	90.0
1783891891	0.00	116.32	0.0	?	31.0	31.0	90.0
1785892892	0.00	114.20	0.0	?	32.3	32.3	90.0
1787893893	0.00	112.64	0.0	?	33.3	33.3	90.0
1789894894	0.00	110.87	0.0	?	34.4	34.4	90.0
1791895895	0.00	108.65	0.0	?	35.9	35.9	90.0
1793896896	0.00	106.81	0.0	?	37.1	37.1	90.0
1795897897	0.00	105.28	0.0	?	38.2	38.2	90.0
1797898898	0.00	103.18	0.0	?	39.6	39.6	90.0
1799899899	0.00	101.63	0.0	?	40.8	40.8	90.0
1801900900	0.00	99.83	0.0	?	42.1	42.1	90.0
1803901901	0.00	97.87	0.0	?	43.6	43.6	90.0
1805902902	0.00	95.86	0.0	?	45.1	45.1	90.0
1807903903	0.00	94.11	0.0	?	46.5	46.5	90.0
1809904904	0.00	92.03	0.0	?	48.3	48.3	90.0
1811905905	0.00	90.26	0.0	?	49.8	49.8	90.0
1813906906	0.00	88.04	0.0	?	51.7	51.7	90.0
1815907907	0.00	86.28	0.0	?	53.4	53.4	90.0
1817908908	0.00	84.59	0.0	?	55.0	55.0	90.0
1819909909	0.00	82.47	0.0	?	57.0	57.0	90.0
1821910910	0.00	80.21	0.0	?	59.4	59.4	90.0
1823911911	-0.16	78.34	1.2	106.94	61.4	61.4	88.9
1825912912	-0.40	76.12	3.0	43.86	63.8	63.8	87.3
1827913913	-0.69	73.90	5.5	25.22	66.2	66.4	85.3
1829914914	-0.94	71.77	7.8	18.48	68.5	69.0	83.5
1831915915	-1.18	70.04	10.2	14.76	70.4	71.1	81.8
1833916916	-1.42	67.91	12.9	12.27	72.7	73.8	80.0
1835917917	-1.73	65.28	16.7	10.08	75.5	77.3	77.6
1837918918	-1.96	63.06	19.9	8.91	77.9	80.4	75.7
1839919919	-2.20	60.42	23.7	7.94	80.7	84.2	73.6
1841920920	-2.41	58.36	27.4	7.24	82.8	87.2	71.7
1843921921	-2.66	55.95	31.9	6.58	85.0	90.8	69.4
1845922922	-2.92	54.01	36.5	6.01	86.2	93.6	67.1
1847923923	-3.21	51.36	42.5	5.47	87.8	97.6	64.1
1849924924	-3.41	48.41	48.6	5.17	90.3	102.6	61.7
1851925925	-3.65	45.79	55.1	4.83	91.4	106.7	58.9
1853926926	-3.84	43.61	60.9	4.59	91.9	110.2	56.5
1855927927	-4.13	40.78	68.9	4.28	91.2	114.3	52.9
1857928928	-4.33	38.11	76.4	4.10	90.8	118.6	49.9
1859929929	-4.46	35.11	84.6	3.98	90.9	124.2	47.0
1861930930	-4.65	32.64	92.1	3.83	88.6	127.8	43.9
1863931931	-4.90	29.72	100.8	3.64	84.1	131.3	39.8
1865932932	-5.05	27.03	108.6	3.53	80.2	135.0	36.5
1867933933	-5.18	24.21	116.6	3.45	75.6	139.0	33.0
1869934934	-5.30	21.77	123.2	3.38	70.4	141.8	29.7
1871935935	-5.45	18.66	130.8	3.29	62.5	145.0	25.5
1873936936	-5.54	16.01	136.8	3.24	55.4	147.6	22.0
1875937937	-5.67	12.88	142.4	3.17	45.3	149.4	17.7
1877938938	-5.68	10.26	147.7	3.17	37.5	152.4	14.2
1879939939	-5.83	7.30	149.3	3.09	26.2	151.6	10.0
1881940940	-5.93	4.28	150.4	3.04	15.2	151.1	5.8
1883941941	-5.99	1.24	150.5	3.01	4.4	150.6	1.7
1885942942	-6.08	-1.43	148.4	2.97	-4.9	148.5	-1.9
1887943943	-6.08	-3.91	147.3	2.97	-13.2	147.9	-5.1
1889944944	-6.18	-6.94	142.5	2.93	-22.3	144.2	-8.9
1891945945	-6.20	-9.36	139.0	2.92	-29.1	142.0	-11.8
1893946946	-6.29	-12.11	133.3	2.88	-35.5	138.0	-14.9
1895947947	-6.32	-14.97	127.8	2.87	-41.6	134.4	-18.0
1897948948	-6.35	-17.61	122.3	2.86	-46.3	130.8	-20.7
1899949949	-6.42	-19.89	117.0	2.83	-49.2	126.9	-22.8
1901950950	-6.51	-22.44	111.0	2.79	-51.6	122.4	-24.9
1903951951	-6.60	-24.63	106.0	2.76	-52.9	118.5	-26.5
1905952952	-6.75	-27.75	99.2	2.70	-53.8	112.8	-28.5
1907953953	-6.83	-29.45	95.7	2.67	-54.1	109.9	-29.5
1909954954	-6.99	-30.89	92.5	2.62	-53.1	106.7	-29.9
1911955955	-7.18	-32.91	88.5	2.56	-52.1	102.7	-30.5
1913956956	-7.31	-33.88	86.6	2.51	-51.1	100.5	-30.5
1915957957	-7.40	-34.96	84.7	2.49	-50.7	98.7	-30.9
1917958958	-7.48	-36.07	82.9	2.47	-50.3	97.0	-31.2
1919959959	-7.47	-36.26	82.6	2.47	-50.4	96.8	-31.4
1921960960	-7.48	-35.88	83.2	2.46	-50.1	97.1	-31.1
1923961961	-7.35	-36.04	83.2	2.50	-51.5	97.9	-31.8
1925962962	-7.23	-35.89	83.7	2.54	-52.6	98.9	-32.2
1927963963	-7.11	-36.26	83.3	2.58	-54.0	99.3	-32.9
1929964964	-6.88	-36.66	83.1	2.65	-56.5	100.4	-34.2
1931965965	-6.79	-37.34	82.0	2.69	-57.6	100.3	-35.1
1933966966	-6.51	-38.14	80.9	2.79	-60.8	101.2	-36.9
1935967967	-6.35	-39.19	79.1	2.86	-62.7	101.0	-38.4
1937968968	-6.11	-40.13	77.3	2.96	-65.3	101.2	-40.2
1939969969	-5.91	-41.06	75.4	3.05	-67.5	101.3	-41.8
1941970970	-5.77	-42.29	73.0	3.12	-68.8	100.3	-43.3
1943971971	-5.59	-43.36	70.7	3.22	-70.5	99.8	-44.9
1945972972	-5.46	-44.55	68.2	3.28	-71.3	98.7	-46.3
1947973973	-5.33	-45.48	66.2	3.36	-72.3	98.0	-47.5
1949974974	-5.16	-46.45	63.9	3.46	-73.5	97.4	-49.0
1951975975	-5.02	-47.92	60.9	3.55	-74.0	95.8	-50.5
1953976976	-4.88	-48.79	58.8	3.65	-74.8	95.1	-51.8
1955977977	-4.74	-49.61	56.8	3.76	-75.5	94.5	-53.1
1957978978	-4.64	-50.94	54.3	3.83	-75.3	92.8	-54.2
1959979979	-4.51	-52.34	51.5	3.93	-75.1	91.1	-55.5
1961980980	-4.39	-53.16	49.7	4.04	-75.4	90.3	-56.6
1963981981	-4.29	-53.84	48.1	4.14	-75.6	89.6	-57.5
1965982982	-4.16	-55.05	45.7	4.25	-75.3	88.1	-58.7
1967983983	-4.03	-55.90	43.8	4.38	-75.4	87.2	-59.8
1969984984	-3.96	-56.47	42.6	4.46	-75.3	86.5	-60.5
1971985985	-3.93	-57.34	41.5	4.49	-74.6	85.3	-60.9
1973986986	-3.80	-58.53	39.2	4.65	-74.2	83.9	-62.1
1975987987	-3.69	-59.23	37.8	4.77	-74.1	83.1	-63.0
1977988988	-3.55	-59.71	36.2	4.96	-74.4	82.7	-64.0
1979989989	-3.53	-60.43	35.4	4.99	-73.7	81.7	-64.4
1981990990	-3.48	-61.26	34.2	5.06	-73.0	80.7	-64.9
1983991991	-3.41	-61.97	33.1	5.16	-72.6	79.8	-65.5
1985992992	-3.31	-62.97	31.5	5.31	-71.9	78.6	-66.3
1987993993	-3.24	-63.43	30.6	5.42	-71.8	78.0	-66.9
1989994994	-3.16	-64.23	29.4	5.55	-71.2	77.1	-67.5
1991995995	-3.13	-64.40	29.1	5.60	-71.2	76.9	-67.8
1993996996	-3.10	-64.90	28.5	5.66	-70.7	76.2	-68.1
1995997997	-3.01	-65.93	27.0	5.84	-70.0	75.0	-68.9
1997998998	-2.95	-66.81	26.1	5.94	-69.2	73.9	-69.3
1999999999	-2.96	-67.02	26.0	5.92	-68.9	73.6	-69.3
