1000000	-0.77	88.02	4.6	22.58	51.5	51.7	84.9
3001001	0.00	82.55	0.0	?	57.0	57.0	90.0
5002002	0.00	76.99	0.0	?	62.9	62.9	90.0
7003003	0.00	72.92	0.0	?	67.7	67.7	90.0
9004004	0.00	69.42	0.0	?	72.2	72.2	90.0
11005005	0.00	67.36	0.0	?	75.0	75.0	90.0
13006006	0.00	65.16	0.0	?	78.2	78.2	90.0
15007007	-0.19	62.34	2.1	89.38	82.6	82.6	88.6
17008008	-0.26	60.58	3.0	66.26	85.5	85.6	88.0
19009009	-0.37	58.78	4.5	46.47	88.6	88.7	87.1
21010010	-0.43	57.16	5.4	40.45	91.5	91.7	86.6
23011011	-0.48	55.56	6.3	36.27	94.6	94.8	86.2
25012012	-0.54	54.06	7.5	32.20	97.5	97.8	85.6
27013013	-0.58	52.53	8.5	30.06	100.7	101.1	85.2
29014014	-0.62	51.16	9.4	28.23	103.7	104.2	84.8
31015015	-0.64	49.90	10.3	27.10	106.7	107.2	84.5
33016016	-0.68	48.71	11.3	25.74	109.5	110.1	84.1
35017017	-0.68	47.65	11.9	25.49	112.2	112.8	83.9
37018018	-0.67	46.53	12.3	25.86	115.2	115.8	83.9
39019019	-0.66	45.37	12.6	26.48	118.5	119.2	83.9
41020020	-0.65	44.26	13.1	26.58	121.7	122.4	83.8
43021021	-0.66	43.14	13.8	26.49	125.1	125.9	83.7
45022022	-0.67	42.19	14.7	25.96	128.1	129.0	83.4
47023023	-0.68	41.23	15.5	25.68	131.3	132.2	83.3
49024024	-0.69	40.40	16.3	25.36	134.1	135.1	83.1
51025025	-0.69	39.51	17.2	25.13	137.3	138.4	82.9
53026026	-0.70	38.69	18.2	24.71	140.3	141.5	82.6
55027027	-0.73	37.90	19.5	23.90	143.2	144.6	82.2
57028028	-0.74	37.13	20.7	23.51	146.3	147.7	82.0
59029029	-0.76	36.40	22.1	22.80	149.1	150.8	81.6
61030030	-0.79	35.70	23.6	22.11	152.0	153.8	81.2
63031031	-0.82	35.05	25.5	21.13	154.5	156.6	80.6
65032032	-0.86	34.38	27.7	20.18	157.2	159.6	80.0
67033033	-0.91	33.68	30.2	19.17	160.0	162.8	79.3
69034034	-0.95	33.02	32.7	18.29	162.6	165.9	78.6
71035035	-1.00	32.34	35.6	17.41	165.4	169.2	77.8
73036036	-1.06	31.65	39.0	16.47	168.0	172.5	76.9
75037037	-1.11	30.94	42.7	15.61	170.8	176.0	76.0
77038038	-1.18	30.25	46.8	14.78	173.3	179.5	74.9
79039039	-1.26	29.53	51.8	13.84	175.5	183.0	73.6
81040040	-1.32	28.82	56.4	13.16	177.9	186.6	72.4
83041041	-1.42	28.11	62.3	12.30	179.5	190.0	70.8
85042042	-1.50	27.42	68.2	11.61	180.9	193.3	69.3
87043043	-1.57	26.74	73.7	11.08	182.3	196.7	68.0
89044044	-1.64	25.92	80.2	10.62	184.5	201.1	66.5
91045045	-1.71	25.02	87.6	10.17	186.5	206.0	64.8
93046046	-1.80	24.09	96.2	9.67	187.7	210.9	62.9
95047047	-1.89	23.18	104.9	9.23	188.3	215.6	60.9
97048048	-1.98	22.34	113.6	8.82	187.9	219.6	58.8
99049049	-2.04	21.38	122.8	8.56	188.9	225.2	57.0
101050050	-2.11	20.27	133.9	8.27	189.1	231.7	54.7
103051051	-2.18	19.07	146.5	8.02	188.9	239.1	52.2
105052052	-2.24	17.80	160.4	7.78	187.7	246.9	49.5
107053053	-2.32	16.44	176.1	7.53	184.4	255.0	46.3
109054054	-2.41	15.16	191.1	7.24	177.5	260.8	42.9
111055055	-2.48	13.76	207.5	7.05	170.6	268.6	39.4
113056056	-2.56	12.39	223.1	6.85	160.4	274.8	35.7
115057057	-2.62	10.92	239.2	6.67	147.8	281.2	31.7
117058058	-2.69	9.37	255.0	6.51	132.0	287.1	27.4
119059059	-2.75	7.79	269.6	6.38	113.8	292.6	22.9
121060060	-2.81	6.16	280.8	6.23	91.4	295.3	18.0
123061061	-2.87	4.47	289.7	6.12	67.2	297.4	13.1
125062062	-2.92	2.74	294.5	6.01	41.1	297.4	8.0
127063063	-2.98	1.00	293.7	5.89	14.7	294.1	2.9
129064064	-3.01	-0.74	291.0	5.83	-10.6	291.2	-2.1
131065065	-3.04	-2.55	283.9	5.77	-35.4	286.0	-7.1
133066066	-3.06	-4.38	273.6	5.73	-58.1	279.7	-12.0
135067067	-3.08	-6.28	260.7	5.71	-78.9	272.3	-16.8
137068068	-3.07	-8.29	245.4	5.72	-98.1	264.3	-21.8
139069069	-3.07	-10.40	226.8	5.72	-113.4	253.6	-26.6
141070070	-3.06	-12.48	208.2	5.73	-125.0	242.9	-31.0
143071071	-3.04	-14.57	189.8	5.77	-133.6	232.1	-35.1
145072072	-3.04	-16.78	171.1	5.78	-138.4	220.0	-39.0
147073073	-3.00	-19.08	152.9	5.84	-141.7	208.5	-42.8
149074074	-2.98	-21.39	136.4	5.88	-142.0	196.9	-46.2
151075075	-2.97	-23.60	122.1	5.91	-140.4	186.1	-49.0
153076076	-2.92	-26.03	108.1	6.00	-138.4	175.6	-52.0
155077077	-2.88	-28.39	96.0	6.09	-135.4	166.0	-54.7
157078078	-2.85	-30.87	85.3	6.14	-130.8	156.1	-56.9
159079079	-2.82	-33.32	75.9	6.21	-126.2	147.3	-59.0
161080080	-2.80	-35.77	68.0	6.26	-121.3	139.0	-60.7
163081081	-2.76	-38.27	60.8	6.34	-116.4	131.4	-62.4
165082082	-2.74	-40.68	54.9	6.40	-111.7	124.5	-63.8
167083083	-2.71	-43.13	49.6	6.47	-107.1	118.0	-65.1
169084084	-2.67	-45.47	45.1	6.55	-102.9	112.3	-66.3
171085085	-2.62	-47.93	40.8	6.67	-98.7	106.8	-67.6
173086086	-2.55	-50.45	36.6	6.86	-94.8	101.6	-68.9
175087087	-2.50	-53.26	32.9	6.99	-90.3	96.1	-70.0
177088088	-2.46	-56.09	29.8	7.10	-86.0	91.0	-70.9
179089089	-2.41	-59.01	26.9	7.24	-81.8	86.1	-71.8
181090090	-2.39	-62.18	24.4	7.31	-77.4	81.1	-72.5
183091091	-2.35	-65.20	22.2	7.44	-73.5	76.8	-73.2
185092092	-2.32	-68.65	20.1	7.53	-69.3	72.2	-73.8
187093093	-2.32	-72.27	18.5	7.54	-65.1	67.7	-74.2
189094094	-2.28	-76.04	16.7	7.67	-61.2	63.4	-74.7
191095095	-2.24	-80.55	15.0	7.79	-56.7	58.7	-75.2
193096096	-2.26	-85.49	13.8	7.72	-52.2	54.0	-75.2
195097097	-2.34	-90.81	13.0	7.46	-47.6	49.3	-74.7
197098098	-2.44	-96.55	12.3	7.17	-43.1	44.8	-74.0
199099099	-2.55	-102.91	11.8	6.86	-38.5	40.2	-73.0
201100100	-2.68	-110.05	11.3	6.54	-33.8	35.6	-71.6
203101101	-2.85	-118.06	11.0	6.15	-28.9	30.9	-69.3
205102102	-3.10	-127.46	10.9	5.67	-23.7	26.1	-65.3
207103103	-3.42	-137.45	11.1	5.14	-18.6	21.7	-59.1
209104104	-3.82	-148.57	11.6	4.63	-13.4	17.7	-49.0
211105105	-4.28	-160.89	12.4	4.14	-7.9	14.7	-32.5
213106106	-4.85	-174.95	13.6	3.67	-2.0	13.8	-8.5
215107107	-5.54	169.42	15.6	3.24	4.2	16.1	15.1
217108108	-6.27	152.15	18.2	2.89	10.8	21.2	30.7
219109109	-6.81	133.70	21.5	2.68	18.0	28.0	39.9
221110110	-7.06	114.99	25.6	2.59	25.6	36.2	45.0
223111111	-6.97	97.34	30.4	2.62	33.8	45.4	48.0
225112112	-6.62	81.82	36.1	2.75	42.6	55.8	49.7
227113113	-6.09	68.75	42.5	2.97	52.1	67.3	50.8
229114114	-5.48	57.97	49.9	3.28	62.8	80.2	51.5
231115115	-4.88	48.51	59.2	3.65	75.0	95.5	51.7
233116116	-4.32	40.18	71.5	4.10	89.0	114.2	51.2
235117117	-3.81	32.98	87.4	4.63	105.2	136.8	50.3
237118118	-3.38	26.31	110.7	5.21	123.0	165.5	48.0
239119119	-3.04	20.14	145.1	5.78	140.1	201.7	44.0
241120120	-2.78	14.49	195.0	6.29	149.6	245.8	37.5
243121121	-2.59	9.29	261.2	6.75	139.3	296.0	28.1
245122122	-2.43	4.54	333.4	7.20	93.2	346.2	15.6
247123123	-2.30	0.17	379.6	7.59	4.3	379.6	0.6
249124124	-2.21	-4.08	366.4	7.90	-101.4	380.2	-15.5
251125125	-2.15	-7.96	309.0	8.11	-170.9	353.1	-28.9
253126126	-2.11	-11.61	244.9	8.29	-201.1	316.9	-39.4
255127127	-2.08	-15.14	190.3	8.41	-205.9	280.4	-47.2
257128128	-2.06	-18.49	149.8	8.49	-198.8	248.9	-53.0
259129129	-2.04	-21.57	121.2	8.57	-188.2	223.8	-57.2
261130130	-2.00	-24.50	99.7	8.70	-177.5	203.6	-60.7
263131131	-1.95	-27.33	82.8	8.92	-167.5	186.8	-63.7
265132132	-1.89	-30.19	68.8	9.22	-157.7	172.1	-66.4
267133133	-1.83	-33.10	57.5	9.53	-147.9	158.7	-68.8
269134134	-1.78	-35.97	48.8	9.77	-138.6	147.0	-70.6
271135135	-1.74	-38.71	42.1	9.99	-130.3	137.0	-72.1
273136136	-1.70	-41.40	36.5	10.27	-122.9	128.2	-73.5
275137137	-1.66	-44.15	31.9	10.53	-115.8	120.1	-74.6
277138138	-1.61	-46.76	28.0	10.85	-109.7	113.2	-75.7
279139139	-1.57	-49.22	25.0	11.11	-104.2	107.2	-76.5
281140140	-1.54	-51.63	22.6	11.30	-99.2	101.8	-77.2
283141141	-1.50	-54.06	20.3	11.60	-94.6	96.7	-77.9
285142142	-1.46	-56.36	18.3	11.97	-90.5	92.3	-78.6
287143143	-1.41	-58.54	16.6	12.36	-86.8	88.4	-79.2
289144144	-1.36	-60.76	15.0	12.84	-83.3	84.6	-79.8
291145145	-1.31	-62.86	13.6	13.30	-80.1	81.3	-80.4
293146146	-1.25	-64.99	12.3	13.91	-77.1	78.1	-80.9
295147147	-1.21	-67.05	11.3	14.39	-74.3	75.1	-81.4
297148148	-1.17	-69.12	10.4	14.87	-71.6	72.3	-81.8
299149149	-1.13	-71.04	9.6	15.36	-69.2	69.8	-82.1
301150150	-1.08	-72.93	8.7	16.09	-66.9	67.5	-82.6
303151151	-1.05	-74.75	8.1	16.61	-64.8	65.3	-82.9
305152152	-1.02	-76.59	7.6	17.01	-62.8	63.2	-83.1
307153153	-0.99	-78.45	7.1	17.61	-60.8	61.2	-83.4
309154154	-0.97	-80.28	6.7	17.89	-58.9	59.2	-83.5
311155155	-0.97	-82.06	6.4	17.94	-57.0	57.4	-83.6
313156156	-0.96	-83.82	6.2	18.03	-55.3	55.7	-83.6
315157157	-0.99	-85.44	6.2	17.50	-53.8	54.1	-83.4
317158158	-1.02	-86.91	6.2	16.99	-52.4	52.8	-83.3
319159159	-1.03	-88.07	6.1	16.84	-51.3	51.7	-83.2
321160160	-1.01	-89.28	5.8	17.29	-50.3	50.6	-83.4
323161161	-0.96	-90.53	5.5	18.10	-49.2	49.5	-83.7
325162162	-0.91	-91.97	5.1	19.01	-48.0	48.3	-84.0
327163163	-0.88	-93.49	4.7	19.85	-46.8	47.1	-84.2
329164164	-0.85	-95.06	4.5	20.35	-45.6	45.8	-84.4
331165165	-0.83	-96.64	4.2	21.07	-44.3	44.5	-84.5
333166166	-0.81	-98.26	4.1	21.39	-43.1	43.3	-84.6
335167167	-0.81	-99.88	4.0	21.37	-41.9	42.1	-84.6
337168168	-0.82	-101.37	3.9	21.32	-40.8	41.0	-84.5
339169169	-0.83	-102.96	3.9	21.03	-39.7	39.8	-84.4
341170170	-0.84	-104.63	3.9	20.63	-38.5	38.7	-84.3
343171171	-0.85	-106.19	3.8	20.35	-37.4	37.6	-84.1
345172172	-0.86	-107.73	3.8	20.14	-36.4	36.6	-84.0
347173173	-0.88	-109.25	3.8	19.78	-35.4	35.6	-83.9
349174174	-0.89	-110.85	3.8	19.61	-34.3	34.5	-83.8
351175175	-0.90	-112.44	3.7	19.39	-33.3	33.5	-83.6
353176176	-0.91	-113.97	3.7	19.13	-32.4	32.6	-83.5
355177177	-0.93	-115.51	3.8	18.60	-31.4	31.6	-83.2
357178178	-0.95	-117.04	3.7	18.34	-30.5	30.7	-83.0
359179179	-0.96	-118.59	3.7	18.18	-29.6	29.8	-82.8
361180180	-0.97	-120.23	3.7	17.88	-28.6	28.9	-82.6
363181181	-0.98	-121.77	3.7	17.66	-27.7	28.0	-82.4
365182182	-1.00	-123.31	3.7	17.33	-26.9	27.1	-82.1
367183183	-1.01	-124.88	3.7	17.14	-26.0	26.2	-81.9
369184184	-1.02	-126.43	3.7	17.12	-25.1	25.4	-81.7
371185185	-1.02	-127.93	3.6	17.12	-24.3	24.6	-81.5
373186186	-1.02	-129.47	3.6	17.07	-23.5	23.8	-81.3
375187187	-1.02	-130.93	3.5	17.10	-22.7	23.0	-81.2
377188188	-1.02	-132.47	3.5	17.01	-21.9	22.2	-80.9
379189189	-1.02	-133.95	3.5	17.06	-21.2	21.4	-80.7
381190190	-1.02	-135.37	3.4	17.10	-20.4	20.7	-80.5
383191191	-1.01	-136.84	3.3	17.25	-19.7	20.0	-80.3
385192192	-1.00	-138.27	3.3	17.43	-19.0	19.3	-80.2
387193193	-0.99	-139.69	3.2	17.54	-18.3	18.6	-80.0
389194194	-0.99	-141.06	3.2	17.54	-17.6	17.9	-79.7
391195195	-0.98	-142.38	3.1	17.74	-17.0	17.3	-79.5
393196196	-0.97	-143.71	3.1	17.90	-16.3	16.6	-79.3
395197197	-0.96	-145.03	3.0	18.04	-15.7	16.0	-79.0
397198198	-0.95	-146.35	3.0	18.28	-15.1	15.4	-78.8
399199199	-0.94	-147.61	2.9	18.51	-14.5	14.8	-78.6
401200200	-0.93	-148.76	2.9	18.64	-13.9	14.2	-78.3
403201201	-0.92	-150.00	2.8	18.87	-13.4	13.7	-78.0
405202202	-0.92	-151.22	2.8	18.98	-12.8	13.1	-77.6
407203203	-0.91	-152.35	2.8	19.15	-12.3	12.6	-77.3
409204204	-0.90	-153.52	2.7	19.38	-11.7	12.0	-76.9
411205205	-0.89	-154.55	2.7	19.47	-11.3	11.6	-76.5
413206206	-0.89	-155.68	2.7	19.51	-10.7	11.1	-76.0
415207207	-0.89	-156.74	2.7	19.58	-10.3	10.6	-75.5
417208208	-0.89	-157.77	2.7	19.52	-9.8	10.1	-74.8
419209209	-0.89	-158.81	2.7	19.49	-9.3	9.7	-74.1
421210210	-0.90	-159.83	2.7	19.36	-8.9	9.3	-73.3
423211211	-0.90	-160.78	2.7	19.25	-8.4	8.9	-72.4
425212212	-0.91	-161.72	2.7	19.18	-8.0	8.5	-71.6
427213213	-0.92	-162.72	2.7	18.82	-7.6	8.1	-70.3
429214214	-0.94	-163.66	2.8	18.51	-7.2	7.7	-68.9
431215215	-0.95	-164.59	2.8	18.21	-6.7	7.3	-67.5
433216216	-0.98	-165.58	2.9	17.79	-6.3	6.9	-65.6
435217217	-0.99	-166.47	2.9	17.54	-5.9	6.6	-63.9
437218218	-1.01	-167.39	3.0	17.15	-5.5	6.2	-61.8
439219219	-1.03	-168.31	3.0	16.81	-5.1	5.9	-59.5
441220220	-1.06	-169.23	3.1	16.36	-4.7	5.6	-56.7
443221221	-1.09	-170.14	3.1	16.00	-4.3	5.3	-53.8
445222222	-1.11	-171.05	3.2	15.61	-3.9	5.1	-50.4
447223223	-1.15	-171.93	3.3	15.13	-3.5	4.8	-46.6
449224224	-1.18	-172.90	3.4	14.76	-3.1	4.6	-42.2
451225225	-1.21	-173.85	3.5	14.41	-2.7	4.4	-37.6
453226226	-1.23	-174.75	3.5	14.12	-2.3	4.2	-32.7
455227227	-1.27	-175.68	3.7	13.70	-1.9	4.1	-27.2
457228228	-1.30	-176.62	3.7	13.38	-1.5	4.0	-21.4
459229229	-1.33	-177.63	3.8	13.06	-1.0	4.0	-15.0
461230230	-1.37	-178.60	3.9	12.74	-0.6	4.0	-8.8
463231231	-1.40	-179.58	4.0	12.40	-0.2	4.0	-2.6
465232232	-1.42	179.42	4.1	12.23	0.3	4.1	3.5
467233233	-1.46	178.44	4.2	11.95	0.7	4.2	9.2
469234234	-1.49	177.43	4.3	11.72	1.1	4.4	14.6
471235235	-1.51	176.38	4.3	11.54	1.6	4.6	19.9
473236236	-1.54	175.32	4.4	11.28	2.0	4.9	24.5
475237237	-1.56	174.29	4.5	11.17	2.5	5.1	28.8
477238238	-1.58	173.28	4.5	11.03	2.9	5.4	32.6
479239239	-1.61	172.24	4.6	10.84	3.4	5.7	36.0
481240240	-1.62	171.15	4.7	10.74	3.8	6.1	39.3
483241241	-1.63	170.08	4.7	10.69	4.3	6.4	42.4
485242242	-1.65	168.98	4.8	10.55	4.8	6.8	45.0
487243243	-1.67	167.95	4.8	10.46	5.2	7.1	47.3
489244244	-1.68	166.86	4.9	10.38	5.7	7.5	49.5
491245245	-1.69	165.79	4.9	10.32	6.2	7.9	51.4
493246246	-1.69	164.71	4.9	10.32	6.6	8.3	53.4
495247247	-1.70	163.67	5.0	10.24	7.1	8.7	55.0
497248248	-1.71	162.58	5.0	10.22	7.6	9.1	56.6
499249249	-1.71	161.51	5.0	10.22	8.1	9.5	58.1
501250250	-1.70	160.36	5.0	10.28	8.6	9.9	59.7
503251251	-1.69	159.26	5.0	10.31	9.1	10.4	61.1
505252252	-1.69	158.21	5.0	10.32	9.5	10.8	62.2
507253253	-1.68	157.13	5.0	10.36	10.0	11.2	63.4
509254254	-1.68	156.08	5.0	10.37	10.5	11.6	64.4
511255255	-1.68	154.96	5.1	10.35	11.0	12.1	65.3
513256256	-1.67	153.90	5.1	10.41	11.5	12.5	66.2
515257257	-1.66	152.79	5.0	10.49	12.0	13.0	67.2
517258258	-1.66	151.74	5.1	10.51	12.5	13.5	67.9
519259259	-1.65	150.65	5.1	10.54	13.0	13.9	68.7
521260260	-1.65	149.61	5.1	10.56	13.4	14.4	69.3
523261261	-1.64	148.48	5.1	10.62	14.0	14.9	70.0
525262262	-1.64	147.35	5.1	10.64	14.5	15.4	70.6
527263263	-1.63	146.29	5.1	10.68	15.0	15.8	71.2
529264264	-1.63	145.17	5.1	10.69	15.5	16.4	71.7
531265265	-1.62	144.03	5.1	10.74	16.1	16.9	72.3
533266266	-1.62	142.86	5.2	10.73	16.6	17.4	72.7
535267267	-1.62	141.77	5.2	10.75	17.2	17.9	73.1
537268268	-1.62	140.67	5.2	10.74	17.7	18.5	73.5
539269269	-1.61	139.51	5.2	10.82	18.3	19.0	74.0
541270270	-1.62	138.31	5.3	10.76	18.9	19.6	74.3
543271271	-1.61	137.14	5.3	10.80	19.4	20.1	74.6
545272272	-1.63	135.93	5.4	10.67	20.0	20.8	74.8
547273273	-1.65	134.75	5.5	10.58	20.6	21.4	75.0
549274274	-1.64	133.50	5.6	10.59	21.3	22.0	75.3
551275275	-1.66	132.28	5.7	10.53	21.9	22.6	75.5
553276276	-1.68	130.97	5.8	10.36	22.5	23.3	75.5
555277277	-1.69	129.64	5.9	10.31	23.2	24.0	75.7
557278278	-1.71	128.35	6.1	10.17	23.9	24.7	75.8
559279279	-1.73	127.07	6.2	10.08	24.6	25.4	75.9
561280280	-1.76	125.70	6.3	9.92	25.3	26.1	75.9
563281281	-1.77	124.31	6.5	9.84	26.1	26.9	76.0
565282282	-1.80	122.99	6.7	9.69	26.8	27.6	76.0
567283283	-1.83	121.64	6.9	9.52	27.5	28.4	76.0
569284284	-1.88	120.23	7.1	9.28	28.3	29.2	75.8
571285285	-1.90	118.75	7.3	9.19	29.1	30.0	75.9
573286286	-1.94	117.35	7.6	9.00	29.9	30.9	75.8
575287287	-1.97	115.87	7.8	8.85	30.8	31.7	75.7
577288288	-2.01	114.47	8.1	8.67	31.6	32.6	75.6
579289289	-2.05	112.91	8.4	8.49	32.5	33.6	75.5
581290290	-2.10	111.34	8.8	8.31	33.4	34.6	75.3
583291291	-2.16	109.93	9.1	8.09	34.3	35.5	75.1
585292292	-2.21	108.40	9.5	7.92	35.2	36.5	74.9
587293293	-2.26	106.87	9.9	7.72	36.1	37.5	74.6
589294294	-2.31	105.31	10.3	7.58	37.1	38.5	74.4
591295295	-2.36	103.81	10.8	7.39	38.1	39.6	74.2
593296296	-2.43	102.28	11.3	7.21	39.0	40.6	73.8
595297297	-2.49	100.85	11.8	7.03	39.9	41.6	73.5
597298298	-2.55	99.39	12.3	6.87	40.9	42.7	73.2
599299299	-2.60	98.04	12.8	6.72	41.8	43.7	72.9
601300300	-2.68	96.52	13.5	6.54	42.8	44.8	72.5
603301301	-2.76	95.29	14.1	6.35	43.6	45.8	72.0
605302302	-2.83	93.94	14.8	6.20	44.5	46.8	71.6
607303303	-2.90	92.82	15.4	6.04	45.2	47.7	71.2
609304304	-2.98	91.79	16.0	5.89	45.8	48.5	70.7
611305305	-3.05	90.81	16.6	5.75	46.4	49.3	70.3
613306306	-3.12	89.91	17.2	5.64	47.0	50.1	69.9
615307307	-3.17	89.18	17.7	5.53	47.5	50.7	69.5
617308308	-3.22	88.49	18.2	5.45	47.9	51.2	69.2
619309309	-3.27	88.02	18.6	5.38	48.2	51.6	68.9
621310310	-3.28	87.46	18.8	5.36	48.6	52.1	68.8
623311311	-3.28	86.97	18.9	5.37	49.0	52.5	68.9
625312312	-3.26	86.50	19.0	5.39	49.4	52.9	69.0
627313313	-3.22	85.91	19.0	5.45	50.0	53.5	69.2
629314314	-3.17	85.31	18.9	5.54	50.6	54.0	69.5
631315315	-3.11	84.72	18.8	5.65	51.2	54.5	69.8
633316316	-3.04	84.08	18.6	5.77	51.9	55.1	70.3
635317317	-2.98	83.44	18.5	5.89	52.6	55.7	70.6
637318318	-2.89	82.58	18.3	6.08	53.5	56.5	71.2
639319319	-2.79	81.73	18.0	6.28	54.5	57.4	71.7
641320320	-2.68	80.79	17.7	6.53	55.6	58.3	72.4
643321321	-2.59	79.83	17.4	6.76	56.7	59.3	72.9
645322322	-2.51	78.84	17.2	6.98	57.8	60.3	73.4
647323323	-2.43	77.58	17.2	7.21	59.2	61.7	73.8
649324324	-2.34	76.58	17.0	7.46	60.5	62.8	74.3
651325325	-2.28	75.41	17.0	7.65	61.8	64.1	74.6
653326326	-2.21	74.11	17.0	7.89	63.4	65.6	75.0
655327327	-2.15	72.91	17.0	8.10	64.8	67.0	75.3
657328328	-2.10	71.68	17.1	8.30	66.4	68.5	75.5
659329329	-2.08	70.37	17.4	8.40	68.0	70.2	75.6
661330330	-2.03	68.77	17.7	8.58	70.0	72.3	75.8
663331331	-1.97	67.25	17.9	8.84	72.1	74.3	76.0
665332332	-1.97	65.96	18.5	8.86	73.8	76.1	75.9
667333333	-1.95	64.68	19.0	8.94	75.6	78.0	75.9
669334334	-1.95	63.25	19.7	8.93	77.6	80.1	75.7
671335335	-1.94	61.78	20.4	9.00	79.8	82.3	75.7
673336336	-1.92	60.39	21.0	9.07	81.9	84.6	75.6
675337337	-1.94	58.99	22.1	8.97	84.0	86.9	75.2
677338338	-1.97	57.53	23.4	8.87	86.3	89.4	74.9
679339339	-1.98	56.00	24.6	8.81	88.8	92.1	74.5
681340340	-2.01	54.64	26.0	8.70	91.0	94.6	74.1
683341341	-2.02	53.16	27.4	8.65	93.6	97.5	73.7
685342342	-2.05	51.52	29.3	8.53	96.5	100.8	73.1
687343343	-2.08	49.88	31.4	8.39	99.5	104.3	72.5
689344344	-2.11	48.21	33.8	8.26	102.6	108.0	71.8
691345345	-2.15	46.44	36.6	8.12	106.0	112.2	71.0
693346346	-2.22	44.66	40.2	7.87	109.3	116.5	69.8
695347347	-2.27	42.75	44.0	7.71	113.2	121.4	68.8
697348348	-2.32	40.82	48.4	7.55	117.2	126.7	67.6
699349349	-2.36	38.89	53.1	7.42	121.4	132.5	66.4
701350350	-2.43	36.88	59.1	7.21	125.4	138.6	64.8
703351351	-2.49	34.86	65.8	7.02	129.4	145.2	63.0
705352352	-2.56	32.98	73.0	6.83	132.8	151.6	61.2
707353353	-2.63	30.79	82.1	6.67	136.9	159.6	59.1
709354354	-2.70	28.61	92.5	6.49	140.2	167.9	56.6
711355355	-2.78	26.43	104.2	6.31	142.6	176.6	53.9
713356356	-2.86	24.34	116.7	6.14	143.7	185.1	50.9
715357357	-2.91	22.21	130.4	6.03	144.5	194.7	47.9
717358358	-2.99	20.19	144.7	5.87	142.3	203.0	44.5
719359359	-3.06	18.14	160.0	5.74	138.6	211.7	40.9
721360360	-3.13	16.00	176.4	5.61	132.1	220.4	36.8
723361361	-3.17	13.92	192.8	5.54	124.2	229.4	32.8
725362362	-3.22	12.01	207.6	5.46	113.9	236.7	28.8
727363363	-3.27	9.98	221.9	5.38	99.8	243.3	24.2
729364364	-3.31	8.00	234.5	5.31	83.6	249.0	19.6
731365365	-3.32	5.79	247.7	5.30	63.8	255.8	14.4
733366366	-3.35	3.87	254.6	5.25	43.4	258.3	9.7
735367367	-3.39	1.72	257.7	5.19	19.3	258.5	4.3
737368368	-3.39	-0.32	259.8	5.20	-3.6	259.8	-0.8
739369369	-3.37	-2.43	257.9	5.22	-27.5	259.4	-6.1
741370370	-3.38	-4.52	249.8	5.20	-49.3	254.6	-11.2
743371371	-3.39	-6.53	239.4	5.19	-68.1	248.9	-15.9
745372372	-3.38	-8.71	226.1	5.20	-85.7	241.8	-20.8
747373373	-3.39	-10.86	210.7	5.19	-99.3	232.9	-25.2
749374374	-3.38	-12.97	195.2	5.20	-109.7	223.9	-29.3
751375375	-3.39	-15.04	179.7	5.19	-116.5	214.1	-33.0
753376376	-3.40	-17.17	164.4	5.18	-121.0	204.1	-36.4
755377377	-3.39	-19.23	150.6	5.20	-124.1	195.1	-39.5
757378378	-3.39	-21.24	138.0	5.18	-124.7	186.0	-42.1
759379379	-3.40	-23.43	125.4	5.17	-124.1	176.4	-44.7
761380380	-3.43	-25.57	114.5	5.13	-122.0	167.3	-46.8
763381381	-3.43	-27.81	104.2	5.13	-120.0	158.9	-49.0
765382382	-3.44	-29.82	95.9	5.11	-117.3	151.5	-50.7
767383383	-3.46	-31.85	88.6	5.08	-114.2	144.5	-52.2
769384384	-3.47	-34.20	80.8	5.08	-110.8	137.1	-53.9
771385385	-3.52	-36.38	74.9	5.00	-106.6	130.3	-54.9
773386386	-3.59	-38.65	69.6	4.91	-102.2	123.6	-55.8
775387387	-3.64	-40.82	64.9	4.84	-98.4	117.9	-56.6
777388388	-3.70	-43.10	60.7	4.76	-94.4	112.2	-57.3
779389389	-3.78	-45.17	57.4	4.67	-90.6	107.3	-57.7
781390390	-3.88	-47.44	54.3	4.56	-86.7	102.3	-57.9
783391391	-3.97	-49.52	51.8	4.45	-83.2	98.0	-58.1
785392392	-4.08	-51.60	49.6	4.33	-79.8	93.9	-58.1
787393393	-4.20	-53.49	47.9	4.22	-76.7	90.4	-58.0
789394394	-4.32	-55.31	46.5	4.10	-73.8	87.2	-57.8
791395395	-4.46	-57.07	45.4	3.98	-71.0	84.2	-57.4
793396396	-4.57	-58.53	44.4	3.89	-68.8	81.9	-57.2
795397397	-4.64	-59.70	43.6	3.83	-67.3	80.2	-57.0
797398398	-4.66	-60.68	42.7	3.82	-66.3	78.9	-57.2
799399399	-4.59	-61.62	41.4	3.87	-65.9	77.9	-57.8
801400400	-4.48	-62.68	39.8	3.96	-65.6	76.7	-58.8
803401401	-4.30	-64.10	37.4	4.12	-65.4	75.3	-60.2
805402402	-4.09	-66.31	34.3	4.33	-64.4	73.0	-62.0
807403403	-3.88	-68.79	31.2	4.55	-63.0	70.3	-63.6
809404404	-3.74	-72.01	28.3	4.72	-60.6	66.8	-65.0
811405405	-3.62	-75.35	25.7	4.87	-57.9	63.4	-66.1
813406406	-3.54	-78.81	23.6	4.97	-55.1	59.9	-66.8
815407407	-3.50	-82.30	21.9	5.02	-52.2	56.6	-67.3
817408408	-3.47	-85.59	20.5	5.07	-49.6	53.7	-67.6
819409409	-3.47	-88.83	19.4	5.07	-47.1	51.0	-67.7
821410410	-3.49	-91.79	18.5	5.05	-44.9	48.6	-67.6
823411411	-3.48	-94.99	17.6	5.05	-42.6	46.1	-67.5
825412412	-3.49	-97.89	16.9	5.05	-40.6	44.0	-67.4
827413413	-3.51	-100.62	16.4	5.02	-38.8	42.1	-67.1
829414414	-3.50	-103.41	15.7	5.03	-37.0	40.2	-67.0
831415415	-3.52	-106.01	15.3	5.00	-35.4	38.5	-66.5
833416416	-3.53	-108.54	14.9	4.99	-33.8	37.0	-66.2
835417417	-3.54	-111.04	14.5	4.98	-32.3	35.4	-65.9
837418418	-3.54	-113.52	14.1	4.97	-30.9	34.0	-65.4
839419419	-3.57	-115.88	13.9	4.94	-29.6	32.6	-64.9
841420420	-3.55	-118.21	13.5	4.97	-28.3	31.3	-64.5
843421421	-3.55	-120.48	13.2	4.96	-27.1	30.1	-64.0
845422422	-3.58	-122.62	13.0	4.93	-25.9	29.0	-63.3
847423423	-3.59	-124.72	12.8	4.91	-24.8	27.9	-62.6
849424424	-3.62	-126.79	12.7	4.87	-23.7	26.9	-61.8
851425425	-3.64	-128.92	12.5	4.85	-22.7	25.9	-61.0
853426426	-3.64	-130.95	12.4	4.85	-21.7	24.9	-60.3
855427427	-3.66	-133.00	12.2	4.81	-20.6	24.0	-59.3
857428428	-3.70	-134.95	12.2	4.77	-19.7	23.1	-58.2
859429429	-3.72	-136.91	12.1	4.74	-18.7	22.3	-57.1
861430430	-3.75	-138.84	12.0	4.71	-17.8	21.5	-55.9
863431431	-3.78	-140.75	12.0	4.67	-16.9	20.7	-54.7
865432432	-3.78	-142.64	11.9	4.66	-16.0	20.0	-53.5
867433433	-3.81	-144.61	11.8	4.63	-15.1	19.2	-51.9
869434434	-3.86	-146.49	11.9	4.57	-14.3	18.6	-50.2
871435435	-3.90	-148.42	11.9	4.53	-13.4	17.9	-48.5
873436436	-3.91	-150.15	11.8	4.52	-12.6	17.3	-46.9
875437437	-3.94	-152.14	11.8	4.49	-11.7	16.6	-44.9
877438438	-3.97	-154.04	11.8	4.46	-10.9	16.1	-42.8
879439439	-3.98	-155.95	11.7	4.44	-10.1	15.5	-40.7
881440440	-4.01	-157.79	11.8	4.41	-9.3	15.0	-38.3
883441441	-4.02	-159.55	11.7	4.40	-8.5	14.5	-36.1
885442442	-4.01	-161.25	11.6	4.41	-7.8	14.0	-33.9
887443443	-4.02	-163.12	11.6	4.40	-7.0	13.6	-31.2
889444444	-4.01	-164.88	11.5	4.41	-6.3	13.1	-28.6
891445445	-4.01	-166.68	11.5	4.41	-5.5	12.7	-25.7
893446446	-3.99	-168.39	11.4	4.43	-4.8	12.4	-22.9
895447447	-3.99	-170.15	11.4	4.43	-4.1	12.1	-19.8
897448448	-3.96	-171.92	11.2	4.47	-3.4	11.7	-16.6
899449449	-3.95	-173.61	11.2	4.47	-2.7	11.5	-13.3
901450450	-3.91	-175.31	11.1	4.52	-1.9	11.3	-10.0
903451451	-3.88	-176.97	11.0	4.55	-1.3	11.1	-6.5
905452452	-3.85	-178.62	10.9	4.58	-0.6	10.9	-3.0
907453453	-3.81	179.83	10.8	4.64	0.1	10.8	0.4
909454454	-3.75	178.21	10.6	4.70	0.7	10.7	4.0
911455455	-3.72	176.60	10.6	4.74	1.4	10.7	7.7
913456456	-3.70	175.54	10.5	4.76	1.9	10.7	10.0
915457457	-3.61	173.55	10.3	4.89	2.7	10.6	14.7
917458458	-3.57	172.07	10.2	4.94	3.3	10.7	18.1
919459459	-3.50	170.58	10.0	5.03	4.0	10.8	21.6
921460460	-3.45	169.10	9.9	5.10	4.6	10.9	24.9
923461461	-3.39	167.68	9.7	5.19	5.2	11.0	28.1
925462462	-3.35	166.19	9.7	5.25	5.8	11.3	31.1
927463463	-3.29	164.89	9.5	5.34	6.4	11.5	33.9
929464464	-3.24	163.43	9.4	5.43	7.0	11.7	36.8
931465465	-3.19	162.05	9.3	5.51	7.6	12.0	39.4
933466466	-3.13	160.66	9.2	5.60	8.2	12.3	41.9
935467467	-3.09	159.24	9.1	5.69	8.9	12.7	44.3
937468468	-3.02	157.94	8.9	5.80	9.4	13.0	46.6
939469469	-2.98	156.62	8.8	5.88	10.0	13.4	48.6
941470470	-2.92	155.17	8.7	6.01	10.7	13.8	50.8
943471471	-2.87	153.94	8.6	6.11	11.2	14.2	52.6
945472472	-2.81	152.52	8.5	6.23	11.9	14.6	54.5
947473473	-2.77	151.10	8.4	6.32	12.5	15.1	56.1
949474474	-2.72	149.75	8.3	6.43	13.2	15.6	57.7
951475475	-2.68	148.31	8.3	6.53	13.8	16.1	59.1
953476476	-2.63	146.79	8.2	6.65	14.5	16.7	60.7
955477477	-2.59	145.37	8.1	6.75	15.2	17.2	61.9
957478478	-2.57	143.92	8.1	6.82	15.9	17.8	63.0
959479479	-2.53	142.37	8.0	6.92	16.6	18.5	64.2
961480480	-2.48	140.89	8.0	7.05	17.4	19.1	65.4
963481481	-2.45	139.36	8.0	7.12	18.1	19.8	66.3
965482482	-2.44	137.81	8.0	7.18	18.9	20.5	67.1
967483483	-2.39	136.16	7.9	7.30	19.7	21.2	68.1
969484484	-2.35	134.56	7.9	7.42	20.5	22.0	68.9
971485485	-2.32	132.85	7.9	7.54	21.4	22.8	69.8
973486486	-2.26	131.15	7.8	7.72	22.3	23.6	70.7
975487487	-2.24	129.41	7.8	7.81	23.2	24.4	71.4
977488488	-2.21	127.46	7.8	7.91	24.2	25.4	72.1
979489489	-2.18	125.47	7.9	7.99	25.3	26.5	72.7
981490490	-2.17	123.44	8.0	8.03	26.4	27.5	73.1
983491491	-2.14	121.71	8.0	8.17	27.3	28.5	73.7
985492492	-2.13	119.74	8.1	8.21	28.4	29.6	74.1
987493493	-2.09	117.71	8.1	8.34	29.6	30.7	74.6
989494494	-2.08	115.54	8.3	8.41	30.9	32.0	75.0
991495495	-2.05	113.34	8.4	8.52	32.2	33.3	75.5
993496496	-2.04	111.10	8.6	8.54	33.6	34.7	75.7
995497497	-2.03	108.81	8.7	8.61	35.1	36.1	76.0
997498498	-2.04	106.50	9.0	8.57	36.6	37.6	76.1
999499499	-2.03	104.19	9.3	8.58	38.1	39.2	76.3
1001500500	-2.03	101.87	9.5	8.61	39.7	40.8	76.5
1003501501	-2.05	99.49	10.0	8.53	41.3	42.5	76.4
1005502502	-2.08	97.02	10.5	8.37	43.1	44.4	76.3
1007503503	-2.09	94.57	11.0	8.35	44.9	46.3	76.3
1009504504	-2.14	92.04	11.7	8.15	46.9	48.3	76.0
1011505505	-2.18	89.37	12.4	7.99	49.0	50.5	75.7
1013506506	-2.25	86.92	13.4	7.76	50.9	52.7	75.3
1015507507	-2.31	84.23	14.4	7.55	53.2	55.1	74.8
1017508508	-2.42	81.68	15.8	7.22	55.3	57.5	74.1
1019509509	-2.53	78.95	17.4	6.91	57.7	60.2	73.2
1021510510	-2.68	76.29	19.3	6.53	59.9	62.9	72.1
1023511511	-2.85	73.86	21.5	6.15	61.9	65.5	70.8
1025512512	-3.02	71.14	24.0	5.81	64.1	68.5	69.5
1027513513	-3.22	68.64	26.9	5.46	66.0	71.3	67.9
1029514514	-3.44	65.94	30.2	5.12	68.0	74.4	66.0
1031515515	-3.69	63.16	34.2	4.78	69.7	77.6	63.9
1033516516	-3.97	60.52	38.5	4.45	70.9	80.7	61.5
1035517517	-4.29	57.66	43.6	4.13	71.6	83.9	58.7
1037518518	-4.62	55.43	48.2	3.85	71.3	86.1	55.9
1039519519	-4.99	52.64	53.9	3.58	70.6	88.8	52.7
1041520520	-5.37	50.03	59.3	3.34	69.1	91.0	49.4
1043521521	-5.78	47.47	64.6	3.11	66.5	92.7	45.8
1045522522	-3.51	114.52	13.9	5.01	30.4	33.4	65.5
1047523523	-3.28	92.29	17.4	5.36	44.9	48.2	68.9
1049524524	-7.53	35.43	83.7	2.45	49.6	97.3	30.6
1051525525	-8.81	27.69	88.7	2.14	34.4	95.2	21.2
1053526526	-9.33	24.53	89.2	2.04	28.6	93.7	17.8
1055527527	-9.83	21.10	89.2	1.95	23.1	92.1	14.5
1057528528	-10.38	17.39	88.4	1.87	17.6	90.1	11.3
1059529529	-10.99	13.76	86.6	1.79	12.6	87.5	8.3
1061530530	-11.61	9.53	84.5	1.71	7.9	84.9	5.3
1063531531	-12.17	5.18	82.4	1.65	3.9	82.5	2.7
1065532532	-12.84	0.39	79.5	1.59	0.3	79.5	0.2
1067533533	-13.53	-5.04	76.5	1.53	-3.0	76.5	-2.2
1069534534	-14.27	-11.51	73.1	1.48	-5.9	73.3	-4.6
1071535535	-15.09	-18.87	69.4	1.43	-8.2	69.9	-6.7
1073536536	-15.63	-26.78	66.4	1.40	-10.2	67.2	-8.7
1075537537	-16.31	-36.35	62.8	1.36	-11.7	63.9	-10.5
1077538538	-16.76	-47.04	59.5	1.34	-12.9	60.8	-12.3
1079539539	-16.96	-57.19	56.6	1.33	-13.8	58.2	-13.7
1081540540	-17.05	-69.68	53.2	1.33	-14.3	55.0	-15.0
1083541541	-16.72	-81.30	50.1	1.34	-14.8	52.2	-16.4
1085542542	-16.32	-92.21	47.2	1.36	-14.8	49.4	-17.4
1087543543	-15.67	-101.06	44.6	1.39	-14.8	47.0	-18.4
1089544544	-15.05	-109.55	42.1	1.43	-14.5	44.6	-19.0
1091545545	-14.44	-116.38	40.0	1.47	-14.1	42.4	-19.4
1093546546	-13.62	-122.52	37.7	1.53	-13.9	40.2	-20.2
1095547547	-12.94	-127.51	35.8	1.58	-13.5	38.3	-20.6
1097548548	-12.24	-132.09	33.9	1.65	-13.1	36.3	-21.1
1099549549	-11.55	-136.29	32.0	1.72	-12.6	34.4	-21.5
1101550550	-10.96	-139.99	30.4	1.79	-12.0	32.7	-21.6
1103551551	-10.42	-143.32	28.9	1.86	-11.4	31.1	-21.6
1105552552	-9.89	-146.59	27.4	1.94	-10.8	29.5	-21.4
1107553553	-9.41	-149.65	26.1	2.02	-10.1	27.9	-21.1
1109554554	-8.94	-152.42	24.8	2.11	-9.4	26.5	-20.8
1111555555	-8.47	-155.11	23.5	2.21	-8.7	25.0	-20.3
1113556556	-8.05	-157.80	22.3	2.31	-7.9	23.7	-19.5
1115557557	-7.70	-160.17	21.3	2.40	-7.2	22.5	-18.6
1117558558	-7.36	-162.43	20.4	2.50	-6.5	21.4	-17.6
1119559559	-7.01	-164.90	19.4	2.61	-5.6	20.2	-16.2
1121560560	-6.65	-166.97	18.5	2.74	-4.9	19.1	-15.0
1123561561	-6.34	-169.28	17.6	2.86	-4.1	18.1	-13.1
1125562562	-6.05	-171.36	16.8	2.99	-3.4	17.2	-11.3
1127563563	-5.74	-173.55	16.0	3.14	-2.5	16.2	-9.0
1129564564	-5.45	-175.77	15.2	3.29	-1.7	15.3	-6.3
1131565565	-5.18	-177.84	14.5	3.45	-0.9	14.5	-3.4
1133566566	-4.93	-179.92	13.8	3.62	-0.0	13.8	-0.1
1135567567	-4.67	177.82	13.1	3.81	0.9	13.2	3.9
1137568568	-4.38	175.76	12.4	4.05	1.7	12.5	8.0
1139569569	-4.16	173.87	11.8	4.25	2.5	12.1	12.1
1141570570	-3.93	172.04	11.2	4.49	3.3	11.7	16.5
1143571571	-3.69	170.16	10.5	4.78	4.1	11.3	21.3
1145572572	-3.46	167.97	9.9	5.08	5.1	11.2	27.0
1147573573	-3.23	166.10	9.3	5.44	5.9	11.0	32.2
1149574574	-3.02	164.12	8.8	5.81	6.8	11.1	37.7
1151575575	-2.79	162.14	8.2	6.27	7.7	11.2	43.1
1153576576	-2.59	160.50	7.6	6.75	8.4	11.3	47.8
1155577577	-2.38	158.65	7.0	7.36	9.2	11.6	52.7
1157578578	-2.16	156.61	6.4	8.08	10.2	12.1	57.7
1159579579	-1.99	154.86	6.0	8.77	11.0	12.5	61.5
1161580580	-1.80	153.02	5.5	9.66	11.9	13.1	65.2
1163581581	-1.64	151.35	5.0	10.63	12.6	13.6	68.4
1165582582	-1.47	149.42	4.5	11.83	13.6	14.3	71.5
1167583583	-1.26	147.59	3.9	13.76	14.4	15.0	74.8
1169584584	-1.14	145.83	3.6	15.20	15.3	15.7	76.8
1171585585	-0.98	143.84	3.1	17.80	16.3	16.6	79.2
1173586586	-0.83	142.00	2.7	20.89	17.2	17.4	81.1
1175587587	-0.70	140.06	2.3	24.81	18.1	18.3	82.8
1177588588	-0.59	138.23	1.9	29.63	19.1	19.1	84.2
1179589589	-0.44	136.41	1.5	39.27	20.0	20.0	85.8
1181590590	-0.34	134.47	1.2	50.50	21.0	21.0	86.8
1183591591	-0.22	132.48	0.8	78.50	22.0	22.0	88.0
1185592592	-0.08	130.45	0.3	205.04	23.1	23.1	89.3
1187593593	0.00	128.67	0.0	?	24.0	24.0	90.0
1189594594	0.00	126.62	0.0	?	25.1	25.1	90.0
1191595595	0.00	124.54	0.0	?	26.3	26.3	90.0
1193596596	0.00	122.46	0.0	?	27.5	27.5	90.0
1195597597	0.00	120.30	0.0	?	28.7	28.7	90.0
1197598598	0.00	118.02	0.0	?	30.0	30.0	90.0
1199599599	0.00	115.55	0.0	?	31.5	31.5	90.0
1201600600	0.00	113.08	0.0	?	33.0	33.0	90.0
1203601601	0.00	110.68	0.0	?	34.6	34.6	90.0
1205602602	0.00	108.08	0.0	?	36.3	36.3	90.0
1207603603	0.00	105.51	0.0	?	38.0	38.0	90.0
1209604604	0.00	102.51	0.0	?	40.1	40.1	90.0
1211605605	0.00	99.68	0.0	?	42.2	42.2	90.0
1213606606	0.00	96.44	0.0	?	44.7	44.7	90.0
1215607607	0.00	93.34	0.0	?	47.2	47.2	90.0
1217608608	0.00	90.34	0.0	?	49.7	49.7	90.0
1219609609	0.00	87.13	0.0	?	52.6	52.6	90.0
1221610610	0.00	83.82	0.0	?	55.7	55.7	90.0
1223611611	0.00	80.54	0.0	?	59.0	59.0	90.0
1225612612	0.00	77.02	0.0	?	62.8	62.8	90.0
1227613613	0.00	73.33	0.0	?	67.2	67.2	90.0
1229614614	0.00	69.69	0.0	?	71.8	71.8	90.0
1231615615	0.00	66.12	0.0	?	76.8	76.8	90.0
1233616616	0.00	62.47	0.0	?	82.4	82.4	90.0
1235617617	0.00	58.88	0.0	?	88.6	88.6	90.0
1237618618	0.00	55.09	0.0	?	95.9	95.9	90.0
1239619619	0.00	51.30	0.0	?	104.1	104.1	90.0
1241620620	0.00	47.72	0.0	?	113.0	113.0	90.0
1243621621	0.00	43.89	0.0	?	124.1	124.1	90.0
1245622622	0.00	40.13	0.0	?	136.9	136.9	90.0
1247623623	0.00	36.67	0.0	?	150.9	150.9	90.0
1249624624	0.00	33.02	0.0	?	168.7	168.7	90.0
1251625625	0.00	29.45	0.0	?	190.3	190.3	90.0
1253626626	0.00	25.80	0.0	?	218.3	218.3	90.0
1255627627	-0.01	22.49	0.4	074.36	251.5	251.5	89.9
1257628628	-0.13	19.06	13.8	131.92	297.2	297.5	87.3
1259629629	-0.26	15.78	39.4	66.62	356.5	358.7	83.7
1261630630	-0.38	12.44	90.0	45.50	440.8	449.9	78.5
1263631631	-0.53	9.25	205.5	32.73	540.2	578.0	69.2
1265632632	-0.66	6.15	439.5	26.36	620.0	760.0	54.7
1267633633	-0.84	3.16	782.7	20.81	448.7	902.2	29.8
1269634634	-1.01	-0.12	859.8	17.20	-15.6	859.9	-1.0
1271635635	-1.17	-2.97	646.1	14.83	-247.4	691.9	-21.0
1273636636	-1.32	-5.86	454.5	13.23	-305.4	547.6	-33.9
1275637637	-1.51	-8.91	320.8	11.52	-284.3	428.7	-41.5
1277638638	-1.72	-11.84	243.4	10.14	-250.8	349.5	-45.9
1279639639	-1.86	-14.60	195.0	9.37	-227.8	299.9	-49.4
1281640640	-2.04	-17.38	161.5	8.57	-203.8	260.0	-51.6
1283641641	-2.23	-20.12	137.8	7.84	-182.8	228.9	-53.0
1285642642	-2.39	-22.86	119.5	7.30	-166.4	204.9	-54.3
1287643643	-2.61	-25.64	106.0	6.70	-150.3	183.9	-54.8
1289644644	-2.75	-28.28	94.8	6.37	-139.4	168.5	-55.8
1291645645	-2.94	-31.38	84.4	5.97	-127.7	153.1	-56.5
1293646646	-3.12	-34.25	76.9	5.63	-117.9	140.8	-56.9
1295647647	-3.28	-36.83	71.2	5.35	-110.2	131.2	-57.1
1297648648	-3.43	-39.50	65.9	5.13	-103.5	122.7	-57.5
1299649649	-3.59	-42.42	61.0	4.91	-96.8	114.4	-57.8
1301650650	-3.74	-45.49	56.5	4.71	-90.7	106.8	-58.1
1303651651	-3.87	-48.28	52.9	4.56	-85.7	100.7	-58.3
1305652652	-3.99	-50.96	49.8	4.43	-81.4	95.4	-58.5
1307653653	-4.08	-53.62	46.9	4.34	-77.5	90.6	-58.8
1309654654	-4.19	-56.49	44.2	4.23	-73.6	85.9	-59.0
1311655655	-4.28	-59.30	41.8	4.14	-70.1	81.6	-59.2
1313656656	-4.39	-62.04	39.8	4.04	-66.8	77.7	-59.2
1315657657	-4.44	-64.54	37.9	4.00	-64.2	74.5	-59.4
1317658658	-4.48	-67.24	36.0	3.97	-61.6	71.3	-59.7
1319659659	-4.53	-69.82	34.3	3.92	-59.1	68.4	-59.8
1321660660	-4.55	-72.38	32.7	3.91	-56.9	65.6	-60.1
1323661661	-4.56	-74.85	31.2	3.90	-54.9	63.1	-60.3
1325662662	-4.55	-77.34	29.8	3.90	-53.0	60.7	-60.7
1327663663	-4.58	-79.69	28.7	3.88	-51.1	58.6	-60.7
1329664664	-4.59	-81.88	27.6	3.87	-49.4	56.6	-60.8
1331665665	-4.56	-84.08	26.5	3.90	-47.9	54.7	-61.1
1333666666	-4.56	-86.19	25.6	3.90	-46.4	53.0	-61.2
1335667667	-4.53	-88.19	24.6	3.92	-45.1	51.4	-61.4
1337668668	-4.47	-90.14	23.6	3.97	-43.9	49.9	-61.7
1339669669	-4.46	-92.00	22.9	3.98	-42.7	48.5	-61.8
1341670670	-4.44	-93.98	22.2	4.00	-41.5	47.0	-61.9
1343671671	-4.42	-95.83	21.5	4.02	-40.3	45.7	-61.9
1345672672	-4.35	-97.63	20.7	4.07	-39.3	44.4	-62.2
1347673673	-4.31	-99.43	20.0	4.11	-38.3	43.2	-62.4
1349674674	-4.24	-100.79	19.4	4.18	-37.5	42.2	-62.7
1351675675	-4.22	-102.25	19.0	4.20	-36.7	41.3	-62.7
1353676676	-4.20	-103.77	18.5	4.21	-35.8	40.3	-62.6
1355677677	-4.11	-105.30	17.8	4.30	-35.0	39.3	-63.0
1357678678	-4.09	-106.90	17.4	4.33	-34.1	38.3	-63.0
1359679679	-4.05	-108.35	16.9	4.37	-33.3	37.4	-63.0
1361680680	-4.01	-109.62	16.6	4.41	-32.6	36.6	-63.1
1363681681	-3.96	-110.86	16.1	4.47	-32.0	35.8	-63.2
1365682682	-3.90	-112.11	15.7	4.53	-31.3	35.0	-63.4
1367683683	-3.85	-113.67	15.2	4.59	-30.5	34.1	-63.4
1369684684	-3.80	-114.85	14.9	4.64	-29.9	33.4	-63.5
1371685685	-3.77	-116.01	14.6	4.68	-29.3	32.7	-63.5
1373686686	-3.71	-117.04	14.2	4.76	-28.8	32.1	-63.7
1375687687	-3.67	-118.21	13.9	4.80	-28.2	31.4	-63.7
1377688688	-3.65	-119.53	13.7	4.83	-27.5	30.7	-63.6
1379689689	-3.55	-120.88	13.2	4.96	-26.9	29.9	-63.9
1381690690	-3.52	-121.69	12.9	5.01	-26.5	29.4	-63.9
1383691691	-3.48	-122.78	12.7	5.07	-25.9	28.8	-64.0
1385692692	-3.44	-123.95	12.4	5.12	-25.3	28.2	-63.9
1387693693	-3.38	-125.04	12.1	5.20	-24.8	27.6	-64.0
1389694694	-3.34	-125.96	11.9	5.26	-24.3	27.1	-64.0
1391695695	-3.28	-126.86	11.6	5.36	-23.9	26.6	-64.2
1393696696	-3.21	-127.96	11.2	5.47	-23.4	26.0	-64.4
1395697697	-3.17	-129.10	11.0	5.54	-22.8	25.4	-64.3
1397698698	-3.12	-129.95	10.7	5.63	-22.5	24.9	-64.4
1399699699	-3.04	-130.84	10.4	5.77	-22.0	24.4	-64.7
1401700700	-2.96	-131.69	10.1	5.92	-21.7	23.9	-65.0
1403701701	-2.92	-132.71	9.9	6.01	-21.2	23.4	-65.0
1405702702	-2.86	-133.46	9.6	6.13	-20.8	22.9	-65.2
1407703703	-2.82	-134.24	9.4	6.21	-20.5	22.5	-65.2
1409704704	-2.73	-135.07	9.1	6.41	-20.1	22.1	-65.6
1411705705	-2.68	-135.91	8.9	6.54	-19.7	21.6	-65.8
1413706706	-2.63	-136.68	8.7	6.67	-19.3	21.2	-65.9
1415707707	-2.55	-137.41	8.4	6.85	-19.0	20.8	-66.2
1417708708	-2.47	-137.99	8.1	7.07	-18.8	20.4	-66.7
1419709709	-2.41	-138.70	7.9	7.24	-18.4	20.0	-66.9
1421710710	-2.34	-139.53	7.6	7.47	-18.1	19.6	-67.2
1423711711	-2.27	-140.06	7.3	7.70	-17.8	19.3	-67.6
1425712712	-2.20	-140.75	7.1	7.94	-17.5	18.9	-68.0
1427713713	-2.14	-141.24	6.9	8.14	-17.3	18.6	-68.3
1429714714	-2.06	-141.89	6.6	8.46	-17.0	18.2	-68.8
1431715715	-1.99	-142.31	6.4	8.76	-16.8	18.0	-69.3
1433716716	-1.94	-142.85	6.2	9.00	-16.6	17.7	-69.6
1435717717	-1.87	-143.31	6.0	9.31	-16.4	17.4	-70.0
1437718718	-1.81	-143.79	5.7	9.65	-16.2	17.1	-70.5
1439719719	-1.74	-144.41	5.5	10.01	-15.9	16.8	-70.9
1441720720	-1.68	-144.63	5.3	10.39	-15.8	16.6	-71.4
1443721721	-1.58	-145.09	5.0	11.04	-15.6	16.4	-72.3
1445722722	-1.53	-145.34	4.8	11.38	-15.5	16.2	-72.7
1447723723	-1.48	-145.78	4.6	11.78	-15.3	16.0	-73.1
1449724724	-1.45	-146.18	4.5	12.01	-15.1	15.8	-73.2
1451725725	-1.37	-146.50	4.3	12.68	-14.9	15.6	-74.0
1453726726	-1.32	-146.85	4.1	13.21	-14.8	15.4	-74.4
1455727727	-1.26	-147.06	4.0	13.76	-14.7	15.2	-75.0
1457728728	-1.23	-147.21	3.8	14.15	-14.6	15.1	-75.3
1459729729	-1.19	-147.58	3.7	14.58	-14.5	14.9	-75.6
1461730730	-1.15	-147.87	3.6	15.19	-14.3	14.8	-76.0
1463731731	-1.10	-148.04	3.4	15.85	-14.3	14.7	-76.5
1465732732	-1.05	-148.33	3.3	16.49	-14.1	14.5	-76.9
1467733733	-1.03	-148.58	3.2	16.91	-14.0	14.4	-77.2
1469734734	-0.98	-148.77	3.0	17.74	-13.9	14.3	-77.7
1471735735	-0.95	-148.97	3.0	18.22	-13.8	14.1	-77.9
1473736736	-0.94	-149.08	2.9	18.45	-13.8	14.1	-78.1
1475737737	-0.91	-149.27	2.8	19.04	-13.7	14.0	-78.4
1477738738	-0.87	-149.43	2.7	19.88	-13.6	13.9	-78.8
1479739739	-0.83	-149.64	2.6	20.84	-13.5	13.8	-79.2
1481740740	-0.82	-149.84	2.5	21.21	-13.4	13.7	-79.3
1483741741	-0.81	-150.02	2.5	21.48	-13.4	13.6	-79.4
1485742742	-0.82	-150.18	2.5	21.32	-13.3	13.5	-79.3
1487743743	-0.79	-150.40	2.4	21.98	-13.2	13.4	-79.5
1489744744	-0.78	-150.59	2.4	22.26	-13.1	13.3	-79.6
1491745745	-0.78	-150.78	2.4	22.27	-13.0	13.2	-79.6
1493746746	-0.74	-150.94	2.3	23.46	-12.9	13.1	-80.0
1495747747	-0.75	-151.12	2.3	23.04	-12.8	13.1	-79.8
1497748748	-0.76	-151.28	2.3	22.83	-12.8	13.0	-79.6
1499749749	-0.73	-151.46	2.2	23.85	-12.7	12.9	-80.0
1501750750	-0.74	-151.70	2.3	23.62	-12.6	12.8	-79.9
1503751751	-0.72	-151.92	2.2	24.13	-12.5	12.7	-80.0
1505752752	-0.72	-152.33	2.2	24.10	-12.3	12.5	-79.9
1507753753	-0.72	-152.57	2.2	24.24	-12.2	12.4	-79.8
1509754754	-0.72	-152.93	2.2	24.08	-12.0	12.2	-79.6
1511755755	-0.72	-153.12	2.2	24.14	-11.9	12.1	-79.6
1513756756	-0.75	-153.42	2.3	23.31	-11.8	12.0	-79.1
1515757757	-0.76	-153.83	2.3	22.79	-11.6	11.8	-78.7
1517758758	-0.74	-153.96	2.2	23.41	-11.5	11.8	-79.0
1519759759	-0.72	-154.25	2.2	24.01	-11.4	11.6	-79.1
1521760760	-0.74	-154.70	2.2	23.59	-11.2	11.4	-78.8
1523761761	-0.72	-155.02	2.2	24.23	-11.1	11.3	-78.9
1525762762	-0.67	-156.05	2.0	25.92	-10.6	10.8	-79.2
1527763763	-0.60	-157.34	1.8	29.15	-10.0	10.2	-79.9
1529764764	-0.65	-156.22	1.9	26.83	-10.5	10.7	-79.5
1531765765	-0.70	-156.14	2.1	24.88	-10.5	10.8	-78.7
1533766766	-0.69	-156.56	2.1	25.08	-10.4	10.6	-78.6
1535767767	-0.68	-156.73	2.0	25.49	-10.3	10.5	-78.7
1537768768	-0.66	-157.04	2.0	26.44	-10.1	10.3	-79.0
1539769769	-0.65	-157.70	1.9	26.76	-9.8	10.0	-78.8
1541770770	-0.66	-158.00	2.0	26.22	-9.7	9.9	-78.5
1543771771	-0.65	-158.50	1.9	26.61	-9.5	9.7	-78.4
1545772772	-0.62	-158.80	1.9	27.86	-9.3	9.5	-78.8
1547773773	-0.60	-159.19	1.8	28.76	-9.2	9.3	-78.9
1549774774	-0.60	-159.70	1.8	29.05	-8.9	9.1	-78.8
1551775775	-0.60	-160.22	1.8	28.81	-8.7	8.9	-78.4
1553776776	-0.56	-160.46	1.6	31.31	-8.6	8.8	-79.2
1555777777	-0.54	-160.91	1.6	32.29	-8.4	8.5	-79.3
1557778778	-0.54	-161.39	1.6	32.39	-8.2	8.3	-79.0
1559779779	-0.49	-161.80	1.4	35.81	-8.0	8.1	-79.9
1561780780	-0.47	-162.20	1.4	37.03	-7.8	7.9	-80.0
1563781781	-0.46	-162.71	1.4	37.89	-7.6	7.7	-79.9
1565782782	-0.40	-163.13	1.2	43.72	-7.4	7.5	-81.0
1567783783	-0.35	-163.58	1.0	49.97	-7.2	7.3	-81.9
1569784784	-0.32	-163.97	1.0	53.62	-7.0	7.1	-82.3
1571785785	-0.30	-164.49	0.9	57.52	-6.8	6.9	-82.6
1573786786	-0.27	-164.83	0.8	63.32	-6.7	6.7	-83.1
1575787787	-0.23	-165.13	0.7	74.06	-6.5	6.6	-84.0
1577788788	-0.19	-165.42	0.5	93.64	-6.4	6.4	-85.1
1579789789	-0.14	-165.93	0.4	120.53	-6.2	6.2	-86.1
1581790790	-0.12	-166.53	0.3	150.00	-5.9	5.9	-86.7
1583791791	-0.04	-166.66	0.1	457.60	-5.8	5.8	-88.9
1585792792	0.00	-166.96	0.0	?	-5.7	5.7	-90.0
1587793793	0.00	-167.39	0.0	?	-5.5	5.5	-90.0
1589794794	0.00	-168.01	0.0	?	-5.3	5.3	-90.0
1591795795	0.00	-168.20	0.0	?	-5.2	5.2	-90.0
1593796796	0.00	-168.50	0.0	?	-5.0	5.0	-90.0
1595797797	0.00	-168.88	0.0	?	-4.9	4.9	-90.0
1597798798	0.00	-169.22	0.0	?	-4.7	4.7	-90.0
1599799799	0.00	-169.69	0.0	?	-4.5	4.5	-90.0
1601800800	0.00	-170.04	0.0	?	-4.4	4.4	-90.0
1603801801	0.00	-170.32	0.0	?	-4.2	4.2	-90.0
1605802802	0.00	-170.52	0.0	?	-4.1	4.1	-90.0
1607803803	0.00	-170.84	0.0	?	-4.0	4.0	-90.0
1609804804	0.00	-171.18	0.0	?	-3.9	3.9	-90.0
1611805805	0.00	-171.68	0.0	?	-3.6	3.6	-90.0
1613806806	0.00	-171.94	0.0	?	-3.5	3.5	-90.0
1615807807	0.00	-172.23	0.0	?	-3.4	3.4	-90.0
1617808808	0.00	-172.67	0.0	?	-3.2	3.2	-90.0
1619809809	0.00	-173.33	0.0	?	-2.9	2.9	-90.0
1621810810	0.00	-173.56	0.0	?	-2.8	2.8	-90.0
1623811811	0.00	-173.69	0.0	?	-2.8	2.8	-90.0
1625812812	0.00	-174.07	0.0	?	-2.6	2.6	-90.0
1627813813	0.00	-174.40	0.0	?	-2.4	2.4	-90.0
1629814814	0.00	-174.82	0.0	?	-2.3	2.3	-90.0
1631815815	0.00	-174.97	0.0	?	-2.2	2.2	-90.0
1633816816	0.00	-175.46	0.0	?	-2.0	2.0	-90.0
1635817817	0.00	-175.59	0.0	?	-1.9	1.9	-90.0
1637818818	0.00	-176.31	0.0	?	-1.6	1.6	-90.0
1639819819	0.00	-176.61	0.0	?	-1.5	1.5	-90.0
1641820820	0.00	-177.11	0.0	?	-1.3	1.3	-90.0
1643821821	0.00	-177.23	0.0	?	-1.2	1.2	-90.0
1645822822	0.00	-177.78	0.0	?	-1.0	1.0	-90.0
1647823823	0.00	-178.14	0.0	?	-0.8	0.8	-90.0
1649824824	0.00	-178.60	0.0	?	-0.6	0.6	-90.0
1651825825	0.00	-178.99	0.0	?	-0.4	0.4	-90.0
1653826826	0.00	-179.09	0.0	?	-0.4	0.4	-90.0
1655827827	0.00	-179.65	0.0	?	-0.2	0.2	-90.0
1657828828	0.00	179.97	0.0	?	0.0	0.0	90.0
1659829829	0.00	179.48	0.0	?	0.2	0.2	90.0
1661830830	0.00	179.00	0.0	?	0.4	0.4	90.0
1663831831	0.00	178.91	0.0	?	0.5	0.5	90.0
1665832832	0.00	178.31	0.0	?	0.7	0.7	90.0
1667833833	0.00	177.91	0.0	?	0.9	0.9	90.0
1669834834	0.00	177.09	0.0	?	1.3	1.3	90.0
1671835835	0.00	176.42	0.0	?	1.6	1.6	90.0
1673836836	0.00	176.15	0.0	?	1.7	1.7	90.0
1675837837	0.00	175.74	0.0	?	1.9	1.9	90.0
1677838838	0.00	174.75	0.0	?	2.3	2.3	90.0
1679839839	0.00	174.27	0.0	?	2.5	2.5	90.0
1681840840	0.00	173.75	0.0	?	2.7	2.7	90.0
1683841841	0.00	173.05	0.0	?	3.0	3.0	90.0
1685842842	0.00	172.21	0.0	?	3.4	3.4	90.0
1687843843	0.00	171.54	0.0	?	3.7	3.7	90.0
1689844844	0.00	170.98	0.0	?	3.9	3.9	90.0
1691845845	0.00	170.12	0.0	?	4.3	4.3	90.0
1693846846	0.00	169.40	0.0	?	4.6	4.6	90.0
1695847847	0.00	168.72	0.0	?	4.9	4.9	90.0
1697848848	0.00	168.18	0.0	?	5.2	5.2	90.0
1699849849	0.00	167.38	0.0	?	5.5	5.5	90.0
1701850850	0.00	166.76	0.0	?	5.8	5.8	90.0
1703851851	0.00	165.97	0.0	?	6.2	6.2	90.0
1705852852	0.00	165.53	0.0	?	6.3	6.3	90.0
1707853853	0.00	164.63	0.0	?	6.7	6.7	90.0
1709854854	0.00	164.12	0.0	?	7.0	7.0	90.0
1711855855	0.00	163.72	0.0	?	7.2	7.2	90.0
1713856856	0.00	162.76	0.0	?	7.6	7.6	90.0
1715857857	0.00	161.98	0.0	?	7.9	7.9	90.0
1717858858	0.00	161.48	0.0	?	8.2	8.2	90.0
1719859859	0.00	160.84	0.0	?	8.4	8.4	90.0
1721860860	0.00	160.45	0.0	?	8.6	8.6	90.0
1723861861	0.00	159.72	0.0	?	8.9	8.9	90.0
1725862862	0.00	158.89	0.0	?	9.3	9.3	90.0
1727863863	0.00	157.83	0.0	?	9.8	9.8	90.0
1729864864	0.00	157.28	0.0	?	10.0	10.0	90.0
1731865865	0.00	156.82	0.0	?	10.3	10.3	90.0
1733866866	0.00	155.65	0.0	?	10.8	10.8	90.0
1735867867	0.00	154.31	0.0	?	11.4	11.4	90.0
1737868868	0.00	153.06	0.0	?	12.0	12.0	90.0
1739869869	0.00	152.36	0.0	?	12.3	12.3	90.0
1741870870	0.00	151.10	0.0	?	12.9	12.9	90.0
1743871871	0.00	149.44	0.0	?	13.7	13.7	90.0
1745872872	0.00	147.97	0.0	?	14.4	14.4	90.0
1747873873	0.00	146.59	0.0	?	15.0	15.0	90.0
1749874874	0.00	145.25	0.0	?	15.6	15.6	90.0
1751875875	0.00	143.77	0.0	?	16.4	16.4	90.0
1753876876	0.00	142.08	0.0	?	17.2	17.2	90.0
1755877877	0.00	140.51	0.0	?	17.9	17.9	90.0
1757878878	0.00	138.51	0.0	?	18.9	18.9	90.0
1759879879	0.00	137.09	0.0	?	19.6	19.6	90.0
1761880880	0.00	135.30	0.0	?	20.6	20.6	90.0
1763881881	0.00	133.56	0.0	?	21.4	21.4	90.0
1765882882	0.00	132.24	0.0	?	22.1	22.1	90.0
1767883883	0.00	130.32	0.0	?	23.1	23.1	90.0
1769884884	0.00	128.68	0.0	?	24.0	24.0	90.0
1771885885	0.00	127.13	0.0	?	24.9	24.9	90.0
1773886886	0.00	124.65	0.0	?	26.2	26.2	90.0
1775887887	0.00	123.33	0.0	?	27.0	27.0	90.0
1777888888	0.00	121.64	0.0	?	27.9	27.9	90.0
1779889889	0.00	119.83	0.0	?	29.0	29.0	90.0
1781890890	0.00	117.98	0.0	?	30.1	30.1	90.0
1783891891	0.00	116.19	0.0	?	31.1	31.1	90.0
1785892892	0.00	114.60	0.0	?	32.1	32.1	90.0
1787893893	0.00	112.59	0.0	?	33.4	33.4	90.0
1789894894	0.00	110.74	0.0	?	34.5	34.5	90.0
1791895895	0.00	109.10	0.0	?	35.6	35.6	90.0
1793896896	0.00	106.85	0.0	?	37.1	37.1	90.0
1795897897	0.00	105.20	0.0	?	38.2	38.2	90.0
1797898898	0.00	103.23	0.0	?	39.6	39.6	90.0
1799899899	0.00	101.57	0.0	?	40.8	40.8	90.0
1801900900	0.00	99.82	0.0	?	42.1	42.1	90.0
1803901901	0.00	97.95	0.0	?	43.5	43.5	90.0
1805902902	0.00	96.05	0.0	?	45.0	45.0	90.0
1807903903	0.00	93.88	0.0	?	46.7	46.7	90.0
1809904904	0.00	91.62	0.0	?	48.6	48.6	90.0
1811905905	0.00	89.81	0.0	?	50.2	50.2	90.0
1813906906	0.00	88.07	0.0	?	51.7	51.7	90.0
1815907907	0.00	86.49	0.0	?	53.2	53.2	90.0
1817908908	0.00	84.16	0.0	?	55.4	55.4	90.0
1819909909	0.00	82.37	0.0	?	57.1	57.1	90.0
1821910910	-0.02	80.12	0.2	799.96	59.5	59.5	89.9
1823911911	-0.23	77.94	1.7	75.08	61.8	61.8	88.4
1825912912	-0.54	75.79	4.1	32.37	64.1	64.2	86.3
1827913913	-0.75	73.49	6.0	23.08	66.6	66.9	84.8
1829914914	-0.99	71.43	8.3	17.62	68.9	69.4	83.1
1831915915	-1.27	69.09	11.2	13.73	71.4	72.3	81.1
1833916916	-1.53	67.08	14.2	11.36	73.6	74.9	79.1
1835917917	-1.77	65.13	17.1	9.86	75.6	77.5	77.3
1837918918	-2.06	62.66	21.0	8.48	78.1	80.9	74.9
1839919919	-2.25	60.10	24.5	7.77	81.0	84.6	73.2
1841920920	-2.50	57.86	28.6	7.00	83.1	87.9	71.0
1843921921	-2.71	55.21	33.1	6.47	85.8	92.0	68.9
1845922922	-3.01	53.20	38.3	5.82	86.7	94.8	66.2
1847923923	-3.28	50.50	44.3	5.36	88.5	99.0	63.4
1849924924	-3.48	47.95	50.0	5.06	90.3	103.2	61.0
1851925925	-3.69	45.04	56.8	4.78	92.0	108.1	58.3
1853926926	-3.95	42.92	63.1	4.47	91.3	111.0	55.4
1855927927	-4.10	40.26	69.9	4.32	92.3	115.8	52.9
1857928928	-4.31	37.40	78.0	4.11	91.6	120.4	49.6
1859929929	-4.53	34.47	86.7	3.92	89.9	124.9	46.1
1861930930	-4.66	31.90	94.3	3.82	88.5	129.3	43.2
1863931931	-4.84	29.14	102.6	3.68	85.1	133.3	39.7
1865932932	-5.05	26.20	111.2	3.54	79.9	136.9	35.7
1867933933	-5.10	23.32	120.0	3.51	76.5	142.3	32.5
1869934934	-5.23	20.47	127.8	3.42	69.9	145.7	28.7
1871935935	-5.39	18.12	133.1	3.32	62.6	147.0	25.2
1873936936	-5.50	15.15	139.7	3.26	53.9	149.7	21.1
1875937937	-5.61	12.24	144.9	3.20	44.4	151.5	17.0
1877938938	-5.75	9.48	147.6	3.13	34.1	151.5	13.0
1879939939	-5.79	6.68	151.0	3.11	24.5	153.0	9.2
1881940940	-5.93	4.04	150.6	3.04	14.4	151.3	5.5
1883941941	-6.00	1.20	150.4	3.01	4.2	150.4	1.6
1885942942	-6.07	-2.13	148.5	2.98	-7.3	148.7	-2.8
1887943943	-6.12	-4.75	145.8	2.95	-15.8	146.7	-6.2
1889944944	-6.17	-7.28	142.2	2.93	-23.3	144.1	-9.3
1891945945	-6.27	-9.48	137.6	2.89	-28.8	140.5	-11.8
1893946946	-6.35	-12.72	131.2	2.85	-36.2	136.1	-15.4
1895947947	-6.42	-14.97	126.4	2.83	-40.4	132.7	-17.7
1897948948	-6.50	-18.10	119.6	2.79	-45.3	127.9	-20.7
1899949949	-6.60	-20.51	114.0	2.76	-47.8	123.6	-22.8
1901950950	-6.68	-22.63	109.3	2.73	-49.7	120.1	-24.4
1903951951	-6.83	-24.88	104.0	2.67	-50.3	115.5	-25.8
1905952952	-7.08	-27.41	98.1	2.59	-49.7	109.9	-26.9
1907953953	-7.23	-28.74	95.1	2.54	-49.0	107.0	-27.3
1909954954	-7.38	-30.17	92.2	2.50	-48.5	104.1	-27.8
1911955955	-7.56	-30.88	90.3	2.44	-47.1	101.9	-27.6
1913956956	-7.66	-31.62	88.8	2.41	-46.5	100.3	-27.6
1915957957	-7.70	-32.36	87.6	2.40	-46.5	99.2	-28.0
1917958958	-7.66	-33.20	86.6	2.41	-47.3	98.7	-28.7
1919959959	-7.64	-32.72	87.3	2.42	-47.3	99.3	-28.4
1921960960	-7.54	-32.55	87.9	2.45	-48.2	100.2	-28.7
1923961961	-7.40	-32.79	88.0	2.49	-49.7	101.1	-29.4
1925962962	-7.28	-32.94	88.1	2.52	-51.0	101.8	-30.1
1927963963	-7.06	-33.46	88.0	2.60	-53.6	103.0	-31.4
1929964964	-6.83	-34.60	86.6	2.67	-56.6	103.4	-33.2
1931965965	-6.66	-35.18	85.9	2.73	-58.6	104.0	-34.3
1933966966	-6.50	-36.62	83.6	2.80	-60.8	103.3	-36.0
1935967967	-6.32	-37.61	81.9	2.87	-62.9	103.3	-37.5
1937968968	-6.10	-38.61	80.1	2.96	-65.6	103.5	-39.3
1939969969	-5.95	-39.83	77.7	3.03	-67.2	102.8	-40.9
1941970970	-5.73	-41.38	74.5	3.14	-69.6	102.0	-43.0
1943971971	-5.66	-42.32	72.7	3.18	-70.1	101.0	-44.0
1945972972	-5.54	-43.16	70.9	3.24	-71.1	100.4	-45.1
1947973973	-5.41	-44.28	68.5	3.31	-72.1	99.5	-46.4
1949974974	-5.29	-45.46	66.1	3.38	-72.7	98.3	-47.7
1951975975	-5.14	-46.64	63.5	3.48	-73.7	97.2	-49.2
1953976976	-5.01	-47.86	60.9	3.57	-74.2	96.0	-50.6
1955977977	-4.88	-48.75	58.9	3.65	-74.8	95.2	-51.8
1957978978	-4.74	-49.83	56.4	3.76	-75.3	94.1	-53.1
1959979979	-4.63	-51.26	53.7	3.84	-75.1	92.3	-54.4
1961980980	-4.52	-52.20	51.8	3.93	-75.1	91.3	-55.4
1963981981	-4.39	-53.04	49.8	4.04	-75.5	90.5	-56.6
1965982982	-4.30	-54.18	47.7	4.12	-75.1	89.0	-57.6
1967983983	-4.15	-54.64	46.2	4.26	-75.8	88.8	-58.7
1969984984	-4.11	-55.68	44.6	4.31	-75.1	87.3	-59.3
1971985985	-4.05	-56.47	43.3	4.37	-74.7	86.3	-59.9
1973986986	-3.89	-57.39	41.1	4.54	-74.8	85.4	-61.2
1975987987	-3.80	-58.35	39.4	4.65	-74.4	84.2	-62.1
1977988988	-3.71	-58.78	38.3	4.75	-74.4	83.7	-62.7
1979989989	-3.64	-59.57	37.0	4.84	-74.0	82.7	-63.4
1981990990	-3.61	-60.68	35.8	4.88	-72.9	81.2	-63.9
1983991991	-3.50	-61.48	34.2	5.03	-72.7	80.3	-64.8
1985992992	-3.41	-62.09	33.0	5.16	-72.4	79.6	-65.5
1987993993	-3.37	-62.63	32.3	5.21	-72.0	78.9	-65.9
1989994994	-3.26	-63.34	30.9	5.39	-71.8	78.1	-66.7
1991995995	-3.23	-63.76	30.3	5.45	-71.5	77.6	-67.0
1993996996	-3.20	-64.33	29.6	5.49	-70.9	76.9	-67.3
1995997997	-3.14	-65.15	28.6	5.59	-70.2	75.9	-67.8
1997998998	-3.10	-65.80	27.8	5.66	-69.7	75.0	-68.2
1999999999	-3.03	-66.35	27.0	5.79	-69.4	74.4	-68.8
