1000000	-0.79	88.04	4.7	22.13	51.5	51.7	84.8
3001001	0.00	82.62	0.0	?	56.9	56.9	90.0
5002002	0.00	77.11	0.0	?	62.7	62.7	90.0
7003003	0.00	73.01	0.0	?	67.6	67.6	90.0
9004004	0.00	69.51	0.0	?	72.1	72.1	90.0
11005005	0.00	67.48	0.0	?	74.9	74.9	90.0
13006006	0.00	65.25	0.0	?	78.1	78.1	90.0
15007007	-0.20	62.44	2.2	86.45	82.5	82.5	88.5
17008008	-0.27	60.65	3.0	65.15	85.4	85.5	88.0
19009009	-0.38	58.87	4.6	45.41	88.4	88.5	87.1
21010010	-0.44	57.25	5.5	39.62	91.4	91.5	86.6
23011011	-0.48	55.65	6.4	35.91	94.4	94.6	86.1
25012012	-0.55	54.16	7.6	31.67	97.3	97.6	85.5
27013013	-0.59	52.65	8.5	29.61	100.5	100.8	85.1
29014014	-0.62	51.27	9.5	27.88	103.5	103.9	84.7
31015015	-0.65	50.01	10.4	26.70	106.4	106.9	84.4
33016016	-0.68	48.79	11.4	25.57	109.3	109.9	84.1
35017017	-0.69	47.75	12.1	25.10	111.9	112.5	83.8
37018018	-0.68	46.66	12.3	25.69	114.8	115.5	83.9
39019019	-0.66	45.50	12.7	26.22	118.1	118.8	83.9
41020020	-0.66	44.36	13.2	26.34	121.4	122.1	83.8
43021021	-0.66	43.27	13.9	26.19	124.7	125.5	83.6
45022022	-0.67	42.29	14.7	25.80	127.8	128.6	83.4
47023023	-0.68	41.34	15.5	25.58	130.9	131.9	83.2
49024024	-0.69	40.49	16.4	25.22	133.8	134.8	83.0
51025025	-0.70	39.62	17.2	24.95	136.9	138.0	82.8
53026026	-0.71	38.79	18.3	24.44	139.9	141.1	82.5
55027027	-0.74	38.00	19.7	23.61	142.8	144.2	82.2
57028028	-0.74	37.24	20.7	23.34	145.8	147.2	81.9
59029029	-0.77	36.54	22.0	22.72	148.5	150.2	81.6
61030030	-0.80	35.84	23.8	21.76	151.2	153.1	81.1
63031031	-0.83	35.19	25.4	21.03	153.9	156.0	80.6
65032032	-0.87	34.51	27.6	20.09	156.5	159.0	80.0
67033033	-0.91	33.86	30.0	19.08	159.1	161.9	79.3
69034034	-0.95	33.18	32.5	18.24	161.9	165.1	78.6
71035035	-1.01	32.49	35.6	17.29	164.5	168.3	77.8
73036036	-1.06	31.78	39.0	16.35	167.2	171.7	76.9
75037037	-1.12	31.11	42.5	15.55	169.8	175.1	76.0
77038038	-1.19	30.41	46.6	14.68	172.3	178.5	74.9
79039039	-1.26	29.68	51.4	13.81	174.7	182.1	73.6
81040040	-1.34	28.98	56.4	13.01	176.7	185.5	72.3
83041041	-1.42	28.27	62.0	12.24	178.5	188.9	70.9
85042042	-1.51	27.54	68.1	11.51	179.9	192.3	69.3
87043043	-1.59	26.88	73.6	10.98	181.2	195.6	67.9
89044044	-1.65	26.09	79.5	10.58	183.4	199.9	66.6
91045045	-1.73	25.17	87.1	10.10	185.4	204.8	64.8
93046046	-1.82	24.26	95.6	9.58	186.2	209.3	62.8
95047047	-1.91	23.34	104.6	9.11	186.5	213.8	60.7
97048048	-2.00	22.55	112.7	8.72	186.0	217.5	58.8
99049049	-2.06	21.59	121.5	8.48	187.0	223.1	57.0
101050050	-2.13	20.49	132.4	8.20	187.3	229.4	54.7
103051051	-2.19	19.27	144.9	7.96	187.3	236.8	52.3
105052052	-2.26	17.97	158.9	7.71	185.9	244.6	49.5
107053053	-2.35	16.67	173.7	7.45	182.2	251.7	46.4
109054054	-2.42	15.36	188.7	7.21	176.8	258.6	43.1
111055055	-2.50	14.02	204.1	6.99	169.4	265.2	39.7
113056056	-2.58	12.61	219.9	6.79	159.6	271.7	36.0
115057057	-2.65	11.13	235.9	6.61	147.0	277.9	31.9
117058058	-2.71	9.63	250.9	6.46	132.2	283.6	27.8
119059059	-2.77	7.97	265.8	6.31	113.4	289.0	23.1
121060060	-2.84	6.39	276.9	6.18	92.7	292.0	18.5
123061061	-2.89	4.65	286.5	6.07	68.6	294.6	13.5
125062062	-2.96	2.95	290.2	5.94	43.1	293.3	8.4
127063063	-3.00	1.22	290.9	5.84	17.6	291.4	3.5
129064064	-3.05	-0.45	288.0	5.76	-6.3	288.0	-1.2
131065065	-3.07	-2.31	282.3	5.72	-31.5	284.1	-6.4
133066066	-3.10	-4.16	272.3	5.67	-54.3	277.7	-11.3
135067067	-3.11	-6.09	259.9	5.65	-75.5	270.7	-16.2
137068068	-3.11	-8.07	245.2	5.65	-94.2	262.6	-21.0
139069069	-3.11	-10.09	227.8	5.64	-109.2	252.6	-25.6
141070070	-3.10	-12.23	209.3	5.66	-121.5	242.0	-30.1
143071071	-3.09	-14.32	191.3	5.69	-130.3	231.4	-34.3
145072072	-3.07	-16.52	172.9	5.72	-136.2	220.1	-38.2
147073073	-3.05	-18.80	155.0	5.75	-139.2	208.3	-41.9
149074074	-3.03	-21.09	138.5	5.79	-140.1	197.0	-45.3
151075075	-3.00	-23.30	124.2	5.85	-139.6	186.8	-48.3
153076076	-2.97	-25.67	110.5	5.91	-137.4	176.3	-51.2
155077077	-2.93	-28.07	98.1	5.99	-134.5	166.5	-53.9
157078078	-2.90	-30.44	87.5	6.06	-130.6	157.3	-56.2
159079079	-2.87	-32.95	77.9	6.11	-125.9	148.1	-58.3
161080080	-2.83	-35.36	69.7	6.19	-121.6	140.1	-60.2
163081081	-2.81	-37.84	62.6	6.23	-116.5	132.3	-61.7
165082082	-2.78	-40.26	56.4	6.30	-112.0	125.4	-63.3
167083083	-2.77	-42.61	51.4	6.33	-107.4	119.1	-64.4
169084084	-2.72	-44.96	46.6	6.43	-103.3	113.4	-65.7
171085085	-2.68	-47.34	42.3	6.53	-99.3	107.9	-66.9
173086086	-2.62	-49.84	38.2	6.69	-95.3	102.7	-68.2
175087087	-2.56	-52.54	34.3	6.83	-91.1	97.4	-69.4
177088088	-2.52	-55.31	31.0	6.95	-86.9	92.3	-70.3
179089089	-2.47	-58.22	28.1	7.07	-82.7	87.3	-71.3
181090090	-2.44	-61.25	25.4	7.18	-78.5	82.5	-72.0
183091091	-2.40	-64.24	23.2	7.28	-74.6	78.1	-72.7
185092092	-2.37	-67.54	21.1	7.38	-70.5	73.6	-73.4
187093093	-2.35	-71.02	19.3	7.43	-66.4	69.2	-73.8
189094094	-2.31	-74.74	17.4	7.58	-62.5	64.8	-74.4
191095095	-2.28	-78.99	15.7	7.68	-58.2	60.3	-74.9
193096096	-2.29	-83.81	14.4	7.63	-53.6	55.5	-75.0
195097097	-2.35	-88.89	13.4	7.45	-49.1	50.9	-74.7
197098098	-2.44	-94.39	12.7	7.18	-44.7	46.4	-74.1
199099099	-2.52	-100.54	12.0	6.93	-40.1	41.9	-73.3
201100100	-2.64	-107.34	11.5	6.63	-35.5	37.3	-72.1
203101101	-2.80	-115.11	11.1	6.27	-30.7	32.6	-70.1
205102102	-3.01	-124.07	10.9	5.84	-25.6	27.8	-66.9
207103103	-3.29	-133.72	11.0	5.34	-20.5	23.3	-61.8
209104104	-3.65	-144.32	11.4	4.83	-15.3	19.1	-53.5
211105105	-4.04	-156.33	11.9	4.38	-9.9	15.5	-39.8
213106106	-4.56	-169.93	12.9	3.90	-4.1	13.6	-17.7
215107107	-5.21	174.91	14.6	3.43	2.0	14.7	7.9
217108108	-5.92	158.09	17.0	3.05	8.6	19.0	26.9
219109109	-6.53	139.95	20.0	2.78	15.6	25.4	38.0
221110110	-6.88	121.10	23.7	2.66	23.2	33.2	44.3
223111111	-6.90	102.92	28.3	2.65	31.3	42.2	47.9
225112112	-6.62	86.60	33.7	2.75	40.1	52.3	50.0
227113113	-6.14	72.77	39.8	2.95	49.5	63.5	51.2
229114114	-5.55	61.29	46.7	3.24	60.0	76.1	52.1
231115115	-4.93	51.16	55.6	3.62	72.3	91.2	52.4
233116116	-4.35	42.51	66.8	4.07	86.4	109.2	52.3
235117117	-3.84	34.75	82.2	4.60	102.7	131.6	51.3
237118118	-3.39	27.85	103.7	5.18	120.9	159.3	49.4
239119119	-3.06	21.39	136.6	5.74	138.8	194.7	45.4
241120120	-2.81	15.56	184.1	6.24	150.2	237.5	39.2
243121121	-2.61	10.24	248.5	6.72	145.0	287.7	30.3
245122122	-2.46	5.40	320.4	7.11	105.1	337.2	18.2
247123123	-2.32	0.88	374.8	7.52	21.2	375.4	3.2
249124124	-2.23	-3.39	371.5	7.82	-84.5	381.0	-12.8
251125125	-2.17	-7.41	317.4	8.03	-161.7	356.2	-27.0
253126126	-2.13	-11.15	252.2	8.19	-196.8	319.9	-38.0
255127127	-2.10	-14.64	197.4	8.30	-204.1	283.9	-46.0
257128128	-2.08	-18.04	154.9	8.41	-198.9	252.1	-52.1
259129129	-2.06	-21.11	125.4	8.49	-189.1	226.9	-56.4
261130130	-2.03	-24.05	103.2	8.60	-178.3	206.1	-59.9
263131131	-1.99	-26.95	85.6	8.77	-167.9	188.5	-63.0
265132132	-1.91	-29.81	70.8	9.13	-158.7	173.8	-66.0
267133133	-1.86	-32.74	59.2	9.40	-148.7	160.1	-68.3
269134134	-1.79	-35.70	49.7	9.71	-139.4	148.0	-70.4
271135135	-1.76	-38.46	42.9	9.93	-131.0	137.8	-71.9
273136136	-1.72	-41.21	37.2	10.16	-123.3	128.8	-73.2
275137137	-1.69	-43.88	32.8	10.33	-116.3	120.8	-74.3
277138138	-1.64	-46.54	28.7	10.65	-110.0	113.7	-75.4
279139139	-1.60	-49.03	25.6	10.90	-104.5	107.6	-76.2
281140140	-1.58	-51.43	23.2	11.05	-99.5	102.1	-76.9
283141141	-1.53	-53.81	20.9	11.36	-94.9	97.2	-77.6
285142142	-1.49	-56.04	18.9	11.71	-90.9	92.9	-78.3
287143143	-1.44	-58.27	17.1	12.10	-87.2	88.8	-78.9
289144144	-1.38	-60.43	15.4	12.62	-83.8	85.2	-79.6
291145145	-1.32	-62.55	13.9	13.14	-80.6	81.8	-80.2
293146146	-1.27	-64.55	12.7	13.66	-77.7	78.7	-80.7
295147147	-1.23	-66.73	11.6	14.14	-74.7	75.6	-81.2
297148148	-1.18	-68.74	10.5	14.77	-72.1	72.8	-81.7
299149149	-1.14	-70.70	9.7	15.29	-69.6	70.3	-82.1
301150150	-1.08	-72.56	8.8	16.08	-67.4	67.9	-82.5
303151151	-1.05	-74.44	8.2	16.61	-65.2	65.7	-82.8
305152152	-1.02	-76.29	7.7	17.02	-63.1	63.6	-83.1
307153153	-0.99	-78.15	7.1	17.65	-61.1	61.5	-83.4
309154154	-0.97	-80.03	6.7	17.95	-59.1	59.5	-83.5
311155155	-0.96	-81.80	6.4	18.08	-57.3	57.7	-83.6
313156156	-0.96	-83.55	6.2	18.05	-55.6	55.9	-83.6
315157157	-0.99	-85.18	6.2	17.52	-54.0	54.4	-83.4
317158158	-1.02	-86.63	6.2	17.04	-52.6	53.0	-83.3
319159159	-1.03	-87.87	6.1	16.89	-51.5	51.9	-83.2
321160160	-1.00	-89.03	5.8	17.41	-50.5	50.8	-83.4
323161161	-0.94	-90.35	5.4	18.46	-49.4	49.7	-83.8
325162162	-0.90	-91.80	5.0	19.27	-48.2	48.5	-84.1
327163163	-0.87	-93.31	4.7	19.99	-47.0	47.2	-84.3
329164164	-0.83	-94.90	4.4	20.82	-45.7	45.9	-84.5
331165165	-0.81	-96.47	4.2	21.37	-44.5	44.7	-84.6
333166166	-0.81	-98.13	4.1	21.54	-43.2	43.4	-84.6
335167167	-0.80	-99.73	4.0	21.61	-42.0	42.2	-84.6
337168168	-0.82	-101.24	3.9	21.30	-40.9	41.1	-84.5
339169169	-0.82	-102.83	3.8	21.25	-39.7	39.9	-84.5
341170170	-0.84	-104.48	3.8	20.77	-38.6	38.8	-84.3
343171171	-0.85	-106.11	3.8	20.51	-37.5	37.7	-84.2
345172172	-0.87	-107.62	3.8	20.04	-36.4	36.6	-84.0
347173173	-0.88	-109.11	3.8	19.82	-35.5	35.7	-83.9
349174174	-0.89	-110.70	3.8	19.48	-34.4	34.6	-83.7
351175175	-0.90	-112.31	3.8	19.30	-33.4	33.6	-83.6
353176176	-0.92	-113.87	3.7	18.98	-32.4	32.6	-83.4
355177177	-0.94	-115.43	3.8	18.47	-31.5	31.7	-83.1
357178178	-0.95	-116.93	3.8	18.24	-30.6	30.8	-83.0
359179179	-0.97	-118.50	3.8	17.95	-29.6	29.9	-82.8
361180180	-0.98	-120.13	3.8	17.69	-28.7	28.9	-82.5
363181181	-1.00	-121.64	3.8	17.45	-27.8	28.1	-82.3
365182182	-1.01	-123.23	3.7	17.28	-26.9	27.2	-82.1
367183183	-1.02	-124.78	3.7	17.02	-26.0	26.3	-81.8
369184184	-1.02	-126.28	3.7	17.04	-25.2	25.5	-81.7
371185185	-1.02	-127.80	3.6	16.98	-24.4	24.7	-81.5
373186186	-1.03	-129.33	3.6	16.83	-23.6	23.8	-81.2
375187187	-1.03	-130.85	3.6	16.84	-22.8	23.0	-81.0
377188188	-1.03	-132.34	3.6	16.81	-22.0	22.3	-80.8
379189189	-1.03	-133.82	3.5	16.92	-21.2	21.5	-80.7
381190190	-1.03	-135.25	3.5	16.93	-20.5	20.8	-80.4
383191191	-1.02	-136.69	3.4	16.97	-19.8	20.1	-80.2
385192192	-1.01	-138.16	3.3	17.15	-19.0	19.3	-80.0
387193193	-1.01	-139.54	3.3	17.23	-18.4	18.6	-79.8
389194194	-1.00	-140.95	3.2	17.37	-17.7	18.0	-79.6
391195195	-0.99	-142.30	3.2	17.55	-17.0	17.3	-79.4
393196196	-0.99	-143.60	3.1	17.64	-16.4	16.7	-79.2
395197197	-0.98	-144.90	3.1	17.74	-15.8	16.1	-78.9
397198198	-0.97	-146.24	3.0	18.01	-15.1	15.4	-78.7
399199199	-0.95	-147.45	3.0	18.28	-14.6	14.9	-78.5
401200200	-0.94	-148.65	2.9	18.42	-14.0	14.3	-78.2
403201201	-0.94	-149.91	2.9	18.60	-13.4	13.7	-77.9
405202202	-0.93	-151.08	2.8	18.74	-12.9	13.2	-77.5
407203203	-0.92	-152.25	2.8	18.88	-12.3	12.6	-77.2
409204204	-0.91	-153.37	2.8	19.12	-11.8	12.1	-76.8
411205205	-0.90	-154.47	2.7	19.27	-11.3	11.6	-76.4
413206206	-0.91	-155.56	2.7	19.13	-10.8	11.1	-75.8
415207207	-0.91	-156.64	2.7	19.19	-10.3	10.7	-75.2
417208208	-0.91	-157.65	2.7	19.17	-9.8	10.2	-74.6
419209209	-0.91	-158.68	2.7	19.20	-9.4	9.8	-74.0
421210210	-0.91	-159.66	2.7	19.15	-8.9	9.3	-73.2
423211211	-0.92	-160.66	2.7	18.95	-8.5	8.9	-72.3
425212212	-0.93	-161.62	2.7	18.74	-8.1	8.5	-71.3
427213213	-0.94	-162.61	2.8	18.56	-7.6	8.1	-70.1
429214214	-0.95	-163.57	2.8	18.23	-7.2	7.7	-68.7
431215215	-0.97	-164.50	2.8	17.94	-6.8	7.4	-67.3
433216216	-0.99	-165.47	2.9	17.56	-6.4	7.0	-65.5
435217217	-1.01	-166.35	2.9	17.27	-6.0	6.6	-63.8
437218218	-1.03	-167.27	3.0	16.91	-5.6	6.3	-61.7
439219219	-1.05	-168.17	3.1	16.56	-5.2	6.0	-59.4
441220220	-1.07	-169.11	3.1	16.20	-4.7	5.7	-56.7
443221221	-1.10	-170.02	3.2	15.80	-4.3	5.4	-53.8
445222222	-1.13	-170.93	3.3	15.41	-3.9	5.1	-50.4
447223223	-1.16	-171.84	3.3	15.05	-3.6	4.9	-46.8
449224224	-1.19	-172.76	3.4	14.61	-3.1	4.7	-42.5
451225225	-1.22	-173.74	3.5	14.23	-2.7	4.5	-37.7
453226226	-1.25	-174.64	3.6	13.92	-2.3	4.3	-32.9
455227227	-1.29	-175.56	3.7	13.48	-1.9	4.2	-27.4
457228228	-1.32	-176.53	3.8	13.22	-1.5	4.1	-21.7
459229229	-1.34	-177.51	3.9	12.97	-1.1	4.0	-15.7
461230230	-1.38	-178.49	4.0	12.62	-0.7	4.0	-9.4
463231231	-1.41	-179.47	4.1	12.32	-0.2	4.1	-3.2
465232232	-1.44	179.52	4.1	12.12	0.2	4.1	2.9
467233233	-1.47	178.54	4.2	11.87	0.6	4.3	8.5
469234234	-1.50	177.54	4.3	11.58	1.1	4.4	13.8
471235235	-1.53	176.48	4.4	11.40	1.5	4.6	19.1
473236236	-1.55	175.35	4.5	11.22	2.0	4.9	24.3
475237237	-1.57	174.36	4.5	11.10	2.4	5.1	28.4
477238238	-1.60	173.33	4.6	10.91	2.9	5.4	32.2
479239239	-1.61	172.36	4.6	10.81	3.3	5.7	35.5
481240240	-1.64	171.20	4.7	10.63	3.8	6.1	38.9
483241241	-1.65	170.13	4.8	10.58	4.3	6.4	42.0
485242242	-1.66	169.07	4.8	10.49	4.7	6.8	44.6
487243243	-1.68	168.00	4.9	10.38	5.2	7.1	46.9
489244244	-1.69	166.96	4.9	10.32	5.7	7.5	49.1
491245245	-1.70	165.87	5.0	10.24	6.1	7.9	51.1
493246246	-1.70	164.79	5.0	10.23	6.6	8.3	53.1
495247247	-1.71	163.74	5.0	10.18	7.1	8.7	54.7
497248248	-1.72	162.68	5.1	10.13	7.5	9.1	56.2
499249249	-1.71	161.61	5.0	10.18	8.0	9.5	57.8
501250250	-1.71	160.49	5.0	10.21	8.5	9.9	59.4
503251251	-1.70	159.34	5.0	10.25	9.0	10.3	60.8
505252252	-1.70	158.28	5.1	10.25	9.5	10.8	62.0
507253253	-1.69	157.22	5.0	10.31	10.0	11.2	63.2
509254254	-1.69	156.18	5.1	10.29	10.4	11.6	64.1
511255255	-1.69	155.02	5.1	10.30	11.0	12.1	65.1
513256256	-1.68	153.94	5.1	10.38	11.5	12.5	66.1
515257257	-1.67	152.88	5.1	10.41	11.9	13.0	67.0
517258258	-1.66	151.80	5.1	10.49	12.4	13.4	67.8
519259259	-1.66	150.77	5.1	10.47	12.9	13.9	68.5
521260260	-1.66	149.63	5.1	10.53	13.4	14.4	69.2
523261261	-1.65	148.58	5.1	10.56	13.9	14.8	69.9
525262262	-1.64	147.46	5.1	10.61	14.5	15.3	70.5
527263263	-1.64	146.39	5.1	10.64	15.0	15.8	71.1
529264264	-1.64	145.30	5.2	10.64	15.5	16.3	71.6
531265265	-1.63	144.13	5.2	10.70	16.0	16.8	72.2
533266266	-1.63	142.95	5.2	10.68	16.6	17.4	72.6
535267267	-1.64	141.87	5.3	10.64	17.1	17.9	72.9
537268268	-1.62	140.73	5.2	10.75	17.7	18.4	73.5
539269269	-1.62	139.60	5.3	10.75	18.2	19.0	73.9
541270270	-1.62	138.39	5.3	10.74	18.8	19.5	74.2
543271271	-1.63	137.25	5.4	10.72	19.4	20.1	74.5
545272272	-1.64	136.12	5.5	10.64	19.9	20.7	74.7
547273273	-1.65	134.80	5.5	10.57	20.6	21.3	74.9
549274274	-1.65	133.60	5.6	10.56	21.2	21.9	75.2
551275275	-1.66	132.35	5.7	10.51	21.8	22.6	75.4
553276276	-1.69	131.04	5.8	10.33	22.5	23.2	75.5
555277277	-1.70	129.77	5.9	10.25	23.2	23.9	75.6
557278278	-1.71	128.51	6.0	10.17	23.8	24.6	75.8
559279279	-1.72	127.22	6.2	10.11	24.5	25.3	75.9
561280280	-1.74	125.85	6.3	10.00	25.2	26.0	76.0
563281281	-1.77	124.47	6.5	9.82	26.0	26.8	76.0
565282282	-1.80	123.11	6.7	9.69	26.7	27.5	76.0
567283283	-1.83	121.73	6.9	9.52	27.5	28.3	76.0
569284284	-1.87	120.41	7.1	9.32	28.2	29.1	75.9
571285285	-1.89	118.91	7.3	9.21	29.0	29.9	75.9
573286286	-1.94	117.45	7.6	9.01	29.9	30.8	75.8
575287287	-1.96	115.93	7.8	8.89	30.7	31.7	75.8
577288288	-2.01	114.55	8.1	8.67	31.5	32.6	75.6
579289289	-2.06	113.00	8.4	8.49	32.4	33.5	75.5
581290290	-2.09	111.42	8.7	8.34	33.4	34.5	75.4
583291291	-2.14	110.06	9.0	8.17	34.2	35.4	75.2
585292292	-2.19	108.46	9.5	7.96	35.2	36.4	74.9
587293293	-2.26	106.89	9.9	7.74	36.1	37.5	74.6
589294294	-2.30	105.39	10.3	7.59	37.1	38.5	74.5
591295295	-2.35	103.75	10.7	7.44	38.1	39.6	74.3
593296296	-2.42	102.29	11.3	7.23	39.0	40.6	73.9
595297297	-2.47	100.81	11.7	7.07	40.0	41.7	73.6
597298298	-2.54	99.34	12.3	6.88	40.9	42.7	73.2
599299299	-2.61	97.99	12.9	6.71	41.8	43.7	72.9
601300300	-2.69	96.51	13.5	6.51	42.8	44.9	72.4
603301301	-2.77	95.19	14.2	6.33	43.6	45.9	72.0
605302302	-2.84	93.95	14.8	6.17	44.4	46.8	71.5
607303303	-2.93	92.69	15.5	5.99	45.2	47.8	71.0
609304304	-3.00	91.60	16.2	5.84	45.9	48.7	70.6
611305305	-3.10	90.76	16.9	5.67	46.4	49.4	70.0
613306306	-3.17	89.86	17.5	5.54	47.0	50.1	69.5
615307307	-3.23	89.19	18.0	5.44	47.4	50.7	69.2
617308308	-3.28	88.53	18.5	5.35	47.8	51.2	68.8
619309309	-3.33	87.98	18.9	5.28	48.1	51.7	68.5
621310310	-3.35	87.47	19.2	5.25	48.5	52.1	68.4
623311311	-3.34	87.09	19.2	5.27	48.8	52.4	68.5
625312312	-3.32	86.68	19.2	5.30	49.1	52.8	68.6
627313313	-3.28	86.16	19.2	5.36	49.6	53.2	68.8
629314314	-3.23	85.53	19.2	5.44	50.3	53.8	69.1
631315315	-3.16	85.01	19.0	5.55	50.8	54.3	69.5
633316316	-3.10	84.42	18.8	5.66	51.5	54.8	69.9
635317317	-3.02	83.71	18.6	5.81	52.2	55.5	70.4
637318318	-2.91	82.98	18.3	6.02	53.1	56.2	71.0
639319319	-2.81	82.10	18.0	6.23	54.1	57.0	71.6
641320320	-2.71	81.13	17.7	6.47	55.2	58.0	72.2
643321321	-2.62	80.26	17.5	6.69	56.2	58.9	72.8
645322322	-2.53	79.05	17.3	6.93	57.6	60.1	73.3
647323323	-2.44	77.91	17.2	7.16	58.9	61.3	73.8
649324324	-2.36	76.74	17.0	7.41	60.2	62.6	74.2
651325325	-2.28	75.60	16.9	7.65	61.6	63.9	74.6
653326326	-2.24	74.39	17.0	7.81	63.0	65.3	74.9
655327327	-2.16	73.11	16.9	8.10	64.6	66.8	75.3
657328328	-2.12	71.88	17.1	8.24	66.1	68.3	75.5
659329329	-2.08	70.58	17.3	8.40	67.7	69.9	75.6
661330330	-2.05	68.90	17.8	8.53	69.8	72.1	75.7
663331331	-1.99	67.43	18.0	8.77	71.9	74.1	76.0
665332332	-1.98	66.11	18.5	8.83	73.6	75.9	75.9
667333333	-1.98	64.86	19.1	8.81	75.3	77.7	75.8
669334334	-1.97	63.39	19.7	8.88	77.4	79.8	75.7
671335335	-1.96	61.96	20.5	8.89	79.4	82.0	75.5
673336336	-1.93	60.56	21.0	9.02	81.6	84.3	75.6
675337337	-1.94	59.12	22.0	8.99	83.8	86.7	75.3
677338338	-1.98	57.74	23.3	8.82	85.9	89.0	74.8
679339339	-1.99	56.20	24.6	8.75	88.4	91.7	74.4
681340340	-2.01	54.87	25.9	8.67	90.6	94.2	74.0
683341341	-2.03	53.35	27.4	8.61	93.2	97.1	73.6
685342342	-2.06	51.53	29.4	8.49	96.4	100.8	73.0
687343343	-2.09	50.03	31.4	8.35	99.1	103.9	72.4
689344344	-2.14	48.38	33.9	8.17	102.1	107.6	71.6
691345345	-2.16	46.60	36.5	8.08	105.6	111.7	70.9
693346346	-2.21	44.80	39.8	7.91	109.1	116.1	70.0
695347347	-2.27	42.89	43.9	7.68	112.7	121.0	68.7
697348348	-2.33	41.02	48.1	7.51	116.5	126.1	67.6
699349349	-2.38	39.07	53.1	7.34	120.5	131.7	66.2
701350350	-2.47	36.99	59.5	7.09	124.4	137.9	64.4
703351351	-2.51	35.03	65.6	6.98	128.7	144.4	63.0
705352352	-2.59	32.99	73.4	6.77	132.2	151.2	61.0
707353353	-2.66	30.92	82.1	6.59	135.7	158.6	58.8
709354354	-2.73	28.67	92.7	6.41	139.0	167.1	56.3
711355355	-2.79	26.57	103.6	6.29	142.0	175.8	53.9
713356356	-2.86	24.39	116.4	6.13	143.4	184.7	50.9
715357357	-2.94	22.35	129.8	5.96	142.9	193.0	47.8
717358358	-3.02	20.33	143.8	5.82	141.1	201.4	44.5
719359359	-3.10	18.38	158.0	5.67	136.8	209.0	40.9
721360360	-3.15	16.23	174.2	5.57	131.3	218.2	37.0
723361361	-3.21	14.23	189.4	5.47	123.0	225.9	33.0
725362362	-3.26	12.29	204.0	5.39	113.1	233.3	29.0
727363363	-3.30	10.25	218.5	5.32	99.7	240.1	24.5
729364364	-3.31	8.22	233.0	5.31	85.3	248.2	20.1
731365365	-3.35	6.14	243.9	5.25	66.1	252.7	15.2
733366366	-3.37	4.19	252.2	5.22	46.4	256.5	10.4
735367367	-3.39	2.18	257.0	5.19	24.5	258.1	5.4
737368368	-3.38	0.14	260.0	5.20	1.5	260.0	0.3
739369369	-3.38	-1.99	258.4	5.21	-22.5	259.3	-5.0
741370370	-3.38	-4.18	251.5	5.21	-46.0	255.7	-10.4
743371371	-3.39	-6.18	241.0	5.18	-64.8	249.6	-15.0
745372372	-3.39	-8.30	228.4	5.19	-82.4	242.8	-19.8
747373373	-3.40	-10.45	213.3	5.18	-96.5	234.1	-24.3
749374374	-3.38	-12.72	197.1	5.20	-108.7	225.1	-28.9
751375375	-3.39	-14.64	182.5	5.19	-115.2	215.8	-32.3
753376376	-3.38	-16.92	166.3	5.20	-121.1	205.7	-36.1
755377377	-3.39	-18.93	152.5	5.19	-123.5	196.3	-39.0
757378378	-3.39	-21.06	139.0	5.20	-125.0	187.0	-42.0
759379379	-3.40	-23.10	127.2	5.17	-124.3	177.9	-44.3
761380380	-3.44	-25.30	115.9	5.12	-121.8	168.1	-46.4
763381381	-3.44	-27.43	106.0	5.11	-120.0	160.1	-48.6
765382382	-3.43	-29.61	96.7	5.13	-117.8	152.4	-50.6
767383383	-3.47	-31.66	89.3	5.08	-114.4	145.1	-52.0
769384384	-3.48	-33.90	81.9	5.06	-110.9	137.9	-53.6
771385385	-3.52	-36.15	75.5	5.00	-107.0	130.9	-54.8
773386386	-3.59	-38.33	70.4	4.91	-102.6	124.4	-55.6
775387387	-3.62	-40.50	65.5	4.87	-99.1	118.7	-56.5
777388388	-3.70	-42.65	61.6	4.77	-95.0	113.2	-57.1
779389389	-3.78	-44.96	57.8	4.67	-90.9	107.7	-57.5
781390390	-3.87	-47.14	54.8	4.56	-87.1	102.9	-57.8
783391391	-3.97	-49.26	52.2	4.45	-83.5	98.5	-58.0
785392392	-4.09	-51.22	50.2	4.32	-80.1	94.5	-57.9
787393393	-4.21	-53.18	48.4	4.21	-76.9	90.9	-57.8
789394394	-4.32	-54.97	46.9	4.10	-74.1	87.7	-57.6
791395395	-4.45	-56.69	45.7	3.99	-71.4	84.8	-57.4
793396396	-4.57	-58.12	44.9	3.89	-69.2	82.5	-57.1
795397397	-4.66	-59.36	44.1	3.82	-67.5	80.6	-56.8
797398398	-4.68	-60.33	43.2	3.80	-66.5	79.3	-56.9
799399399	-4.61	-61.23	41.9	3.86	-66.1	78.3	-57.6
801400400	-4.48	-62.36	40.1	3.96	-65.9	77.1	-58.7
803401401	-4.32	-63.75	37.9	4.10	-65.6	75.7	-60.0
805402402	-4.10	-65.80	34.8	4.31	-64.8	73.6	-61.8
807403403	-3.90	-68.47	31.6	4.53	-63.2	70.7	-63.5
809404404	-3.74	-71.56	28.6	4.71	-61.0	67.3	-64.9
811405405	-3.60	-74.97	25.8	4.89	-58.3	63.8	-66.2
813406406	-3.54	-78.38	23.7	4.97	-55.5	60.3	-66.8
815407407	-3.51	-81.79	22.1	5.02	-52.6	57.1	-67.2
817408408	-3.47	-85.22	20.6	5.07	-49.9	54.0	-67.6
819409409	-3.47	-88.33	19.5	5.07	-47.5	51.4	-67.7
821410410	-3.49	-91.33	18.7	5.04	-45.2	48.9	-67.6
823411411	-3.49	-94.59	17.7	5.05	-42.9	46.4	-67.5
825412412	-3.50	-97.52	17.0	5.04	-40.9	44.3	-67.4
827413413	-3.51	-100.26	16.4	5.02	-39.0	42.3	-67.1
829414414	-3.50	-102.99	15.9	5.02	-37.3	40.5	-67.0
831415415	-3.52	-105.65	15.4	5.01	-35.6	38.8	-66.6
833416416	-3.53	-108.04	15.0	4.99	-34.1	37.3	-66.3
835417417	-3.54	-110.62	14.6	4.98	-32.6	35.7	-65.9
837418418	-3.54	-113.17	14.2	4.98	-31.1	34.2	-65.5
839419419	-3.55	-115.43	13.9	4.96	-29.8	32.9	-65.0
841420420	-3.55	-117.86	13.5	4.96	-28.5	31.5	-64.6
843421421	-3.55	-120.15	13.2	4.96	-27.2	30.3	-64.1
845422422	-3.57	-122.28	13.0	4.94	-26.1	29.2	-63.5
847423423	-3.59	-124.36	12.9	4.90	-25.0	28.1	-62.7
849424424	-3.62	-126.46	12.7	4.87	-23.9	27.1	-62.0
851425425	-3.63	-128.57	12.5	4.86	-22.8	26.1	-61.2
853426426	-3.62	-130.58	12.4	4.86	-21.8	25.1	-60.5
855427427	-3.65	-132.60	12.2	4.83	-20.8	24.2	-59.6
857428428	-3.69	-134.56	12.2	4.78	-19.9	23.3	-58.4
859429429	-3.72	-136.58	12.1	4.75	-18.9	22.4	-57.3
861430430	-3.73	-138.48	12.0	4.73	-18.0	21.6	-56.3
863431431	-3.77	-140.47	12.0	4.68	-17.0	20.8	-54.9
865432432	-3.78	-142.32	11.9	4.67	-16.2	20.1	-53.7
867433433	-3.82	-144.32	11.9	4.62	-15.3	19.3	-52.1
869434434	-3.86	-146.22	11.9	4.58	-14.4	18.7	-50.5
871435435	-3.88	-148.06	11.8	4.55	-13.6	18.0	-48.9
873436436	-3.90	-149.91	11.8	4.53	-12.7	17.4	-47.2
875437437	-3.94	-151.86	11.8	4.49	-11.9	16.7	-45.2
877438438	-3.96	-153.79	11.8	4.46	-11.0	16.1	-43.1
879439439	-3.97	-155.74	11.7	4.45	-10.2	15.5	-40.9
881440440	-4.01	-157.54	11.8	4.41	-9.4	15.1	-38.6
883441441	-4.01	-159.37	11.7	4.41	-8.6	14.5	-36.4
885442442	-4.02	-161.20	11.7	4.40	-7.8	14.0	-33.9
887443443	-4.02	-162.95	11.6	4.40	-7.1	13.6	-31.5
889444444	-4.03	-164.74	11.6	4.39	-6.3	13.2	-28.7
891445445	-4.01	-166.62	11.5	4.41	-5.6	12.8	-25.8
893446446	-3.99	-168.35	11.4	4.42	-4.8	12.4	-23.0
895447447	-3.98	-170.18	11.3	4.44	-4.1	12.1	-19.8
897448448	-3.96	-171.90	11.3	4.46	-3.4	11.8	-16.6
899449449	-3.96	-173.67	11.2	4.47	-2.6	11.5	-13.2
901450450	-3.93	-175.42	11.1	4.50	-1.9	11.3	-9.7
903451451	-3.90	-177.09	11.0	4.53	-1.2	11.1	-6.2
905452452	-3.86	-178.68	10.9	4.58	-0.5	10.9	-2.9
907453453	-3.82	179.61	10.8	4.62	0.2	10.8	0.9
909454454	-3.77	178.10	10.7	4.68	0.8	10.7	4.2
911455455	-3.72	176.45	10.6	4.74	1.5	10.7	8.0
913456456	-3.68	175.01	10.5	4.79	2.1	10.7	11.3
915457457	-3.61	173.40	10.3	4.88	2.8	10.7	15.0
917458458	-3.57	171.87	10.2	4.93	3.4	10.7	18.5
919459459	-3.51	170.35	10.0	5.02	4.1	10.8	22.0
921460460	-3.45	168.93	9.9	5.10	4.7	10.9	25.2
923461461	-3.40	167.45	9.8	5.17	5.3	11.1	28.4
925462462	-3.34	165.98	9.6	5.26	5.9	11.3	31.6
927463463	-3.31	164.61	9.6	5.31	6.5	11.6	34.2
929464464	-3.24	163.21	9.4	5.43	7.1	11.8	37.1
931465465	-3.19	161.74	9.3	5.51	7.8	12.1	39.9
933466466	-3.14	160.39	9.2	5.59	8.4	12.4	42.3
935467467	-3.08	159.06	9.1	5.69	8.9	12.7	44.6
937468468	-3.04	157.76	9.0	5.77	9.5	13.1	46.7
939469469	-2.98	156.38	8.9	5.88	10.1	13.5	48.9
941470470	-2.94	155.01	8.8	5.97	10.8	13.9	50.8
943471471	-2.88	153.64	8.7	6.08	11.4	14.3	52.7
945472472	-2.84	152.24	8.6	6.16	12.0	14.8	54.4
947473473	-2.79	150.90	8.5	6.28	12.6	15.2	56.1
949474474	-2.74	149.49	8.4	6.40	13.3	15.7	57.7
951475475	-2.69	147.98	8.3	6.51	14.0	16.3	59.3
953476476	-2.64	146.51	8.2	6.63	14.7	16.8	60.8
955477477	-2.60	145.09	8.1	6.74	15.3	17.4	62.1
957478478	-2.56	143.59	8.1	6.82	16.1	18.0	63.2
959479479	-2.52	142.17	8.0	6.94	16.7	18.6	64.4
961480480	-2.50	140.62	8.0	6.99	17.5	19.2	65.3
963481481	-2.47	139.03	8.0	7.09	18.3	19.9	66.3
965482482	-2.45	137.59	8.0	7.13	19.0	20.6	67.0
967483483	-2.41	135.90	8.0	7.25	19.8	21.4	68.0
969484484	-2.37	134.18	8.0	7.38	20.7	22.2	69.0
971485485	-2.33	132.49	7.9	7.49	21.5	23.0	69.8
973486486	-2.32	130.68	8.0	7.54	22.5	23.8	70.4
975487487	-2.27	129.01	7.9	7.70	23.4	24.7	71.2
977488488	-2.24	127.09	8.0	7.80	24.4	25.6	71.9
979489489	-2.22	125.08	8.0	7.87	25.5	26.7	72.5
981490490	-2.20	123.16	8.1	7.95	26.5	27.7	73.0
983491491	-2.18	121.40	8.2	8.02	27.5	28.7	73.5
985492492	-2.15	119.30	8.2	8.11	28.7	29.8	74.0
987493493	-2.13	117.16	8.3	8.19	29.9	31.1	74.4
989494494	-2.11	115.14	8.4	8.27	31.1	32.2	74.8
991495495	-2.10	112.76	8.6	8.32	32.6	33.7	75.2
993496496	-2.08	110.62	8.8	8.39	33.9	35.0	75.5
995497497	-2.06	108.41	8.9	8.45	35.3	36.4	75.8
997498498	-2.09	106.18	9.3	8.37	36.7	37.9	75.8
999499499	-2.08	103.78	9.5	8.41	38.3	39.5	76.0
1001500500	-2.07	101.65	9.8	8.43	39.8	41.0	76.2
1003501501	-2.10	99.24	10.2	8.32	41.5	42.7	76.1
1005502502	-2.12	96.70	10.8	8.22	43.3	44.6	76.0
1007503503	-2.16	94.37	11.4	8.07	45.0	46.4	75.8
1009504504	-2.20	91.85	12.0	7.93	46.9	48.5	75.6
1011505505	-2.23	89.36	12.7	7.84	48.9	50.5	75.5
1013506506	-2.27	86.96	13.5	7.69	50.9	52.6	75.2
1015507507	-2.36	84.29	14.7	7.41	53.1	55.0	74.6
1017508508	-2.43	81.82	15.8	7.18	55.2	57.4	74.0
1019509509	-2.55	79.24	17.4	6.87	57.3	59.9	73.2
1021510510	-2.68	76.60	19.2	6.54	59.6	62.6	72.2
1023511511	-2.85	74.27	21.3	6.15	61.4	65.0	70.9
1025512512	-3.01	71.81	23.6	5.82	63.4	67.7	69.6
1027513513	-3.20	69.12	26.5	5.48	65.6	70.7	68.0
1029514514	-3.40	66.55	29.5	5.18	67.5	73.7	66.4
1031515515	-3.65	63.98	33.2	4.84	69.1	76.6	64.3
1033516516	-3.93	61.47	37.3	4.50	70.1	79.5	62.0
1035517517	-4.22	58.87	41.8	4.20	70.9	82.4	59.5
1037518518	-4.55	56.53	46.6	3.90	70.8	84.7	56.7
1039519519	-4.87	53.59	52.0	3.66	70.8	87.9	53.7
1041520520	-5.30	51.20	57.4	3.38	68.9	89.7	50.2
1043521521	-5.69	48.46	62.9	3.16	66.9	91.8	46.8
1045522522	-3.46	115.58	13.5	5.08	29.8	32.7	65.6
1047523523	-3.19	93.27	16.7	5.51	44.4	47.4	69.4
1049524524	-7.43	36.39	82.5	2.48	50.8	96.9	31.6
1051525525	-8.68	28.90	88.0	2.16	36.2	95.2	22.4
1053526526	-9.17	26.13	88.5	2.07	30.8	93.7	19.2
1055527527	-9.67	22.28	89.2	1.98	24.9	92.6	15.6
1057528528	-10.22	18.59	88.6	1.89	19.2	90.7	12.2
1059529529	-10.83	15.43	86.8	1.81	14.5	88.0	9.5
1061530530	-11.39	11.28	85.2	1.74	9.7	85.8	6.5
1063531531	-12.01	6.75	83.0	1.67	5.2	83.2	3.6
1065532532	-12.66	2.10	80.3	1.61	1.4	80.3	1.0
1067533533	-13.32	-3.19	77.4	1.55	-1.9	77.4	-1.4
1069534534	-14.13	-9.47	73.8	1.49	-5.0	74.0	-3.8
1071535535	-14.89	-16.15	70.5	1.44	-7.3	70.8	-5.9
1073536536	-15.58	-24.36	67.1	1.40	-9.5	67.8	-8.0
1075537537	-16.28	-33.01	63.7	1.36	-10.9	64.6	-9.7
1077538538	-16.72	-42.91	60.6	1.34	-12.3	61.8	-11.5
1079539539	-16.98	-53.87	57.4	1.33	-13.4	59.0	-13.1
1081540540	-17.15	-66.13	54.1	1.32	-14.0	55.8	-14.5
1083541541	-16.91	-78.58	50.8	1.33	-14.5	52.9	-15.9
1085542542	-16.53	-89.59	47.9	1.35	-14.6	50.1	-17.0
1087543543	-15.95	-98.90	45.3	1.38	-14.7	47.7	-17.9
1089544544	-15.31	-107.32	42.9	1.41	-14.5	45.3	-18.7
1091545545	-14.64	-114.54	40.6	1.45	-14.2	43.0	-19.2
1093546546	-13.90	-120.80	38.4	1.51	-13.9	40.9	-19.9
1095547547	-13.22	-126.17	36.5	1.56	-13.5	38.9	-20.3
1097548548	-12.47	-131.03	34.4	1.62	-13.1	36.9	-20.8
1099549549	-11.82	-135.31	32.7	1.69	-12.6	35.0	-21.1
1101550550	-11.12	-139.10	30.8	1.77	-12.2	33.1	-21.5
1103551551	-10.58	-142.38	29.3	1.84	-11.6	31.5	-21.6
1105552552	-10.04	-145.94	27.8	1.92	-10.9	29.8	-21.4
1107553553	-9.55	-149.00	26.4	2.00	-10.2	28.3	-21.1
1109554554	-9.08	-151.74	25.1	2.08	-9.6	26.9	-20.8
1111555555	-8.59	-154.44	23.8	2.18	-8.9	25.4	-20.4
1113556556	-8.18	-157.11	22.7	2.28	-8.1	24.1	-19.7
1115557557	-7.83	-159.64	21.7	2.37	-7.3	22.9	-18.7
1117558558	-7.46	-161.82	20.7	2.47	-6.7	21.7	-17.8
1119559559	-7.11	-164.25	19.7	2.58	-5.9	20.6	-16.6
1121560560	-6.75	-166.32	18.7	2.70	-5.2	19.4	-15.4
1123561561	-6.45	-168.63	17.9	2.82	-4.3	18.4	-13.6
1125562562	-6.14	-170.88	17.1	2.95	-3.5	17.4	-11.7
1127563563	-5.82	-173.06	16.2	3.09	-2.7	16.4	-9.5
1129564564	-5.56	-175.31	15.5	3.23	-1.9	15.6	-6.8
1131565565	-5.26	-177.60	14.7	3.40	-1.0	14.7	-3.7
1133566566	-5.01	-179.65	14.0	3.56	-0.1	14.0	-0.6
1135567567	-4.75	178.35	13.3	3.75	0.7	13.4	2.9
1137568568	-4.49	176.26	12.7	3.95	1.5	12.8	6.9
1139569569	-4.26	174.31	12.0	4.16	2.3	12.3	11.0
1141570570	-4.01	172.32	11.4	4.41	3.2	11.8	15.6
1143571571	-3.79	170.34	10.8	4.66	4.0	11.5	20.4
1145572572	-3.52	168.32	10.1	5.00	4.9	11.2	25.9
1147573573	-3.30	166.56	9.5	5.33	5.7	11.1	30.9
1149574574	-3.09	164.52	8.9	5.69	6.6	11.1	36.3
1151575575	-2.85	162.77	8.3	6.16	7.4	11.1	41.6
1153576576	-2.64	160.77	7.7	6.63	8.3	11.3	46.9
1155577577	-2.44	158.95	7.2	7.16	9.1	11.6	51.6
1157578578	-2.24	157.13	6.7	7.80	9.9	12.0	56.1
1159579579	-2.04	155.27	6.1	8.55	10.8	12.4	60.4
1161580580	-1.86	153.54	5.6	9.36	11.6	12.9	64.1
1163581581	-1.67	151.68	5.1	10.42	12.5	13.5	67.8
1165582582	-1.51	149.79	4.6	11.54	13.4	14.2	70.9
1167583583	-1.33	147.97	4.1	13.07	14.3	14.8	73.8
1169584584	-1.17	146.10	3.7	14.86	15.2	15.6	76.4
1171585585	-1.02	144.18	3.2	17.09	16.1	16.4	78.7
1173586586	-0.87	142.42	2.8	20.07	17.0	17.2	80.7
1175587587	-0.73	140.52	2.4	23.76	17.9	18.1	82.4
1177588588	-0.61	138.55	2.0	28.34	18.9	19.0	83.9
1179589589	-0.51	136.66	1.7	34.25	19.8	19.9	85.1
1181590590	-0.36	134.91	1.2	47.99	20.7	20.8	86.6
1183591591	-0.26	132.93	0.9	66.36	21.8	21.8	87.6
1185592592	-0.14	130.92	0.5	127.15	22.8	22.8	88.8
1187593593	-0.03	128.94	0.1	666.52	23.9	23.9	89.8
1189594594	0.00	127.01	0.0	?	24.9	24.9	90.0
1191595595	0.00	124.78	0.0	?	26.2	26.2	90.0
1193596596	0.00	122.69	0.0	?	27.3	27.3	90.0
1195597597	0.00	120.64	0.0	?	28.5	28.5	90.0
1197598598	0.00	118.47	0.0	?	29.8	29.8	90.0
1199599599	0.00	116.01	0.0	?	31.2	31.2	90.0
1201600600	0.00	113.55	0.0	?	32.7	32.7	90.0
1203601601	0.00	111.06	0.0	?	34.3	34.3	90.0
1205602602	0.00	108.70	0.0	?	35.9	35.9	90.0
1207603603	0.00	105.77	0.0	?	37.8	37.8	90.0
1209604604	0.00	103.11	0.0	?	39.7	39.7	90.0
1211605605	0.00	99.97	0.0	?	42.0	42.0	90.0
1213606606	0.00	96.86	0.0	?	44.3	44.3	90.0
1215607607	0.00	93.74	0.0	?	46.8	46.8	90.0
1217608608	0.00	90.75	0.0	?	49.3	49.3	90.0
1219609609	0.00	87.65	0.0	?	52.1	52.1	90.0
1221610610	0.00	84.37	0.0	?	55.2	55.2	90.0
1223611611	0.00	81.05	0.0	?	58.5	58.5	90.0
1225612612	0.00	77.44	0.0	?	62.4	62.4	90.0
1227613613	0.00	73.73	0.0	?	66.7	66.7	90.0
1229614614	0.00	70.20	0.0	?	71.1	71.1	90.0
1231615615	0.00	66.67	0.0	?	76.0	76.0	90.0
1233616616	0.00	63.12	0.0	?	81.4	81.4	90.0
1235617617	0.00	59.43	0.0	?	87.6	87.6	90.0
1237618618	0.00	55.42	0.0	?	95.2	95.2	90.0
1239619619	0.00	51.75	0.0	?	103.1	103.1	90.0
1241620620	0.00	48.16	0.0	?	111.9	111.9	90.0
1243621621	0.00	44.36	0.0	?	122.6	122.6	90.0
1245622622	0.00	40.58	0.0	?	135.2	135.2	90.0
1247623623	0.00	36.88	0.0	?	149.9	149.9	90.0
1249624624	0.00	33.21	0.0	?	167.6	167.6	90.0
1251625625	0.00	29.84	0.0	?	187.6	187.6	90.0
1253626626	0.00	26.35	0.0	?	213.6	213.6	90.0
1255627627	-0.01	23.00	0.7	763.54	245.8	245.8	89.8
1257628628	-0.15	19.62	14.6	117.34	288.4	288.8	87.1
1259629629	-0.28	16.06	41.3	61.24	349.7	352.1	83.3
1261630630	-0.40	12.77	88.6	43.84	428.8	437.9	78.3
1263631631	-0.55	9.51	202.4	31.32	523.3	561.0	68.9
1265632632	-0.70	6.54	414.6	24.65	581.0	713.7	54.5
1267633633	-0.86	3.46	738.0	20.29	451.1	865.0	31.4
1269634634	-1.02	0.30	850.0	17.03	38.2	850.8	2.6
1271635635	-1.16	-2.62	669.0	14.94	-227.6	706.6	-18.8
1273636636	-1.34	-5.66	461.6	13.02	-294.6	547.6	-32.6
1275637637	-1.52	-8.68	328.3	11.46	-281.6	432.5	-40.6
1277638638	-1.71	-11.43	252.3	10.20	-252.4	356.9	-45.0
1279639639	-1.88	-14.39	198.6	9.30	-226.9	301.5	-48.8
1281640640	-2.04	-17.05	165.4	8.54	-204.4	262.9	-51.0
1283641641	-2.23	-19.88	139.9	7.85	-183.6	230.8	-52.7
1285642642	-2.44	-22.69	121.5	7.16	-164.7	204.6	-53.6
1287643643	-2.62	-25.46	107.1	6.69	-150.5	184.7	-54.6
1289644644	-2.78	-28.13	95.9	6.31	-138.9	168.8	-55.4
1291645645	-2.92	-31.13	85.2	6.00	-128.5	154.2	-56.5
1293646646	-3.11	-34.02	77.4	5.65	-118.6	141.7	-56.9
1295647647	-3.29	-36.58	71.9	5.34	-110.6	131.9	-57.0
1297648648	-3.44	-39.33	66.4	5.11	-103.6	123.1	-57.3
1299649649	-3.60	-42.15	61.7	4.89	-97.0	115.0	-57.5
1301650650	-3.75	-45.13	57.2	4.70	-91.0	107.5	-57.8
1303651651	-3.89	-48.00	53.5	4.54	-85.8	101.1	-58.1
1305652652	-4.00	-50.75	50.2	4.42	-81.5	95.7	-58.4
1307653653	-4.13	-53.44	47.5	4.29	-77.3	90.7	-58.4
1309654654	-4.20	-56.24	44.6	4.22	-73.8	86.2	-58.9
1311655655	-4.29	-59.07	42.1	4.13	-70.2	81.9	-59.0
1313656656	-4.38	-61.85	39.9	4.05	-67.0	78.0	-59.2
1315657657	-4.48	-64.56	38.2	3.96	-63.9	74.4	-59.2
1317658658	-4.52	-66.91	36.4	3.93	-61.6	71.6	-59.4
1319659659	-4.56	-69.81	34.5	3.90	-59.0	68.3	-59.7
1321660660	-4.57	-72.08	33.0	3.89	-57.1	65.9	-60.0
1323661661	-4.57	-74.82	31.3	3.89	-54.8	63.2	-60.3
1325662662	-4.59	-77.12	30.1	3.87	-53.0	60.9	-60.4
1327663663	-4.59	-79.50	28.8	3.87	-51.2	58.7	-60.6
1329664664	-4.60	-81.78	27.7	3.86	-49.5	56.7	-60.7
1331665665	-4.57	-83.95	26.6	3.89	-48.0	54.8	-61.0
1333666666	-4.56	-86.09	25.6	3.90	-46.5	53.1	-61.2
1335667667	-4.55	-88.11	24.8	3.90	-45.1	51.5	-61.2
1337668668	-4.51	-90.04	23.8	3.94	-43.9	50.0	-61.5
1339669669	-4.47	-91.95	23.0	3.97	-42.7	48.5	-61.7
1341670670	-4.45	-93.85	22.3	3.99	-41.5	47.1	-61.8
1343671671	-4.42	-95.80	21.5	4.01	-40.3	45.7	-61.9
1345672672	-4.37	-97.48	20.8	4.06	-39.4	44.5	-62.1
1347673673	-4.32	-99.17	20.2	4.10	-38.4	43.4	-62.3
1349674674	-4.25	-100.69	19.5	4.17	-37.6	42.3	-62.6
1351675675	-4.24	-102.22	19.0	4.18	-36.7	41.3	-62.5
1353676676	-4.21	-103.74	18.6	4.21	-35.8	40.3	-62.6
1355677677	-4.12	-105.21	17.9	4.30	-35.0	39.3	-63.0
1357678678	-4.11	-106.76	17.5	4.31	-34.1	38.4	-62.8
1359679679	-4.05	-108.27	17.0	4.37	-33.3	37.4	-63.0
1361680680	-4.03	-109.55	16.6	4.39	-32.6	36.6	-63.0
1363681681	-3.97	-110.75	16.2	4.45	-32.0	35.9	-63.2
1365682682	-3.91	-112.06	15.8	4.51	-31.3	35.1	-63.3
1367683683	-3.87	-113.54	15.4	4.56	-30.6	34.2	-63.3
1369684684	-3.83	-114.87	15.0	4.61	-29.9	33.4	-63.4
1371685685	-3.78	-115.88	14.6	4.67	-29.4	32.8	-63.5
1373686686	-3.73	-117.06	14.3	4.72	-28.8	32.1	-63.5
1375687687	-3.69	-118.12	14.0	4.78	-28.2	31.5	-63.6
1377688688	-3.66	-119.37	13.7	4.81	-27.6	30.8	-63.5
1379689689	-3.57	-120.61	13.3	4.93	-27.0	30.1	-63.8
1381690690	-3.51	-121.70	12.9	5.01	-26.4	29.4	-64.0
1383691691	-3.48	-122.66	12.7	5.06	-26.0	28.9	-64.0
1385692692	-3.45	-123.79	12.5	5.10	-25.4	28.3	-63.9
1387693693	-3.40	-124.91	12.2	5.17	-24.8	27.7	-63.9
1389694694	-3.37	-125.92	11.9	5.22	-24.4	27.1	-63.9
1391695695	-3.28	-126.80	11.6	5.36	-24.0	26.6	-64.2
1393696696	-3.25	-127.94	11.3	5.41	-23.4	26.0	-64.1
1395697697	-3.17	-128.88	11.0	5.54	-23.0	25.5	-64.4
1397698698	-3.11	-129.82	10.7	5.64	-22.5	24.9	-64.5
1399699699	-3.07	-130.74	10.5	5.72	-22.1	24.5	-64.6
1401700700	-3.00	-131.68	10.2	5.85	-21.6	23.9	-64.7
1403701701	-2.93	-132.52	9.9	5.99	-21.3	23.5	-65.0
1405702702	-2.87	-133.44	9.7	6.10	-20.8	23.0	-65.1
1407703703	-2.81	-134.20	9.4	6.23	-20.5	22.5	-65.3
1409704704	-2.75	-134.97	9.2	6.37	-20.1	22.1	-65.6
1411705705	-2.67	-135.79	8.9	6.56	-19.8	21.7	-65.9
1413706706	-2.63	-136.56	8.7	6.67	-19.4	21.2	-65.9
1415707707	-2.55	-137.32	8.4	6.87	-19.1	20.8	-66.3
1417708708	-2.48	-137.96	8.1	7.05	-18.8	20.4	-66.6
1419709709	-2.42	-138.62	7.9	7.22	-18.5	20.1	-66.9
1421710710	-2.35	-139.28	7.6	7.43	-18.2	19.7	-67.2
1423711711	-2.29	-140.07	7.4	7.62	-17.8	19.3	-67.4
1425712712	-2.21	-140.54	7.1	7.89	-17.6	19.0	-67.9
1427713713	-2.14	-141.09	6.9	8.14	-17.4	18.7	-68.3
1429714714	-2.07	-141.85	6.6	8.44	-17.0	18.3	-68.7
1431715715	-2.00	-142.25	6.4	8.73	-16.8	18.0	-69.2
1433716716	-1.95	-142.74	6.2	8.96	-16.6	17.7	-69.5
1435717717	-1.88	-143.19	6.0	9.28	-16.4	17.5	-70.0
1437718718	-1.84	-143.79	5.8	9.50	-16.1	17.2	-70.2
1439719719	-1.78	-144.33	5.6	9.81	-15.9	16.9	-70.5
1441720720	-1.68	-144.67	5.3	10.40	-15.8	16.6	-71.4
1443721721	-1.59	-144.94	5.0	10.97	-15.7	16.4	-72.3
1445722722	-1.52	-145.34	4.8	11.44	-15.5	16.2	-72.8
1447723723	-1.49	-145.63	4.7	11.69	-15.3	16.0	-73.0
1449724724	-1.44	-146.08	4.5	12.08	-15.1	15.8	-73.4
1451725725	-1.39	-146.51	4.3	12.53	-14.9	15.6	-73.8
1453726726	-1.33	-146.82	4.1	13.13	-14.8	15.4	-74.4
1455727727	-1.28	-147.00	4.0	13.60	-14.7	15.3	-74.8
1457728728	-1.23	-147.16	3.8	14.17	-14.7	15.1	-75.3
1459729729	-1.20	-147.54	3.7	14.48	-14.5	15.0	-75.5
1461730730	-1.17	-147.79	3.6	14.90	-14.4	14.8	-75.8
1463731731	-1.11	-147.93	3.5	15.64	-14.3	14.7	-76.4
1465732732	-1.06	-148.30	3.3	16.41	-14.1	14.5	-76.9
1467733733	-1.03	-148.63	3.2	16.82	-14.0	14.3	-77.1
1469734734	-0.98	-148.78	3.0	17.76	-13.9	14.2	-77.7
1471735735	-0.97	-148.90	3.0	17.96	-13.9	14.2	-77.8
1473736736	-0.96	-149.00	3.0	18.14	-13.8	14.1	-77.9
1475737737	-0.92	-149.08	2.8	18.94	-13.8	14.1	-78.4
1477738738	-0.89	-149.38	2.8	19.49	-13.7	13.9	-78.6
1479739739	-0.85	-149.54	2.6	20.55	-13.6	13.8	-79.1
1481740740	-0.81	-149.63	2.5	21.52	-13.5	13.8	-79.6
1483741741	-0.82	-149.89	2.5	21.26	-13.4	13.7	-79.4
1485742742	-0.81	-150.06	2.5	21.40	-13.3	13.6	-79.4
1487743743	-0.78	-150.29	2.4	22.19	-13.2	13.5	-79.7
1489744744	-0.79	-150.49	2.4	22.05	-13.1	13.4	-79.5
1491745745	-0.79	-150.68	2.4	21.95	-13.0	13.3	-79.4
1493746746	-0.75	-150.96	2.3	23.13	-12.9	13.1	-79.9
1495747747	-0.75	-151.06	2.3	23.31	-12.9	13.1	-79.9
1497748748	-0.78	-151.17	2.4	22.29	-12.8	13.0	-79.4
1499749749	-0.75	-151.45	2.3	23.11	-12.7	12.9	-79.7
1501750750	-0.75	-151.67	2.3	23.30	-12.6	12.8	-79.7
1503751751	-0.74	-151.91	2.3	23.56	-12.5	12.7	-79.8
1505752752	-0.72	-152.14	2.2	24.31	-12.4	12.6	-80.0
1507753753	-0.74	-152.66	2.3	23.42	-12.1	12.3	-79.4
1509754754	-0.74	-152.82	2.3	23.47	-12.1	12.3	-79.4
1511755755	-0.74	-153.14	2.3	23.40	-11.9	12.1	-79.3
1513756756	-0.75	-153.38	2.3	23.07	-11.8	12.0	-79.0
1515757757	-0.76	-153.73	2.3	22.84	-11.6	11.9	-78.8
1517758758	-0.75	-153.90	2.3	23.07	-11.6	11.8	-78.8
1519759759	-0.73	-154.17	2.2	23.85	-11.4	11.7	-79.1
1521760760	-0.74	-154.59	2.2	23.41	-11.2	11.5	-78.7
1523761761	-0.73	-154.93	2.2	23.78	-11.1	11.3	-78.8
1525762762	-0.68	-156.06	2.0	25.64	-10.6	10.8	-79.1
1527763763	-0.63	-157.38	1.9	27.68	-10.0	10.2	-79.3
1529764764	-0.66	-156.25	2.0	26.20	-10.5	10.7	-79.3
1531765765	-0.71	-155.94	2.1	24.53	-10.6	10.8	-78.7
1533766766	-0.72	-156.46	2.2	24.16	-10.4	10.6	-78.3
1535767767	-0.69	-156.54	2.1	25.03	-10.4	10.6	-78.6
1537768768	-0.67	-156.99	2.0	25.80	-10.2	10.4	-78.8
1539769769	-0.65	-157.64	2.0	26.61	-9.9	10.1	-78.8
1541770770	-0.69	-158.16	2.1	25.23	-9.6	9.8	-78.0
1543771771	-0.66	-158.46	2.0	26.37	-9.5	9.7	-78.3
1545772772	-0.66	-158.66	2.0	26.37	-9.4	9.6	-78.2
1547773773	-0.61	-159.07	1.8	28.26	-9.2	9.4	-78.8
1549774774	-0.60	-159.65	1.8	28.94	-9.0	9.1	-78.7
1551775775	-0.60	-160.08	1.8	29.09	-8.8	8.9	-78.6
1553776776	-0.59	-160.44	1.7	29.67	-8.6	8.8	-78.6
1555777777	-0.56	-160.85	1.7	30.88	-8.4	8.6	-78.8
1557778778	-0.54	-161.35	1.6	32.43	-8.2	8.4	-79.1
1559779779	-0.51	-161.72	1.5	33.90	-8.0	8.2	-79.3
1561780780	-0.48	-162.16	1.4	36.08	-7.8	8.0	-79.7
1563781781	-0.47	-162.64	1.4	36.90	-7.6	7.8	-79.7
1565782782	-0.42	-163.14	1.2	41.10	-7.4	7.5	-80.5
1567783783	-0.38	-163.61	1.1	45.90	-7.2	7.3	-81.2
1569784784	-0.33	-163.92	1.0	52.52	-7.1	7.1	-82.2
1571785785	-0.30	-164.39	0.9	58.20	-6.9	6.9	-82.7
1573786786	-0.29	-164.81	0.8	60.89	-6.7	6.7	-82.9
1575787787	-0.25	-165.16	0.7	69.37	-6.5	6.6	-83.6
1577788788	-0.20	-165.39	0.6	86.27	-6.4	6.4	-84.7
1579789789	-0.15	-165.82	0.4	116.89	-6.2	6.2	-86.0
1581790790	-0.10	-166.30	0.3	177.59	-6.0	6.0	-87.3
1583791791	-0.03	-166.61	0.1	612.07	-5.9	5.9	-89.2
1585792792	0.00	-166.91	0.0	?	-5.7	5.7	-90.0
1587793793	0.00	-167.63	0.0	?	-5.4	5.4	-90.0
1589794794	0.00	-167.85	0.0	?	-5.3	5.3	-90.0
1591795795	0.00	-168.08	0.0	?	-5.2	5.2	-90.0
1593796796	0.00	-168.48	0.0	?	-5.0	5.0	-90.0
1595797797	0.00	-168.94	0.0	?	-4.8	4.8	-90.0
1597798798	0.00	-169.23	0.0	?	-4.7	4.7	-90.0
1599799799	0.00	-169.63	0.0	?	-4.5	4.5	-90.0
1601800800	0.00	-169.98	0.0	?	-4.4	4.4	-90.0
1603801801	0.00	-170.33	0.0	?	-4.2	4.2	-90.0
1605802802	0.00	-170.48	0.0	?	-4.2	4.2	-90.0
1607803803	0.00	-170.90	0.0	?	-4.0	4.0	-90.0
1609804804	0.00	-171.15	0.0	?	-3.9	3.9	-90.0
1611805805	0.00	-171.53	0.0	?	-3.7	3.7	-90.0
1613806806	0.00	-171.97	0.0	?	-3.5	3.5	-90.0
1615807807	0.00	-172.42	0.0	?	-3.3	3.3	-90.0
1617808808	0.00	-172.67	0.0	?	-3.2	3.2	-90.0
1619809809	0.00	-173.25	0.0	?	-3.0	3.0	-90.0
1621810810	0.00	-173.56	0.0	?	-2.8	2.8	-90.0
1623811811	0.00	-173.61	0.0	?	-2.8	2.8	-90.0
1625812812	0.00	-173.94	0.0	?	-2.6	2.6	-90.0
1627813813	0.00	-174.44	0.0	?	-2.4	2.4	-90.0
1629814814	0.00	-174.58	0.0	?	-2.4	2.4	-90.0
1631815815	0.00	-175.07	0.0	?	-2.2	2.2	-90.0
1633816816	0.00	-175.48	0.0	?	-2.0	2.0	-90.0
1635817817	0.00	-175.61	0.0	?	-1.9	1.9	-90.0
1637818818	0.00	-176.14	0.0	?	-1.7	1.7	-90.0
1639819819	0.00	-176.40	0.0	?	-1.6	1.6	-90.0
1641820820	0.00	-176.80	0.0	?	-1.4	1.4	-90.0
1643821821	0.00	-177.25	0.0	?	-1.2	1.2	-90.0
1645822822	0.00	-177.75	0.0	?	-1.0	1.0	-90.0
1647823823	0.00	-177.94	0.0	?	-0.9	0.9	-90.0
1649824824	0.00	-178.49	0.0	?	-0.7	0.7	-90.0
1651825825	0.00	-178.73	0.0	?	-0.6	0.6	-90.0
1653826826	0.00	-178.92	0.0	?	-0.5	0.5	-90.0
1655827827	0.00	-179.57	0.0	?	-0.2	0.2	-90.0
1657828828	0.00	179.97	0.0	?	0.0	0.0	90.0
1659829829	0.00	179.58	0.0	?	0.2	0.2	90.0
1661830830	0.00	179.33	0.0	?	0.3	0.3	90.0
1663831831	0.00	179.18	0.0	?	0.4	0.4	90.0
1665832832	0.00	178.47	0.0	?	0.7	0.7	90.0
1667833833	0.00	177.93	0.0	?	0.9	0.9	90.0
1669834834	0.00	177.17	0.0	?	1.2	1.2	90.0
1671835835	0.00	176.66	0.0	?	1.5	1.5	90.0
1673836836	0.00	176.19	0.0	?	1.7	1.7	90.0
1675837837	0.00	175.79	0.0	?	1.8	1.8	90.0
1677838838	0.00	175.02	0.0	?	2.2	2.2	90.0
1679839839	0.00	174.50	0.0	?	2.4	2.4	90.0
1681840840	0.00	174.08	0.0	?	2.6	2.6	90.0
1683841841	0.00	173.16	0.0	?	3.0	3.0	90.0
1685842842	0.00	172.26	0.0	?	3.4	3.4	90.0
1687843843	0.00	171.61	0.0	?	3.7	3.7	90.0
1689844844	0.00	170.99	0.0	?	3.9	3.9	90.0
1691845845	0.00	170.28	0.0	?	4.3	4.3	90.0
1693846846	0.00	169.77	0.0	?	4.5	4.5	90.0
1695847847	0.00	168.95	0.0	?	4.8	4.8	90.0
1697848848	0.00	168.28	0.0	?	5.1	5.1	90.0
1699849849	0.00	167.27	0.0	?	5.6	5.6	90.0
1701850850	0.00	166.89	0.0	?	5.7	5.7	90.0
1703851851	0.00	166.45	0.0	?	5.9	5.9	90.0
1705852852	0.00	165.37	0.0	?	6.4	6.4	90.0
1707853853	0.00	164.66	0.0	?	6.7	6.7	90.0
1709854854	0.00	164.33	0.0	?	6.9	6.9	90.0
1711855855	0.00	163.44	0.0	?	7.3	7.3	90.0
1713856856	0.00	162.96	0.0	?	7.5	7.5	90.0
1715857857	0.00	161.99	0.0	?	7.9	7.9	90.0
1717858858	0.00	161.39	0.0	?	8.2	8.2	90.0
1719859859	0.00	161.21	0.0	?	8.3	8.3	90.0
1721860860	0.00	160.29	0.0	?	8.7	8.7	90.0
1723861861	0.00	159.65	0.0	?	9.0	9.0	90.0
1725862862	0.00	159.24	0.0	?	9.2	9.2	90.0
1727863863	0.00	158.24	0.0	?	9.6	9.6	90.0
1729864864	0.00	157.22	0.0	?	10.1	10.1	90.0
1731865865	0.00	157.01	0.0	?	10.2	10.2	90.0
1733866866	0.00	155.58	0.0	?	10.8	10.8	90.0
1735867867	0.00	154.30	0.0	?	11.4	11.4	90.0
1737868868	0.00	153.25	0.0	?	11.9	11.9	90.0
1739869869	0.00	152.21	0.0	?	12.4	12.4	90.0
1741870870	0.00	151.12	0.0	?	12.9	12.9	90.0
1743871871	0.00	149.32	0.0	?	13.7	13.7	90.0
1745872872	0.00	147.90	0.0	?	14.4	14.4	90.0
1747873873	0.00	146.58	0.0	?	15.0	15.0	90.0
1749874874	0.00	145.25	0.0	?	15.6	15.6	90.0
1751875875	0.00	143.79	0.0	?	16.3	16.3	90.0
1753876876	0.00	141.71	0.0	?	17.4	17.4	90.0
1755877877	0.00	140.33	0.0	?	18.0	18.0	90.0
1757878878	0.00	138.87	0.0	?	18.8	18.8	90.0
1759879879	0.00	136.86	0.0	?	19.8	19.8	90.0
1761880880	0.00	135.32	0.0	?	20.5	20.5	90.0
1763881881	0.00	134.15	0.0	?	21.1	21.1	90.0
1765882882	0.00	131.91	0.0	?	22.3	22.3	90.0
1767883883	0.00	130.13	0.0	?	23.2	23.2	90.0
1769884884	0.00	128.67	0.0	?	24.0	24.0	90.0
1771885885	0.00	126.99	0.0	?	24.9	24.9	90.0
1773886886	0.00	124.83	0.0	?	26.1	26.1	90.0
1775887887	0.00	123.44	0.0	?	26.9	26.9	90.0
1777888888	0.00	121.57	0.0	?	28.0	28.0	90.0
1779889889	0.00	119.67	0.0	?	29.1	29.1	90.0
1781890890	0.00	118.14	0.0	?	30.0	30.0	90.0
1783891891	0.00	116.68	0.0	?	30.8	30.8	90.0
1785892892	0.00	114.94	0.0	?	31.9	31.9	90.0
1787893893	0.00	112.83	0.0	?	33.2	33.2	90.0
1789894894	0.00	111.13	0.0	?	34.3	34.3	90.0
1791895895	0.00	109.01	0.0	?	35.7	35.7	90.0
1793896896	0.00	107.07	0.0	?	37.0	37.0	90.0
1795897897	0.00	105.39	0.0	?	38.1	38.1	90.0
1797898898	0.00	103.45	0.0	?	39.4	39.4	90.0
1799899899	0.00	101.80	0.0	?	40.6	40.6	90.0
1801900900	0.00	100.16	0.0	?	41.8	41.8	90.0
1803901901	0.00	97.99	0.0	?	43.5	43.5	90.0
1805902902	0.00	96.05	0.0	?	45.0	45.0	90.0
1807903903	0.00	93.93	0.0	?	46.7	46.7	90.0
1809904904	0.00	92.06	0.0	?	48.2	48.2	90.0
1811905905	0.00	90.31	0.0	?	49.7	49.7	90.0
1813906906	0.00	88.09	0.0	?	51.7	51.7	90.0
1815907907	0.00	86.52	0.0	?	53.1	53.1	90.0
1817908908	0.00	84.31	0.0	?	55.2	55.2	90.0
1819909909	0.00	82.21	0.0	?	57.3	57.3	90.0
1821910910	-0.04	80.18	0.3	478.66	59.4	59.4	89.8
1823911911	-0.34	78.15	2.4	51.41	61.5	61.6	87.7
1825912912	-0.52	76.32	3.9	33.37	63.5	63.6	86.5
1827913913	-0.83	73.66	6.6	21.05	66.3	66.7	84.3
1829914914	-1.03	71.79	8.5	16.94	68.4	68.9	82.9
1831915915	-1.29	69.90	11.2	13.50	70.4	71.2	81.0
1833916916	-1.57	67.23	14.4	11.11	73.3	74.7	78.9
1835917917	-1.78	65.20	17.2	9.79	75.4	77.4	77.2
1837918918	-2.08	62.30	21.5	8.37	78.5	81.4	74.7
1839919919	-2.29	60.40	24.7	7.62	80.4	84.1	72.9
1841920920	-2.54	58.05	28.9	6.88	82.5	87.5	70.7
1843921921	-2.78	55.57	33.4	6.31	84.8	91.2	68.5
1845922922	-2.97	53.48	37.6	5.90	86.6	94.4	66.5
1847923923	-3.24	51.04	43.2	5.43	88.1	98.1	63.9
1849924924	-3.51	48.26	49.7	5.02	89.5	102.4	60.9
1851925925	-3.69	45.13	56.7	4.78	91.7	107.9	58.3
1853926926	-3.95	43.13	62.7	4.48	91.1	110.6	55.5
1855927927	-4.12	40.39	69.7	4.30	91.9	115.3	52.8
1857928928	-4.36	37.47	78.1	4.07	90.8	119.8	49.3
1859929929	-4.46	34.53	86.3	3.98	91.2	125.5	46.6
1861930930	-4.70	32.26	93.3	3.79	87.8	128.1	43.3
1863931931	-4.90	29.17	102.4	3.64	84.0	132.4	39.3
1865932932	-5.00	25.97	112.0	3.57	80.7	138.1	35.8
1867933933	-5.20	23.25	119.4	3.44	74.2	140.6	31.8
1869934934	-5.29	20.63	126.7	3.38	68.9	144.2	28.5
1871935935	-5.39	18.13	133.1	3.33	62.7	147.1	25.2
1873936936	-5.56	15.30	138.3	3.23	53.3	148.2	21.1
1875937937	-5.69	12.50	142.9	3.16	44.0	149.5	17.1
1877938938	-5.75	9.29	148.0	3.13	33.6	151.8	12.8
1879939939	-5.75	6.55	152.1	3.13	24.4	154.0	9.1
1881940940	-5.94	4.11	150.4	3.04	14.6	151.1	5.6
1883941941	-6.02	0.97	149.9	3.00	3.4	150.0	1.3
1885942942	-6.13	-1.51	147.4	2.95	-5.1	147.5	-2.0
1887943943	-6.12	-4.58	145.9	2.95	-15.2	146.7	-6.0
1889944944	-6.19	-6.96	142.3	2.93	-22.3	144.0	-8.9
1891945945	-6.23	-9.94	137.6	2.91	-30.4	140.9	-12.5
1893946946	-6.32	-12.60	132.0	2.87	-36.3	136.8	-15.4
1895947947	-6.46	-15.22	125.4	2.81	-40.4	131.7	-17.9
1897948948	-6.63	-18.13	118.1	2.75	-43.8	126.0	-20.3
1899949949	-6.59	-20.32	114.4	2.76	-47.6	123.9	-22.6
1901950950	-6.76	-22.51	108.9	2.70	-48.5	119.2	-24.0
1903951951	-6.88	-24.66	104.0	2.66	-49.5	115.2	-25.4
1905952952	-7.06	-27.46	98.1	2.60	-50.0	110.1	-27.0
1907953953	-7.24	-29.04	94.6	2.54	-49.2	106.6	-27.5
1909954954	-7.42	-29.96	92.3	2.48	-48.0	104.0	-27.5
1911955955	-7.58	-31.02	90.0	2.44	-47.0	101.5	-27.6
1913956956	-7.70	-31.76	88.5	2.40	-46.3	99.9	-27.6
1915957957	-7.70	-32.51	87.4	2.40	-46.6	99.1	-28.1
1917958958	-7.71	-32.87	86.9	2.40	-46.8	98.7	-28.3
1919959959	-7.73	-32.47	87.4	2.39	-46.4	98.9	-28.0
1921960960	-7.61	-32.71	87.4	2.43	-47.6	99.5	-28.5
1923961961	-7.48	-32.95	87.5	2.46	-49.0	100.3	-29.2
1925962962	-7.26	-33.00	88.1	2.53	-51.2	101.9	-30.2
1927963963	-7.08	-33.36	88.1	2.59	-53.3	103.0	-31.2
1929964964	-6.90	-34.31	86.9	2.65	-55.7	103.2	-32.6
1931965965	-6.67	-35.43	85.5	2.73	-58.6	103.6	-34.4
1933966966	-6.52	-36.19	84.3	2.79	-60.4	103.7	-35.6
1935967967	-6.35	-37.34	82.4	2.86	-62.6	103.5	-37.2
1937968968	-6.16	-38.79	79.8	2.94	-64.9	102.8	-39.1
1939969969	-5.99	-39.49	78.4	3.01	-66.9	103.0	-40.5
1941970970	-5.78	-40.93	75.5	3.11	-69.0	102.3	-42.4
1943971971	-5.67	-42.21	72.9	3.17	-70.0	101.1	-43.8
1945972972	-5.53	-43.04	71.1	3.24	-71.2	100.6	-45.1
1947973973	-5.46	-44.41	68.5	3.29	-71.5	99.0	-46.2
1949974974	-5.31	-45.26	66.5	3.37	-72.6	98.5	-47.5
1951975975	-5.15	-46.38	64.0	3.47	-73.6	97.6	-49.0
1953976976	-4.98	-47.67	61.1	3.58	-74.6	96.4	-50.7
1955977977	-4.88	-48.74	58.9	3.65	-74.8	95.2	-51.8
1957978978	-4.79	-49.98	56.5	3.72	-74.6	93.6	-52.9
1959979979	-4.68	-51.43	53.8	3.80	-74.5	91.9	-54.2
1961980980	-4.52	-51.98	52.1	3.93	-75.4	91.6	-55.4
1963981981	-4.43	-52.96	50.2	4.01	-75.2	90.4	-56.3
1965982982	-4.29	-54.05	47.9	4.13	-75.3	89.2	-57.6
1967983983	-4.17	-55.08	45.7	4.25	-75.2	88.0	-58.7
1969984984	-4.11	-55.61	44.7	4.31	-75.1	87.4	-59.3
1971985985	-4.03	-56.44	43.1	4.39	-74.9	86.4	-60.0
1973986986	-3.94	-57.53	41.3	4.48	-74.3	85.0	-60.9
1975987987	-3.84	-58.20	39.9	4.59	-74.2	84.3	-61.7
1977988988	-3.70	-58.65	38.4	4.76	-74.7	84.0	-62.8
1979989989	-3.68	-59.50	37.4	4.79	-73.8	82.7	-63.1
1981990990	-3.64	-60.41	36.2	4.84	-73.0	81.5	-63.6
1983991991	-3.54	-61.31	34.7	4.97	-72.6	80.5	-64.5
1985992992	-3.44	-62.16	33.2	5.11	-72.2	79.4	-65.3
1987993993	-3.38	-62.59	32.4	5.20	-72.0	79.0	-65.8
1989994994	-3.33	-63.13	31.6	5.28	-71.7	78.3	-66.2
1991995995	-3.28	-63.58	30.8	5.37	-71.4	77.8	-66.7
1993996996	-3.21	-64.27	29.7	5.48	-71.0	76.9	-67.3
1995997997	-3.18	-65.19	28.9	5.53	-70.0	75.7	-67.6
1997998998	-3.09	-65.67	27.9	5.68	-69.9	75.2	-68.3
1999999999	-3.02	-66.25	26.9	5.81	-69.5	74.6	-68.8
