1000000	-0.77	87.97	4.6	22.44	51.6	51.8	84.9
3001001	0.00	82.54	0.0	?	57.0	57.0	90.0
5002002	0.00	76.98	0.0	?	62.9	62.9	90.0
7003003	0.00	72.95	0.0	?	67.6	67.6	90.0
9004004	0.00	69.41	0.0	?	72.2	72.2	90.0
11005005	0.00	67.37	0.0	?	75.0	75.0	90.0
13006006	0.00	65.12	0.0	?	78.3	78.3	90.0
15007007	-0.19	62.34	2.0	91.27	82.6	82.6	88.6
17008008	-0.26	60.57	2.9	66.85	85.5	85.6	88.0
19009009	-0.37	58.82	4.4	46.70	88.5	88.6	87.1
21010010	-0.43	57.19	5.4	40.38	91.5	91.6	86.6
23011011	-0.48	55.57	6.3	36.52	94.6	94.8	86.2
25012012	-0.54	54.03	7.5	32.26	97.6	97.9	85.6
27013013	-0.58	52.56	8.4	30.05	100.7	101.0	85.2
29014014	-0.61	51.15	9.4	28.27	103.8	104.2	84.8
31015015	-0.65	49.89	10.4	26.74	106.7	107.2	84.4
33016016	-0.68	48.70	11.3	25.74	109.5	110.1	84.1
35017017	-0.68	47.64	11.8	25.71	112.2	112.8	84.0
37018018	-0.67	46.55	12.3	25.88	115.1	115.8	83.9
39019019	-0.66	45.40	12.6	26.46	118.4	119.1	83.9
41020020	-0.65	44.20	13.1	26.68	121.9	122.6	83.9
43021021	-0.66	43.16	13.9	26.37	125.1	125.9	83.7
45022022	-0.67	42.19	14.7	26.00	128.1	129.0	83.5
47023023	-0.68	41.24	15.5	25.73	131.3	132.2	83.3
49024024	-0.69	40.40	16.5	25.15	134.1	135.1	83.0
51025025	-0.69	39.50	17.2	25.12	137.4	138.4	82.9
53026026	-0.71	38.68	18.2	24.65	140.3	141.5	82.6
55027027	-0.72	37.87	19.4	24.09	143.4	144.7	82.3
57028028	-0.74	37.10	20.7	23.48	146.4	147.8	81.9
59029029	-0.76	36.37	22.1	22.86	149.3	150.9	81.6
61030030	-0.79	35.70	23.7	22.02	151.9	153.8	81.1
63031031	-0.82	35.03	25.4	21.22	154.6	156.7	80.7
65032032	-0.86	34.36	27.7	20.20	157.3	159.7	80.0
67033033	-0.91	33.66	30.2	19.21	160.1	162.9	79.3
69034034	-0.95	33.01	32.7	18.33	162.7	166.0	78.6
71035035	-1.00	32.31	35.7	17.43	165.6	169.4	77.8
73036036	-1.06	31.61	39.3	16.40	168.2	172.7	76.9
75037037	-1.11	30.93	42.8	15.61	170.8	176.1	76.0
77038038	-1.18	30.20	46.9	14.79	173.5	179.8	74.9
79039039	-1.25	29.46	51.7	13.91	176.0	183.5	73.6
81040040	-1.33	28.74	57.0	13.06	178.1	187.0	72.2
83041041	-1.41	28.06	62.4	12.33	179.8	190.3	70.9
85042042	-1.50	27.38	68.5	11.58	181.0	193.5	69.3
87043043	-1.58	26.71	74.0	11.05	182.4	196.8	67.9
89044044	-1.64	25.93	80.2	10.60	184.3	201.0	66.5
91045045	-1.71	24.97	87.8	10.18	186.9	206.5	64.8
93046046	-1.80	24.03	96.4	9.69	188.2	211.5	62.9
95047047	-1.90	23.15	105.5	9.18	188.1	215.6	60.7
97048048	-1.98	22.36	113.6	8.79	187.6	219.3	58.8
99049049	-2.04	21.36	123.0	8.54	188.7	225.3	56.9
101050050	-2.11	20.26	133.9	8.28	189.3	231.9	54.7
103051051	-2.18	19.03	146.8	8.03	189.2	239.5	52.2
105052052	-2.24	17.71	161.4	7.78	187.8	247.6	49.3
107053053	-2.32	16.40	176.5	7.53	184.4	255.3	46.3
109054054	-2.41	15.13	191.5	7.26	178.0	261.4	42.9
111055055	-2.48	13.72	208.0	7.06	170.6	269.0	39.4
113056056	-2.55	12.36	223.6	6.86	160.7	275.3	35.7
115057057	-2.63	10.90	239.4	6.66	147.5	281.2	31.6
117058058	-2.68	9.34	255.7	6.52	132.1	287.8	27.3
119059059	-2.75	7.79	269.1	6.36	113.2	291.9	22.8
121060060	-2.82	6.12	281.0	6.22	90.8	295.3	17.9
123061061	-2.87	4.44	289.7	6.11	66.7	297.3	13.0
125062062	-2.92	2.71	294.7	6.01	40.7	297.4	7.9
127063063	-2.97	0.96	294.4	5.90	14.1	294.8	2.7
129064064	-3.01	-0.77	290.7	5.82	-11.0	290.9	-2.2
131065065	-3.04	-2.60	283.7	5.77	-36.1	286.0	-7.2
133066066	-3.06	-4.46	273.3	5.73	-59.0	279.6	-12.2
135067067	-3.07	-6.38	260.0	5.71	-79.9	272.0	-17.1
137068068	-3.07	-8.30	245.1	5.72	-98.0	264.0	-21.8
139069069	-3.08	-10.39	226.6	5.70	-112.9	253.1	-26.5
141070070	-3.06	-12.54	207.8	5.74	-125.6	242.8	-31.2
143071071	-3.05	-14.63	189.2	5.75	-133.3	231.4	-35.2
145072072	-3.03	-16.87	170.3	5.79	-138.7	219.7	-39.2
147073073	-3.01	-19.10	152.8	5.83	-141.3	208.1	-42.8
149074074	-2.98	-21.43	136.1	5.88	-142.1	196.7	-46.2
151075075	-2.95	-23.73	121.2	5.94	-140.9	185.9	-49.3
153076076	-2.93	-26.06	108.0	5.99	-138.2	175.4	-52.0
155077077	-2.88	-28.44	95.8	6.09	-135.2	165.7	-54.7
157078078	-2.85	-30.93	85.0	6.15	-130.8	156.0	-57.0
159079079	-2.82	-33.36	75.8	6.21	-126.2	147.2	-59.0
161080080	-2.79	-35.86	67.7	6.27	-121.2	138.8	-60.8
163081081	-2.75	-38.30	60.6	6.36	-116.5	131.4	-62.5
165082082	-2.73	-40.77	54.7	6.40	-111.6	124.3	-63.9
167083083	-2.71	-43.15	49.6	6.46	-107.0	118.0	-65.1
169084084	-2.67	-45.58	44.9	6.56	-102.7	112.1	-66.4
171085085	-2.63	-47.98	40.7	6.67	-98.6	106.7	-67.6
173086086	-2.56	-50.55	36.6	6.84	-94.6	101.4	-68.8
175087087	-2.50	-53.28	32.9	6.99	-90.3	96.1	-70.0
177088088	-2.46	-56.14	29.7	7.12	-86.0	90.9	-71.0
179089089	-2.42	-59.04	26.9	7.24	-81.7	86.0	-71.8
181090090	-2.38	-62.15	24.3	7.35	-77.5	81.2	-72.6
183091091	-2.36	-65.36	22.1	7.42	-73.3	76.6	-73.2
185092092	-2.32	-68.72	20.1	7.54	-69.2	72.1	-73.8
187093093	-2.31	-72.36	18.3	7.57	-65.1	67.6	-74.2
189094094	-2.28	-76.18	16.7	7.65	-61.0	63.2	-74.7
191095095	-2.25	-80.59	15.0	7.78	-56.7	58.7	-75.2
193096096	-2.26	-85.62	13.8	7.71	-52.0	53.8	-75.2
195097097	-2.35	-91.04	13.0	7.44	-47.4	49.1	-74.7
197098098	-2.45	-96.73	12.3	7.14	-42.9	44.7	-74.0
199099099	-2.56	-103.08	11.8	6.84	-38.3	40.1	-72.9
201100100	-2.69	-110.23	11.3	6.51	-33.7	35.5	-71.5
203101101	-2.86	-118.27	11.0	6.12	-28.8	30.8	-69.1
205102102	-3.11	-127.62	10.9	5.65	-23.6	26.0	-65.2
207103103	-3.43	-137.60	11.1	5.13	-18.5	21.6	-59.0
209104104	-3.82	-148.72	11.6	4.62	-13.3	17.7	-48.8
211105105	-4.28	-161.09	12.4	4.14	-7.8	14.7	-32.3
213106106	-4.85	-175.17	13.6	3.67	-2.0	13.8	-8.2
215107107	-5.54	169.17	15.5	3.24	4.3	16.1	15.4
217108108	-6.24	151.91	18.2	2.90	10.9	21.2	31.1
219109109	-6.79	133.46	21.5	2.69	18.1	28.1	40.1
221110110	-7.03	114.82	25.5	2.61	25.7	36.2	45.2
223111111	-6.92	97.35	30.2	2.64	33.9	45.4	48.3
225112112	-6.58	81.80	35.9	2.76	42.7	55.8	49.9
227113113	-6.03	68.78	42.3	2.99	52.4	67.3	51.1
229114114	-5.42	57.97	49.6	3.31	63.2	80.3	51.8
231115115	-4.82	48.52	58.9	3.70	75.6	95.8	52.1
233116116	-4.26	40.20	71.1	4.15	89.9	114.6	51.6
235117117	-3.75	32.83	87.5	4.70	106.5	137.9	50.6
237118118	-3.33	26.23	110.8	5.28	124.6	166.7	48.4
239119119	-2.99	20.01	146.1	5.86	142.3	203.9	44.2
241120120	-2.75	14.39	196.5	6.37	151.7	248.2	37.7
243121121	-2.56	9.18	264.3	6.83	141.0	299.5	28.1
245122122	-2.40	4.41	337.8	7.28	92.6	350.3	15.3
247123123	-2.29	-0.01	382.2	7.64	-0.4	382.2	-0.1
249124124	-2.19	-4.17	368.3	7.98	-105.2	383.1	-15.9
251125125	-2.14	-8.13	306.8	8.16	-174.3	352.9	-29.6
253126126	-2.09	-11.76	242.6	8.34	-203.1	316.4	-39.9
255127127	-2.06	-15.28	188.1	8.48	-207.3	279.9	-47.8
257128128	-2.04	-18.58	148.5	8.54	-199.4	248.6	-53.3
259129129	-2.02	-21.69	119.7	8.64	-188.7	223.4	-57.6
261130130	-2.00	-24.54	99.2	8.73	-177.6	203.5	-60.8
263131131	-1.96	-27.43	82.3	8.92	-167.0	186.2	-63.8
265132132	-1.88	-30.29	68.2	9.26	-157.5	171.7	-66.6
267133133	-1.82	-33.22	57.0	9.57	-147.7	158.3	-68.9
269134134	-1.78	-36.08	48.4	9.81	-138.4	146.6	-70.7
271135135	-1.74	-38.84	41.7	10.03	-130.0	136.6	-72.2
273136136	-1.69	-41.51	36.3	10.30	-122.6	127.9	-73.5
275137137	-1.64	-44.19	31.6	10.60	-115.8	120.1	-74.7
277138138	-1.61	-46.79	28.0	10.84	-109.6	113.1	-75.7
279139139	-1.57	-49.34	24.9	11.09	-104.0	106.9	-76.5
281140140	-1.55	-51.75	22.6	11.24	-98.9	101.5	-77.1
283141141	-1.50	-54.13	20.2	11.62	-94.5	96.6	-77.9
285142142	-1.46	-56.39	18.3	11.97	-90.4	92.2	-78.6
287143143	-1.41	-58.58	16.6	12.35	-86.7	88.3	-79.2
289144144	-1.36	-60.80	15.0	12.79	-83.2	84.6	-79.8
291145145	-1.30	-62.89	13.6	13.35	-80.1	81.2	-80.4
293146146	-1.26	-65.00	12.4	13.84	-77.1	78.1	-80.9
295147147	-1.20	-67.04	11.2	14.44	-74.3	75.2	-81.4
297148148	-1.17	-69.11	10.3	14.90	-71.6	72.3	-81.8
299149149	-1.13	-71.07	9.6	15.36	-69.1	69.8	-82.1
301150150	-1.08	-72.87	8.7	16.10	-67.0	67.6	-82.6
303151151	-1.05	-74.74	8.1	16.61	-64.8	65.3	-82.9
305152152	-1.02	-76.58	7.6	17.08	-62.8	63.2	-83.1
307153153	-0.99	-78.47	7.1	17.56	-60.7	61.1	-83.3
309154154	-0.97	-80.28	6.7	17.98	-58.9	59.2	-83.5
311155155	-0.97	-82.04	6.4	17.99	-57.1	57.4	-83.6
313156156	-0.96	-83.81	6.2	18.03	-55.3	55.7	-83.6
315157157	-0.99	-85.39	6.2	17.53	-53.8	54.2	-83.4
317158158	-1.03	-86.83	6.2	16.89	-52.5	52.8	-83.2
319159159	-1.03	-88.08	6.1	16.92	-51.3	51.7	-83.2
321160160	-1.00	-89.30	5.8	17.40	-50.3	50.6	-83.4
323161161	-0.96	-90.54	5.4	18.17	-49.2	49.5	-83.7
325162162	-0.92	-92.02	5.1	18.99	-48.0	48.3	-84.0
327163163	-0.87	-93.51	4.7	19.91	-46.8	47.0	-84.2
329164164	-0.85	-95.07	4.5	20.46	-45.6	45.8	-84.4
331165165	-0.83	-96.62	4.3	20.91	-44.3	44.6	-84.5
333166166	-0.81	-98.22	4.1	21.48	-43.1	43.3	-84.6
335167167	-0.81	-99.86	4.0	21.38	-41.9	42.1	-84.6
337168168	-0.82	-101.38	3.9	21.23	-40.8	41.0	-84.5
339169169	-0.83	-102.99	3.9	20.99	-39.6	39.8	-84.4
341170170	-0.84	-104.60	3.9	20.61	-38.5	38.7	-84.3
343171171	-0.85	-106.24	3.8	20.41	-37.4	37.6	-84.2
345172172	-0.86	-107.70	3.8	20.25	-36.4	36.6	-84.1
347173173	-0.87	-109.29	3.8	20.01	-35.3	35.5	-83.9
349174174	-0.89	-110.85	3.8	19.59	-34.3	34.5	-83.7
351175175	-0.90	-112.40	3.7	19.35	-33.3	33.5	-83.6
353176176	-0.92	-114.03	3.7	18.97	-32.3	32.5	-83.4
355177177	-0.93	-115.49	3.7	18.79	-31.4	31.6	-83.3
357178178	-0.94	-117.05	3.7	18.48	-30.5	30.7	-83.0
359179179	-0.95	-118.56	3.7	18.26	-29.6	29.8	-82.9
361180180	-0.97	-120.19	3.7	18.01	-28.6	28.9	-82.7
363181181	-0.98	-121.76	3.7	17.72	-27.7	28.0	-82.4
365182182	-1.00	-123.31	3.7	17.42	-26.9	27.1	-82.2
367183183	-1.01	-124.92	3.7	17.21	-26.0	26.2	-81.9
369184184	-1.01	-126.40	3.6	17.20	-25.2	25.4	-81.8
371185185	-1.01	-127.95	3.6	17.21	-24.3	24.6	-81.6
373186186	-1.02	-129.44	3.6	17.05	-23.5	23.8	-81.3
375187187	-1.02	-131.00	3.5	17.07	-22.7	23.0	-81.1
377188188	-1.02	-132.48	3.5	17.12	-21.9	22.2	-81.0
379189189	-1.02	-133.95	3.4	17.12	-21.2	21.4	-80.8
381190190	-1.01	-135.40	3.4	17.21	-20.4	20.7	-80.6
383191191	-1.01	-136.86	3.4	17.22	-19.7	20.0	-80.3
385192192	-1.00	-138.27	3.3	17.42	-19.0	19.3	-80.2
387193193	-0.99	-139.66	3.2	17.54	-18.3	18.6	-80.0
389194194	-0.99	-141.08	3.2	17.64	-17.6	17.9	-79.7
391195195	-0.98	-142.41	3.1	17.82	-17.0	17.2	-79.5
393196196	-0.97	-143.73	3.1	17.95	-16.3	16.6	-79.3
395197197	-0.96	-145.03	3.0	18.04	-15.7	16.0	-79.0
397198198	-0.95	-146.36	3.0	18.33	-15.1	15.4	-78.8
399199199	-0.94	-147.54	2.9	18.54	-14.5	14.8	-78.6
401200200	-0.93	-148.76	2.9	18.72	-13.9	14.2	-78.3
403201201	-0.92	-149.99	2.8	18.86	-13.4	13.7	-78.0
405202202	-0.91	-151.18	2.8	19.04	-12.8	13.1	-77.7
407203203	-0.90	-152.35	2.8	19.25	-12.3	12.6	-77.3
409204204	-0.90	-153.49	2.7	19.42	-11.7	12.1	-77.0
411205205	-0.89	-154.58	2.7	19.61	-11.2	11.6	-76.6
413206206	-0.89	-155.67	2.7	19.62	-10.7	11.1	-76.1
415207207	-0.88	-156.72	2.6	19.68	-10.3	10.6	-75.5
417208208	-0.89	-157.78	2.6	19.61	-9.8	10.1	-74.9
419209209	-0.89	-158.82	2.6	19.57	-9.3	9.7	-74.2
421210210	-0.90	-159.83	2.7	19.38	-8.9	9.3	-73.3
423211211	-0.90	-160.83	2.7	19.30	-8.4	8.8	-72.4
425212212	-0.91	-161.76	2.7	19.04	-8.0	8.4	-71.4
427213213	-0.93	-162.73	2.7	18.75	-7.6	8.0	-70.2
429214214	-0.94	-163.68	2.8	18.54	-7.1	7.7	-68.9
431215215	-0.95	-164.63	2.8	18.22	-6.7	7.3	-67.5
433216216	-0.97	-165.61	2.8	17.94	-6.3	6.9	-65.8
435217217	-0.99	-166.49	2.9	17.52	-5.9	6.6	-63.9
437218218	-1.02	-167.42	3.0	17.12	-5.5	6.2	-61.7
439219219	-1.03	-168.34	3.0	16.82	-5.1	5.9	-59.5
441220220	-1.06	-169.22	3.1	16.41	-4.7	5.6	-56.8
443221221	-1.09	-170.18	3.1	16.00	-4.3	5.3	-53.7
445222222	-1.11	-171.07	3.2	15.64	-3.9	5.0	-50.4
447223223	-1.15	-171.97	3.3	15.17	-3.5	4.8	-46.5
449224224	-1.18	-172.91	3.4	14.71	-3.1	4.6	-42.1
451225225	-1.20	-173.87	3.5	14.53	-2.7	4.4	-37.7
453226226	-1.24	-174.81	3.6	14.03	-2.3	4.2	-32.3
455227227	-1.27	-175.69	3.6	13.73	-1.9	4.1	-27.1
457228228	-1.31	-176.67	3.8	13.32	-1.4	4.0	-21.0
459229229	-1.33	-177.66	3.8	13.11	-1.0	3.9	-14.9
461230230	-1.36	-178.67	3.9	12.76	-0.6	4.0	-8.4
463231231	-1.40	-179.65	4.0	12.45	-0.1	4.0	-2.1
465232232	-1.43	179.40	4.1	12.20	0.3	4.1	3.6
467233233	-1.45	178.38	4.2	11.97	0.7	4.2	9.5
469234234	-1.48	177.37	4.3	11.75	1.1	4.4	15.0
471235235	-1.51	176.31	4.3	11.53	1.6	4.6	20.2
473236236	-1.54	175.26	4.4	11.32	2.1	4.9	24.9
475237237	-1.56	174.23	4.5	11.15	2.5	5.1	29.1
477238238	-1.58	173.20	4.6	11.02	2.9	5.4	32.9
479239239	-1.60	172.18	4.6	10.86	3.4	5.7	36.2
481240240	-1.62	171.08	4.7	10.74	3.9	6.1	39.6
483241241	-1.64	169.96	4.7	10.64	4.4	6.4	42.6
485242242	-1.65	168.91	4.8	10.55	4.8	6.8	45.2
487243243	-1.66	167.83	4.8	10.49	5.3	7.2	47.6
489244244	-1.67	166.78	4.9	10.43	5.7	7.5	49.8
491245245	-1.68	165.72	4.9	10.35	6.2	7.9	51.7
493246246	-1.69	164.67	4.9	10.30	6.7	8.3	53.4
495247247	-1.70	163.58	5.0	10.27	7.1	8.7	55.2
497248248	-1.70	162.51	5.0	10.26	7.6	9.1	56.8
499249249	-1.69	161.43	5.0	10.29	8.1	9.5	58.3
501250250	-1.69	160.33	5.0	10.29	8.6	9.9	59.7
503251251	-1.69	159.22	5.0	10.33	9.1	10.4	61.1
505252252	-1.68	158.19	5.0	10.36	9.5	10.8	62.3
507253253	-1.68	157.08	5.0	10.35	10.0	11.2	63.4
509254254	-1.68	156.05	5.0	10.37	10.5	11.6	64.4
511255255	-1.68	154.91	5.1	10.35	11.0	12.1	65.3
513256256	-1.67	153.77	5.1	10.41	11.5	12.6	66.3
515257257	-1.66	152.71	5.0	10.48	12.0	13.0	67.2
517258258	-1.66	151.69	5.1	10.50	12.5	13.5	67.9
519259259	-1.65	150.62	5.1	10.55	13.0	13.9	68.7
521260260	-1.65	149.51	5.1	10.58	13.5	14.4	69.4
523261261	-1.63	148.43	5.1	10.68	14.0	14.9	70.2
525262262	-1.63	147.34	5.1	10.70	14.5	15.4	70.7
527263263	-1.62	146.26	5.1	10.77	15.0	15.9	71.4
529264264	-1.63	145.16	5.1	10.71	15.5	16.4	71.8
531265265	-1.62	143.97	5.1	10.73	16.1	16.9	72.3
533266266	-1.62	142.77	5.2	10.78	16.7	17.5	72.8
535267267	-1.62	141.66	5.2	10.77	17.2	18.0	73.2
537268268	-1.62	140.62	5.2	10.79	17.7	18.5	73.6
539269269	-1.61	139.43	5.2	10.82	18.3	19.0	74.0
541270270	-1.61	138.26	5.3	10.85	18.9	19.6	74.4
543271271	-1.62	137.11	5.3	10.78	19.4	20.2	74.6
545272272	-1.62	135.96	5.4	10.73	20.0	20.7	74.9
547273273	-1.64	134.70	5.5	10.62	20.6	21.4	75.0
549274274	-1.65	133.42	5.6	10.55	21.3	22.0	75.2
551275275	-1.66	132.17	5.7	10.51	21.9	22.7	75.5
553276276	-1.68	130.91	5.8	10.37	22.6	23.3	75.6
555277277	-1.70	129.64	5.9	10.28	23.2	24.0	75.7
557278278	-1.72	128.32	6.1	10.16	23.9	24.7	75.8
559279279	-1.73	126.99	6.2	10.07	24.6	25.4	75.9
561280280	-1.75	125.67	6.3	9.96	25.3	26.1	76.0
563281281	-1.78	124.31	6.5	9.81	26.1	26.9	76.0
565282282	-1.80	122.91	6.7	9.69	26.8	27.6	76.0
567283283	-1.83	121.61	6.9	9.52	27.5	28.4	76.0
569284284	-1.86	120.20	7.1	9.36	28.3	29.2	76.0
571285285	-1.90	118.74	7.3	9.17	29.1	30.0	75.9
573286286	-1.94	117.31	7.6	9.01	29.9	30.9	75.8
575287287	-1.97	115.81	7.8	8.84	30.8	31.8	75.7
577288288	-2.01	114.46	8.1	8.70	31.6	32.6	75.6
579289289	-2.06	112.93	8.4	8.48	32.5	33.6	75.4
581290290	-2.11	111.36	8.8	8.27	33.4	34.5	75.2
583291291	-2.14	109.96	9.1	8.15	34.3	35.4	75.1
585292292	-2.20	108.43	9.5	7.95	35.2	36.4	74.9
587293293	-2.26	106.92	9.9	7.75	36.1	37.4	74.7
589294294	-2.31	105.38	10.3	7.57	37.1	38.5	74.4
591295295	-2.35	103.88	10.7	7.43	38.0	39.5	74.2
593296296	-2.43	102.41	11.3	7.21	38.9	40.5	73.8
595297297	-2.48	100.92	11.8	7.04	39.9	41.6	73.6
597298298	-2.53	99.50	12.2	6.91	40.8	42.6	73.3
599299299	-2.60	98.14	12.8	6.74	41.7	43.6	73.0
601300300	-2.67	96.72	13.4	6.56	42.6	44.7	72.6
603301301	-2.73	95.34	14.0	6.41	43.6	45.7	72.2
605302302	-2.82	94.15	14.7	6.22	44.3	46.7	71.7
607303303	-2.89	92.98	15.3	6.08	45.1	47.6	71.3
609304304	-2.95	91.96	15.9	5.94	45.7	48.4	70.9
611305305	-3.03	90.93	16.5	5.78	46.4	49.2	70.4
613306306	-3.10	90.03	17.1	5.66	46.9	50.0	70.0
615307307	-3.15	89.16	17.6	5.58	47.5	50.7	69.7
617308308	-3.21	88.48	18.1	5.48	48.0	51.3	69.3
619309309	-3.24	87.98	18.5	5.42	48.3	51.7	69.1
621310310	-3.25	87.30	18.7	5.40	48.8	52.3	69.0
623311311	-3.26	86.92	18.9	5.38	49.1	52.6	68.9
625312312	-3.24	86.35	18.9	5.43	49.6	53.1	69.1
627313313	-3.21	85.82	19.0	5.48	50.1	53.5	69.3
629314314	-3.16	85.11	19.0	5.55	50.7	54.2	69.5
631315315	-3.10	84.66	18.8	5.66	51.2	54.6	69.9
633316316	-3.03	84.03	18.6	5.79	51.9	55.2	70.3
635317317	-2.98	83.37	18.5	5.89	52.6	55.8	70.6
637318318	-2.88	82.62	18.2	6.09	53.5	56.5	71.2
639319319	-2.78	81.69	18.0	6.30	54.5	57.4	71.8
641320320	-2.68	80.73	17.7	6.53	55.6	58.4	72.4
643321321	-2.59	79.85	17.4	6.76	56.7	59.3	72.9
645322322	-2.51	78.78	17.3	6.97	57.9	60.4	73.4
647323323	-2.43	77.59	17.2	7.19	59.2	61.7	73.8
649324324	-2.34	76.57	17.0	7.46	60.5	62.8	74.3
651325325	-2.28	75.42	16.9	7.68	61.8	64.1	74.7
653326326	-2.21	74.10	17.0	7.90	63.4	65.6	75.0
655327327	-2.16	72.99	17.0	8.09	64.7	66.9	75.3
657328328	-2.11	71.72	17.1	8.29	66.3	68.5	75.5
659329329	-2.08	70.37	17.5	8.38	68.0	70.2	75.6
661330330	-2.02	68.76	17.7	8.63	70.1	72.3	75.9
663331331	-1.99	67.28	18.1	8.76	72.0	74.3	75.9
665332332	-1.96	65.99	18.4	8.92	73.8	76.1	76.0
667333333	-1.96	64.66	19.0	8.92	75.6	78.0	75.9
669334334	-1.96	63.29	19.8	8.90	77.5	80.0	75.7
671335335	-1.94	61.82	20.3	9.00	79.7	82.3	75.7
673336336	-1.93	60.39	21.1	9.05	81.9	84.6	75.6
675337337	-1.93	58.99	21.9	9.06	84.1	86.9	75.4
677338338	-1.96	57.50	23.3	8.89	86.4	89.5	74.9
679339339	-1.98	56.06	24.6	8.82	88.7	92.0	74.5
681340340	-1.99	54.79	25.7	8.77	90.8	94.4	74.2
683341341	-2.02	53.19	27.4	8.66	93.5	97.5	73.7
685342342	-2.03	51.44	29.2	8.58	96.7	101.0	73.2
687343343	-2.08	49.86	31.5	8.38	99.5	104.3	72.4
689344344	-2.11	48.22	33.8	8.27	102.6	108.0	71.8
691345345	-2.16	46.49	36.7	8.08	105.8	112.0	70.9
693346346	-2.19	44.72	39.7	7.96	109.4	116.4	70.1
695347347	-2.25	42.79	43.7	7.76	113.3	121.4	68.9
697348348	-2.30	40.81	48.1	7.59	117.4	126.8	67.7
699349349	-2.36	38.83	53.2	7.42	121.5	132.7	66.4
701350350	-2.43	36.84	59.3	7.20	125.4	138.7	64.7
703351351	-2.48	34.80	65.8	7.06	129.8	145.5	63.1
705352352	-2.56	32.87	73.4	6.83	133.1	152.0	61.1
707353353	-2.62	30.84	81.8	6.68	136.9	159.5	59.1
709354354	-2.68	28.55	92.5	6.52	140.8	168.4	56.7
711355355	-2.76	26.38	104.2	6.35	143.3	177.2	54.0
713356356	-2.84	24.28	116.9	6.17	144.3	185.7	51.0
715357357	-2.91	22.14	130.9	6.03	144.5	195.0	47.8
717358358	-2.99	20.17	144.8	5.87	142.3	203.0	44.5
719359359	-3.06	18.05	160.6	5.74	138.4	212.1	40.8
721360360	-3.11	15.96	176.9	5.64	132.8	221.2	36.9
723361361	-3.16	13.89	193.4	5.56	124.9	230.2	32.9
725362362	-3.23	11.84	208.7	5.45	112.6	237.2	28.4
727363363	-3.26	9.84	223.2	5.38	99.1	244.3	23.9
729364364	-3.29	7.79	236.8	5.34	82.6	250.8	19.2
731365365	-3.32	5.80	247.6	5.29	63.8	255.7	14.5
733366366	-3.34	3.79	255.7	5.26	42.9	259.3	9.5
735367367	-3.37	1.75	259.4	5.22	19.9	260.1	4.4
737368368	-3.36	-0.41	261.4	5.23	-4.8	261.5	-1.0
739369369	-3.37	-2.47	257.5	5.21	-27.8	259.0	-6.2
741370370	-3.37	-4.51	250.9	5.22	-49.7	255.7	-11.2
743371371	-3.38	-6.55	239.8	5.20	-68.5	249.4	-15.9
745372372	-3.39	-8.75	225.5	5.19	-85.8	241.3	-20.8
747373373	-3.38	-10.84	211.0	5.20	-99.4	233.3	-25.2
749374374	-3.38	-12.91	195.8	5.21	-109.8	224.4	-29.3
751375375	-3.38	-15.11	179.3	5.20	-117.2	214.2	-33.2
753376376	-3.38	-17.18	164.4	5.20	-121.6	204.5	-36.5
755377377	-3.39	-19.25	150.4	5.19	-123.9	194.9	-39.5
757378378	-3.40	-21.36	137.2	5.17	-124.3	185.2	-42.2
759379379	-3.40	-23.51	125.0	5.17	-124.0	176.1	-44.8
761380380	-3.42	-25.73	113.7	5.15	-122.2	166.9	-47.1
763381381	-3.44	-27.83	104.1	5.12	-119.8	158.7	-49.0
765382382	-3.45	-29.82	96.0	5.11	-117.2	151.5	-50.7
767383383	-3.45	-32.04	87.7	5.10	-114.3	144.1	-52.5
769384384	-3.48	-34.27	80.7	5.06	-110.5	136.8	-53.9
771385385	-3.52	-36.43	74.7	5.01	-106.6	130.2	-55.0
773386386	-3.58	-38.66	69.4	4.93	-102.4	123.7	-55.9
775387387	-3.64	-40.82	64.9	4.85	-98.4	117.9	-56.6
777388388	-3.70	-43.08	60.7	4.77	-94.4	112.3	-57.3
779389389	-3.78	-45.29	57.2	4.66	-90.5	107.0	-57.7
781390390	-3.87	-47.41	54.3	4.57	-86.8	102.4	-58.0
783391391	-3.97	-49.56	51.7	4.45	-83.2	97.9	-58.1
785392392	-4.09	-51.65	49.6	4.33	-79.6	93.8	-58.1
787393393	-4.20	-53.53	47.9	4.21	-76.6	90.3	-58.0
789394394	-4.32	-55.39	46.4	4.11	-73.7	87.1	-57.8
791395395	-4.46	-57.03	45.4	3.98	-71.0	84.3	-57.4
793396396	-4.57	-58.50	44.5	3.89	-68.9	82.0	-57.2
795397397	-4.64	-59.74	43.6	3.83	-67.2	80.1	-57.0
797398398	-4.67	-60.80	42.7	3.81	-66.1	78.7	-57.2
799399399	-4.60	-61.63	41.5	3.86	-65.8	77.8	-57.8
801400400	-4.48	-62.76	39.7	3.96	-65.6	76.6	-58.8
803401401	-4.31	-64.28	37.3	4.11	-65.1	75.1	-60.2
805402402	-4.09	-66.45	34.2	4.32	-64.2	72.8	-61.9
807403403	-3.88	-69.14	31.0	4.55	-62.7	69.9	-63.7
809404404	-3.73	-72.33	28.0	4.73	-60.3	66.5	-65.1
811405405	-3.62	-75.82	25.4	4.87	-57.5	62.9	-66.2
813406406	-3.55	-79.22	23.4	4.97	-54.7	59.5	-66.9
815407407	-3.52	-82.72	21.8	5.00	-51.9	56.2	-67.2
817408408	-3.50	-86.07	20.4	5.03	-49.2	53.3	-67.5
819409409	-3.49	-89.34	19.3	5.04	-46.7	50.5	-67.6
821410410	-3.52	-92.40	18.5	5.00	-44.4	48.1	-67.4
823411411	-3.51	-95.59	17.6	5.02	-42.2	45.7	-67.4
825412412	-3.51	-98.49	16.9	5.02	-40.2	43.6	-67.2
827413413	-3.53	-101.30	16.3	4.98	-38.3	41.6	-66.9
829414414	-3.53	-104.06	15.7	4.99	-36.6	39.8	-66.7
831415415	-3.53	-106.73	15.2	4.98	-34.9	38.1	-66.4
833416416	-3.56	-109.25	14.9	4.95	-33.4	36.5	-66.0
835417417	-3.56	-111.77	14.5	4.94	-31.9	35.0	-65.6
837418418	-3.57	-114.23	14.1	4.93	-30.5	33.6	-65.1
839419419	-3.58	-116.58	13.8	4.92	-29.2	32.3	-64.6
841420420	-3.60	-118.98	13.6	4.90	-27.8	31.0	-64.0
843421421	-3.59	-121.22	13.2	4.91	-26.6	29.8	-63.6
845422422	-3.61	-123.36	13.1	4.88	-25.5	28.7	-62.9
847423423	-3.63	-125.49	12.9	4.85	-24.4	27.6	-62.1
849424424	-3.66	-127.47	12.8	4.82	-23.4	26.6	-61.3
851425425	-3.67	-129.65	12.6	4.81	-22.3	25.6	-60.5
853426426	-3.67	-131.73	12.4	4.81	-21.2	24.6	-59.8
855427427	-3.69	-133.69	12.3	4.78	-20.3	23.7	-58.8
857428428	-3.73	-135.66	12.2	4.73	-19.3	22.9	-57.6
859429429	-3.76	-137.63	12.2	4.70	-18.4	22.0	-56.5
861430430	-3.79	-139.58	12.1	4.65	-17.4	21.2	-55.2
863431431	-3.81	-141.52	12.0	4.63	-16.5	20.5	-53.9
865432432	-3.83	-143.37	12.0	4.61	-15.7	19.7	-52.6
867433433	-3.87	-145.27	12.0	4.57	-14.8	19.0	-51.1
869434434	-3.92	-147.22	12.0	4.51	-13.9	18.4	-49.2
871435435	-3.93	-149.12	11.9	4.50	-13.1	17.7	-47.6
873436436	-3.95	-150.90	11.9	4.47	-12.3	17.1	-45.9
875437437	-3.98	-152.83	11.9	4.44	-11.4	16.5	-43.9
877438438	-4.00	-154.75	11.8	4.42	-10.6	15.9	-41.8
879439439	-4.02	-156.53	11.8	4.40	-9.8	15.4	-39.7
881440440	-4.04	-158.37	11.8	4.38	-9.0	14.9	-37.4
883441441	-4.05	-160.26	11.8	4.36	-8.2	14.4	-34.9
885442442	-4.06	-161.94	11.7	4.36	-7.5	13.9	-32.6
887443443	-4.05	-163.74	11.7	4.37	-6.8	13.5	-30.1
889444444	-4.04	-165.52	11.6	4.37	-6.0	13.1	-27.4
891445445	-4.03	-167.36	11.5	4.39	-5.2	12.7	-24.5
893446446	-4.02	-169.02	11.5	4.39	-4.6	12.3	-21.6
895447447	-4.01	-170.79	11.4	4.41	-3.8	12.0	-18.5
897448448	-3.99	-172.48	11.3	4.43	-3.1	11.8	-15.4
899449449	-3.98	-174.25	11.3	4.44	-2.4	11.5	-11.9
901450450	-3.94	-175.89	11.2	4.49	-1.7	11.3	-8.7
903451451	-3.90	-177.65	11.0	4.53	-1.0	11.1	-5.0
905452452	-3.88	-179.13	11.0	4.55	-0.4	11.0	-1.9
907453453	-3.83	179.21	10.8	4.61	0.3	10.8	1.7
909454454	-3.78	177.70	10.7	4.66	1.0	10.8	5.1
911455455	-3.73	176.11	10.6	4.73	1.6	10.7	8.7
913456456	-3.67	174.70	10.4	4.81	2.2	10.7	12.0
915457457	-3.62	173.10	10.3	4.87	2.9	10.7	15.7
917458458	-3.58	171.55	10.2	4.92	3.5	10.8	19.1
919459459	-3.51	170.08	10.0	5.02	4.2	10.9	22.5
921460460	-3.46	168.64	9.9	5.09	4.8	11.0	25.7
923461461	-3.40	167.14	9.8	5.17	5.4	11.2	29.0
925462462	-3.36	165.71	9.7	5.24	6.0	11.4	31.9
927463463	-3.30	164.27	9.6	5.32	6.7	11.7	34.8
929464464	-3.24	162.86	9.4	5.43	7.3	11.9	37.7
931465465	-3.19	161.45	9.3	5.50	7.9	12.2	40.2
933466466	-3.14	160.04	9.2	5.59	8.5	12.5	42.7
935467467	-3.09	158.79	9.1	5.68	9.1	12.8	44.9
937468468	-3.04	157.40	9.0	5.77	9.7	13.2	47.1
939469469	-2.98	156.10	8.9	5.89	10.3	13.6	49.2
941470470	-2.94	154.69	8.8	5.97	10.9	14.0	51.1
943471471	-2.89	153.31	8.7	6.06	11.5	14.4	52.9
945472472	-2.85	151.99	8.6	6.15	12.1	14.9	54.6
947473473	-2.80	150.45	8.5	6.26	12.8	15.4	56.4
949474474	-2.74	149.12	8.4	6.38	13.4	15.9	58.0
951475475	-2.70	147.63	8.3	6.49	14.1	16.4	59.5
953476476	-2.65	146.18	8.2	6.61	14.8	17.0	60.9
955477477	-2.61	144.70	8.2	6.71	15.5	17.5	62.2
957478478	-2.58	143.21	8.2	6.79	16.2	18.2	63.3
959479479	-2.54	141.71	8.1	6.88	16.9	18.8	64.4
961480480	-2.51	140.03	8.1	6.98	17.8	19.5	65.5
963481481	-2.47	138.62	8.0	7.08	18.5	20.1	66.4
965482482	-2.44	137.04	8.0	7.17	19.2	20.8	67.3
967483483	-2.41	135.35	8.0	7.26	20.1	21.6	68.2
969484484	-2.37	133.67	8.0	7.37	20.9	22.4	69.1
971485485	-2.34	131.88	8.0	7.46	21.8	23.3	69.9
973486486	-2.30	130.12	8.0	7.59	22.8	24.1	70.7
975487487	-2.26	128.29	8.0	7.71	23.7	25.0	71.4
977488488	-2.25	126.52	8.0	7.78	24.7	25.9	72.0
979489489	-2.23	124.44	8.1	7.84	25.8	27.0	72.5
981490490	-2.22	122.40	8.2	7.88	26.9	28.1	73.0
983491491	-2.20	120.74	8.3	7.95	27.8	29.0	73.4
985492492	-2.16	118.61	8.3	8.07	29.1	30.2	74.0
987493493	-2.13	116.51	8.4	8.19	30.3	31.4	74.5
989494494	-2.12	114.27	8.6	8.22	31.6	32.8	74.9
991495495	-2.11	112.03	8.7	8.29	33.0	34.1	75.2
993496496	-2.08	109.77	8.8	8.39	34.4	35.5	75.6
995497497	-2.08	107.60	9.1	8.40	35.8	36.9	75.8
997498498	-2.08	105.25	9.4	8.40	37.3	38.5	75.9
999499499	-2.08	102.90	9.7	8.39	38.9	40.1	76.1
1001500500	-2.08	100.56	10.0	8.37	40.6	41.8	76.2
1003501501	-2.09	98.12	10.4	8.35	42.3	43.5	76.2
1005502502	-2.13	95.64	11.0	8.20	44.1	45.4	76.0
1007503503	-2.16	93.30	11.5	8.08	45.9	47.3	75.9
1009504504	-2.19	90.79	12.2	7.98	47.8	49.3	75.7
1011505505	-2.25	88.28	13.0	7.78	49.8	51.5	75.3
1013506506	-2.29	85.77	13.9	7.64	51.9	53.7	75.1
1015507507	-2.38	83.16	15.1	7.34	54.0	56.1	74.4
1017508508	-2.45	80.62	16.3	7.13	56.2	58.6	73.8
1019509509	-2.56	77.98	17.9	6.82	58.5	61.2	73.0
1021510510	-2.74	75.55	20.0	6.39	60.5	63.7	71.7
1023511511	-2.91	73.03	22.3	6.03	62.5	66.4	70.4
1025512512	-3.09	70.36	24.9	5.69	64.7	69.3	68.9
1027513513	-3.25	67.73	27.7	5.41	66.9	72.4	67.5
1029514514	-3.46	65.10	31.0	5.08	68.8	75.4	65.7
1031515515	-3.74	62.82	34.8	4.71	69.8	78.0	63.5
1033516516	-4.01	59.86	39.4	4.41	71.3	81.5	61.1
1035517517	-4.33	57.33	44.3	4.09	71.7	84.2	58.3
1037518518	-4.64	55.01	48.9	3.83	71.5	86.6	55.7
1039519519	-5.02	52.37	54.4	3.56	70.6	89.1	52.4
1041520520	-5.39	49.64	60.0	3.32	69.1	91.5	49.0
1043521521	-5.80	47.04	65.3	3.11	66.6	93.3	45.6
1045522522	-3.51	114.23	13.9	5.01	30.5	33.6	65.5
1047523523	-3.27	91.84	17.5	5.38	45.3	48.5	68.9
1049524524	-7.57	35.09	84.1	2.44	49.0	97.4	30.2
1051525525	-8.83	27.38	89.0	2.13	34.1	95.3	21.0
1053526526	-9.33	24.01	89.7	2.04	28.2	94.0	17.5
1055527527	-9.86	20.82	89.2	1.95	22.7	92.1	14.3
1057528528	-10.39	16.96	88.6	1.87	17.2	90.2	11.0
1059529529	-10.96	13.16	87.0	1.79	12.2	87.8	8.0
1061530530	-11.56	9.07	84.9	1.72	7.6	85.2	5.1
1063531531	-12.22	4.61	82.2	1.65	3.4	82.3	2.4
1065532532	-12.84	-0.26	79.6	1.59	-0.2	79.6	-0.1
1067533533	-13.57	-6.06	76.2	1.53	-3.5	76.3	-2.6
1069534534	-14.35	-12.81	72.7	1.47	-6.4	72.9	-5.0
1071535535	-15.11	-20.10	69.1	1.43	-8.6	69.7	-7.1
1073536536	-15.74	-27.90	65.9	1.39	-10.3	66.7	-8.9
1075537537	-16.31	-37.65	62.5	1.36	-12.0	63.6	-10.8
1077538538	-16.70	-48.01	59.3	1.34	-13.2	60.7	-12.5
1079539539	-16.94	-59.01	56.1	1.33	-14.0	57.8	-14.0
1081540540	-16.94	-70.36	53.0	1.33	-14.5	54.9	-15.3
1083541541	-16.68	-81.95	49.9	1.34	-14.8	52.0	-16.5
1085542542	-16.20	-92.60	47.0	1.37	-14.9	49.3	-17.6
1087543543	-15.61	-102.11	44.3	1.40	-14.8	46.7	-18.4
1089544544	-14.95	-110.10	41.9	1.44	-14.5	44.4	-19.1
1091545545	-14.27	-116.59	39.8	1.48	-14.3	42.2	-19.8
1093546546	-13.57	-122.57	37.7	1.53	-13.9	40.1	-20.3
1095547547	-12.86	-127.62	35.7	1.59	-13.6	38.2	-20.8
1097548548	-12.18	-132.13	33.8	1.65	-13.1	36.2	-21.2
1099549549	-11.53	-136.53	32.0	1.72	-12.5	34.3	-21.4
1101550550	-10.88	-140.06	30.2	1.80	-12.1	32.5	-21.8
1103551551	-10.35	-143.23	28.8	1.87	-11.5	31.0	-21.8
1105552552	-9.84	-146.74	27.3	1.95	-10.8	29.3	-21.5
1107553553	-9.37	-149.70	26.0	2.03	-10.1	27.8	-21.2
1109554554	-8.92	-152.44	24.7	2.12	-9.4	26.4	-20.8
1111555555	-8.43	-155.23	23.4	2.22	-8.7	24.9	-20.3
1113556556	-8.02	-157.79	22.2	2.32	-7.9	23.6	-19.6
1115557557	-7.67	-160.26	21.3	2.41	-7.2	22.4	-18.6
1117558558	-7.33	-162.42	20.3	2.51	-6.5	21.3	-17.7
1119559559	-6.98	-164.61	19.4	2.62	-5.8	20.2	-16.5
1121560560	-6.63	-166.93	18.4	2.75	-5.0	19.1	-15.1
1123561561	-6.32	-169.29	17.6	2.87	-4.1	18.0	-13.2
1125562562	-6.03	-171.41	16.8	2.99	-3.3	17.1	-11.2
1127563563	-5.72	-173.61	15.9	3.15	-2.5	16.1	-8.9
1129564564	-5.46	-175.84	15.2	3.29	-1.6	15.3	-6.2
1131565565	-5.16	-177.95	14.4	3.46	-0.8	14.5	-3.3
1133566566	-4.91	179.98	13.8	3.63	0.0	13.8	0.0
1135567567	-4.65	177.94	13.1	3.82	0.8	13.1	3.7
1137568568	-4.39	175.85	12.4	4.04	1.7	12.5	7.8
1139569569	-4.15	174.01	11.8	4.26	2.5	12.0	11.9
1141570570	-3.92	171.87	11.2	4.50	3.4	11.7	16.8
1143571571	-3.69	169.94	10.5	4.78	4.2	11.3	21.8
1145572572	-3.45	167.96	9.9	5.11	5.1	11.1	27.1
1147573573	-3.21	166.03	9.3	5.48	5.9	11.0	32.6
1149574574	-2.98	164.16	8.7	5.88	6.8	11.0	37.9
1151575575	-2.76	162.26	8.1	6.36	7.6	11.1	43.4
1153576576	-2.55	160.36	7.5	6.86	8.5	11.3	48.4
1155577577	-2.35	158.55	7.0	7.43	9.3	11.6	53.1
1157578578	-2.16	156.67	6.5	8.07	10.2	12.0	57.5
1159579579	-1.95	154.80	5.9	8.93	11.0	12.5	62.0
1161580580	-1.79	152.97	5.4	9.73	11.9	13.1	65.4
1163581581	-1.61	151.01	4.9	10.79	12.8	13.7	68.9
1165582582	-1.41	149.27	4.4	12.31	13.6	14.3	72.3
1167583583	-1.24	147.39	3.9	14.02	14.5	15.0	75.1
1169584584	-1.09	145.51	3.4	16.02	15.5	15.8	77.5
1171585585	-0.93	143.58	3.0	18.67	16.4	16.7	79.7
1173586586	-0.80	141.68	2.6	21.69	17.3	17.5	81.5
1175587587	-0.64	139.86	2.1	26.96	18.2	18.4	83.4
1177588588	-0.54	137.86	1.8	32.09	19.2	19.3	84.7
1179589589	-0.42	135.99	1.4	41.83	20.2	20.2	86.1
1181590590	-0.27	134.16	0.9	64.97	21.1	21.2	87.5
1183591591	-0.17	132.14	0.6	104.52	22.2	22.2	88.5
1185592592	-0.07	130.04	0.2	261.03	23.3	23.3	89.4
1187593593	0.00	128.14	0.0	?	24.3	24.3	90.0
1189594594	0.00	126.20	0.0	?	25.4	25.4	90.0
1191595595	0.00	124.18	0.0	?	26.5	26.5	90.0
1193596596	0.00	122.02	0.0	?	27.7	27.7	90.0
1195597597	0.00	119.80	0.0	?	29.0	29.0	90.0
1197598598	0.00	117.68	0.0	?	30.2	30.2	90.0
1199599599	0.00	115.12	0.0	?	31.8	31.8	90.0
1201600600	0.00	112.69	0.0	?	33.3	33.3	90.0
1203601601	0.00	110.13	0.0	?	34.9	34.9	90.0
1205602602	0.00	107.76	0.0	?	36.5	36.5	90.0
1207603603	0.00	104.94	0.0	?	38.4	38.4	90.0
1209604604	0.00	102.12	0.0	?	40.4	40.4	90.0
1211605605	0.00	99.12	0.0	?	42.6	42.6	90.0
1213606606	0.00	95.88	0.0	?	45.1	45.1	90.0
1215607607	0.00	92.86	0.0	?	47.6	47.6	90.0
1217608608	0.00	89.75	0.0	?	50.2	50.2	90.0
1219609609	0.00	86.40	0.0	?	53.2	53.2	90.0
1221610610	0.00	83.19	0.0	?	56.3	56.3	90.0
1223611611	0.00	79.78	0.0	?	59.8	59.8	90.0
1225612612	0.00	76.32	0.0	?	63.6	63.6	90.0
1227613613	0.00	72.96	0.0	?	67.6	67.6	90.0
1229614614	0.00	69.26	0.0	?	72.4	72.4	90.0
1231615615	0.00	65.43	0.0	?	77.8	77.8	90.0
1233616616	0.00	62.00	0.0	?	83.2	83.2	90.0
1235617617	0.00	58.24	0.0	?	89.8	89.8	90.0
1237618618	0.00	54.64	0.0	?	96.8	96.8	90.0
1239619619	0.00	50.94	0.0	?	105.0	105.0	90.0
1241620620	0.00	47.20	0.0	?	114.4	114.4	90.0
1243621621	0.00	43.43	0.0	?	125.5	125.5	90.0
1245622622	0.00	39.77	0.0	?	138.2	138.2	90.0
1247623623	0.00	36.04	0.0	?	153.7	153.7	90.0
1249624624	0.00	32.66	0.0	?	170.7	170.7	90.0
1251625625	0.00	28.94	0.0	?	193.7	193.7	90.0
1253626626	0.00	25.64	0.0	?	219.7	219.7	90.0
1255627627	-0.01	22.17	0.6	319.49	255.2	255.2	89.9
1257628628	-0.12	18.66	12.9	147.14	303.8	304.1	87.6
1259629629	-0.27	15.55	42.1	64.05	361.3	363.7	83.4
1261630630	-0.40	12.09	98.4	43.80	451.0	461.6	77.7
1263631631	-0.51	8.95	210.7	34.17	559.8	598.2	69.4
1265632632	-0.68	5.95	463.6	25.60	614.0	769.4	52.9
1267633633	-0.84	2.77	830.2	20.78	415.5	928.4	26.6
1269634634	-1.00	-0.15	865.1	17.31	-20.1	865.3	-1.3
1271635635	-1.12	-3.33	644.2	15.49	-289.0	706.0	-24.2
1273636636	-1.33	-6.17	438.3	13.07	-305.8	534.4	-34.9
1275637637	-1.51	-9.05	316.6	11.54	-285.3	426.2	-42.0
1277638638	-1.69	-11.85	242.8	10.34	-255.4	352.4	-46.4
1279639639	-1.87	-14.77	192.6	9.31	-226.0	297.0	-49.6
1281640640	-2.01	-17.54	159.1	8.67	-205.1	259.6	-52.2
1283641641	-2.22	-20.15	137.4	7.87	-183.1	228.9	-53.1
1285642642	-2.41	-23.09	118.3	7.25	-164.9	203.0	-54.4
1287643643	-2.59	-25.76	105.0	6.75	-150.6	183.6	-55.1
1289644644	-2.75	-28.51	93.8	6.36	-138.8	167.5	-56.0
1291645645	-2.91	-31.49	83.7	6.02	-128.1	153.0	-56.8
1293646646	-3.09	-34.37	76.2	5.68	-118.3	140.7	-57.2
1295647647	-3.27	-36.98	70.6	5.38	-110.3	130.9	-57.4
1297648648	-3.42	-39.67	65.4	5.14	-103.4	122.3	-57.7
1299649649	-3.58	-42.46	60.9	4.91	-96.8	114.4	-57.8
1301650650	-3.74	-45.37	56.7	4.71	-90.8	107.1	-58.0
1303651651	-3.85	-48.38	52.5	4.59	-85.8	100.6	-58.5
1305652652	-4.00	-50.83	50.1	4.42	-81.4	95.6	-58.4
1307653653	-4.09	-53.64	47.0	4.32	-77.4	90.5	-58.8
1309654654	-4.17	-56.53	44.1	4.24	-73.7	85.9	-59.1
1311655655	-4.26	-59.27	41.7	4.16	-70.2	81.7	-59.3
1313656656	-4.40	-62.09	39.9	4.03	-66.7	77.7	-59.1
1315657657	-4.46	-64.72	37.9	3.98	-63.9	74.3	-59.3
1317658658	-4.49	-67.32	36.0	3.96	-61.4	71.2	-59.7
1319659659	-4.52	-69.98	34.2	3.93	-59.0	68.2	-59.9
1321660660	-4.55	-72.43	32.7	3.90	-56.8	65.6	-60.1
1323661661	-4.55	-74.88	31.2	3.90	-54.9	63.1	-60.4
1325662662	-4.57	-77.31	29.9	3.89	-52.9	60.8	-60.6
1327663663	-4.58	-79.70	28.7	3.88	-51.1	58.6	-60.7
1329664664	-4.58	-81.83	27.6	3.88	-49.5	56.7	-60.8
1331665665	-4.56	-84.06	26.5	3.90	-47.9	54.8	-61.1
1333666666	-4.56	-86.13	25.6	3.90	-46.5	53.0	-61.2
1335667667	-4.52	-88.18	24.6	3.93	-45.2	51.4	-61.4
1337668668	-4.48	-90.10	23.7	3.96	-43.9	49.9	-61.7
1339669669	-4.46	-92.13	22.9	3.98	-42.6	48.4	-61.8
1341670670	-4.41	-93.93	22.1	4.02	-41.6	47.1	-62.0
1343671671	-4.41	-95.85	21.5	4.02	-40.3	45.7	-61.9
1345672672	-4.35	-97.60	20.7	4.07	-39.3	44.4	-62.2
1347673673	-4.31	-99.30	20.1	4.12	-38.3	43.3	-62.4
1349674674	-4.25	-100.77	19.4	4.17	-37.5	42.3	-62.6
1351675675	-4.21	-102.27	18.9	4.20	-36.7	41.3	-62.7
1353676676	-4.20	-103.85	18.5	4.22	-35.7	40.2	-62.6
1355677677	-4.10	-105.31	17.8	4.31	-35.0	39.3	-63.1
1357678678	-4.08	-106.88	17.4	4.34	-34.1	38.3	-63.0
1359679679	-4.04	-108.41	16.9	4.38	-33.3	37.3	-63.1
1361680680	-4.01	-109.58	16.5	4.41	-32.6	36.6	-63.1
1363681681	-3.96	-110.92	16.1	4.46	-31.9	35.8	-63.2
1365682682	-3.92	-112.21	15.7	4.51	-31.2	35.0	-63.3
1367683683	-3.85	-113.58	15.3	4.58	-30.5	34.2	-63.4
1369684684	-3.80	-114.83	14.9	4.64	-29.9	33.4	-63.5
1371685685	-3.75	-116.07	14.5	4.70	-29.3	32.7	-63.6
1373686686	-3.72	-117.11	14.2	4.74	-28.7	32.1	-63.6
1375687687	-3.67	-118.37	13.9	4.80	-28.1	31.3	-63.7
1377688688	-3.65	-119.58	13.7	4.83	-27.5	30.7	-63.6
1379689689	-3.54	-120.70	13.1	4.97	-27.0	30.0	-64.0
1381690690	-3.51	-121.66	12.9	5.01	-26.5	29.5	-64.0
1383691691	-3.47	-122.68	12.7	5.07	-26.0	28.9	-64.0
1385692692	-3.44	-124.02	12.4	5.12	-25.3	28.2	-63.9
1387693693	-3.38	-125.09	12.1	5.21	-24.8	27.6	-64.0
1389694694	-3.34	-125.98	11.9	5.26	-24.3	27.1	-64.0
1391695695	-3.28	-127.00	11.6	5.35	-23.9	26.5	-64.1
1393696696	-3.22	-127.99	11.3	5.45	-23.4	26.0	-64.3
1395697697	-3.16	-129.09	11.0	5.56	-22.9	25.4	-64.4
1397698698	-3.09	-129.91	10.7	5.68	-22.5	24.9	-64.6
1399699699	-3.04	-130.87	10.4	5.77	-22.0	24.4	-64.7
1401700700	-2.98	-131.77	10.1	5.89	-21.6	23.9	-64.9
1403701701	-2.91	-132.69	9.8	6.02	-21.2	23.4	-65.1
1405702702	-2.86	-133.49	9.6	6.13	-20.8	22.9	-65.2
1407703703	-2.82	-134.22	9.4	6.22	-20.5	22.5	-65.3
1409704704	-2.73	-135.19	9.1	6.41	-20.0	22.0	-65.6
1411705705	-2.67	-135.99	8.9	6.55	-19.7	21.6	-65.8
1413706706	-2.61	-136.73	8.6	6.71	-19.3	21.1	-66.0
1415707707	-2.55	-137.30	8.4	6.86	-19.1	20.8	-66.3
1417708708	-2.47	-138.03	8.1	7.08	-18.7	20.4	-66.7
1419709709	-2.39	-138.70	7.8	7.30	-18.4	20.0	-67.1
1421710710	-2.34	-139.42	7.6	7.48	-18.1	19.6	-67.3
1423711711	-2.26	-140.09	7.3	7.71	-17.8	19.3	-67.7
1425712712	-2.19	-140.74	7.1	7.96	-17.5	18.9	-68.0
1427713713	-2.13	-141.26	6.8	8.21	-17.3	18.6	-68.4
1429714714	-2.05	-141.80	6.6	8.51	-17.0	18.3	-68.9
1431715715	-1.98	-142.37	6.3	8.80	-16.8	17.9	-69.3
1433716716	-1.93	-142.82	6.1	9.06	-16.6	17.7	-69.7
1435717717	-1.88	-143.27	6.0	9.28	-16.4	17.4	-70.0
1437718718	-1.80	-143.79	5.7	9.67	-16.2	17.1	-70.5
1439719719	-1.75	-144.42	5.5	9.98	-15.9	16.8	-70.8
1441720720	-1.67	-144.75	5.3	10.40	-15.7	16.6	-71.4
1443721721	-1.59	-144.91	5.0	10.99	-15.7	16.4	-72.3
1445722722	-1.52	-145.31	4.8	11.45	-15.5	16.2	-72.8
1447723723	-1.48	-145.73	4.6	11.77	-15.3	16.0	-73.1
1449724724	-1.44	-146.09	4.5	12.12	-15.1	15.8	-73.4
1451725725	-1.38	-146.51	4.3	12.57	-14.9	15.6	-73.8
1453726726	-1.32	-146.84	4.1	13.19	-14.8	15.4	-74.4
1455727727	-1.26	-147.02	3.9	13.85	-14.7	15.2	-75.1
1457728728	-1.22	-147.29	3.8	14.25	-14.6	15.1	-75.4
1459729729	-1.18	-147.63	3.7	14.73	-14.4	14.9	-75.7
1461730730	-1.15	-148.01	3.6	15.11	-14.3	14.7	-75.9
1463731731	-1.09	-148.01	3.4	15.98	-14.3	14.7	-76.7
1465732732	-1.06	-148.34	3.3	16.43	-14.1	14.5	-76.9
1467733733	-1.00	-148.52	3.1	17.40	-14.0	14.4	-77.5
1469734734	-0.97	-148.76	3.0	17.92	-13.9	14.3	-77.8
1471735735	-0.95	-148.91	2.9	18.28	-13.9	14.2	-78.0
1473736736	-0.94	-149.11	2.9	18.57	-13.8	14.1	-78.1
1475737737	-0.92	-149.18	2.8	18.99	-13.7	14.0	-78.4
1477738738	-0.87	-149.51	2.7	19.95	-13.6	13.9	-78.8
1479739739	-0.83	-149.50	2.6	20.96	-13.6	13.8	-79.3
1481740740	-0.81	-149.77	2.5	21.42	-13.5	13.7	-79.5
1483741741	-0.80	-149.89	2.5	21.64	-13.4	13.6	-79.5
1485742742	-0.81	-150.15	2.5	21.52	-13.3	13.5	-79.4
1487743743	-0.77	-150.46	2.4	22.47	-13.2	13.4	-79.7
1489744744	-0.78	-150.55	2.4	22.19	-13.1	13.3	-79.6
1491745745	-0.78	-150.75	2.4	22.38	-13.0	13.2	-79.6
1493746746	-0.74	-151.02	2.3	23.37	-12.9	13.1	-80.0
1495747747	-0.75	-151.15	2.3	23.13	-12.8	13.0	-79.8
1497748748	-0.78	-151.41	2.4	22.41	-12.7	12.9	-79.4
1499749749	-0.75	-151.44	2.3	23.27	-12.7	12.9	-79.8
1501750750	-0.74	-151.63	2.3	23.64	-12.6	12.8	-79.9
1503751751	-0.72	-151.99	2.2	24.20	-12.4	12.6	-80.0
1505752752	-0.71	-152.25	2.2	24.44	-12.3	12.5	-80.0
1507753753	-0.73	-152.66	2.2	23.95	-12.1	12.3	-79.7
1509754754	-0.72	-152.96	2.2	24.12	-12.0	12.2	-79.6
1511755755	-0.72	-153.09	2.2	24.08	-11.9	12.1	-79.6
1513756756	-0.74	-153.34	2.3	23.43	-11.8	12.0	-79.2
1515757757	-0.75	-153.78	2.3	23.14	-11.6	11.8	-78.9
1517758758	-0.73	-154.02	2.2	23.68	-11.5	11.7	-79.1
1519759759	-0.72	-154.32	2.2	24.04	-11.4	11.6	-79.1
1521760760	-0.73	-154.69	2.2	23.80	-11.2	11.4	-78.9
1523761761	-0.73	-154.95	2.2	23.91	-11.1	11.3	-78.8
1525762762	-0.66	-155.98	2.0	26.46	-10.6	10.8	-79.5
1527763763	-0.61	-157.35	1.8	28.27	-10.0	10.2	-79.6
1529764764	-0.65	-156.25	2.0	26.56	-10.5	10.7	-79.4
1531765765	-0.70	-156.00	2.1	24.93	-10.6	10.8	-78.8
1533766766	-0.69	-156.44	2.1	25.12	-10.4	10.6	-78.7
1535767767	-0.68	-156.62	2.0	25.71	-10.3	10.5	-78.9
1537768768	-0.67	-157.17	2.0	25.95	-10.1	10.3	-78.8
1539769769	-0.65	-157.58	1.9	26.71	-9.9	10.1	-78.9
1541770770	-0.66	-158.14	2.0	26.47	-9.6	9.8	-78.5
1543771771	-0.64	-158.53	1.9	26.98	-9.5	9.7	-78.5
1545772772	-0.63	-158.72	1.9	27.44	-9.4	9.6	-78.6
1547773773	-0.60	-159.31	1.8	28.94	-9.1	9.3	-78.9
1549774774	-0.60	-159.62	1.8	29.04	-9.0	9.1	-78.8
1551775775	-0.62	-160.11	1.8	28.05	-8.8	8.9	-78.1
1553776776	-0.56	-160.54	1.6	31.30	-8.6	8.7	-79.1
1555777777	-0.55	-160.83	1.6	31.61	-8.4	8.6	-79.1
1557778778	-0.54	-161.37	1.6	32.26	-8.2	8.3	-79.0
1559779779	-0.49	-161.77	1.4	35.43	-8.0	8.1	-79.8
1561780780	-0.48	-162.03	1.4	36.36	-7.9	8.0	-79.9
1563781781	-0.46	-162.63	1.4	37.70	-7.6	7.8	-79.9
1565782782	-0.40	-163.19	1.2	43.87	-7.4	7.5	-81.0
1567783783	-0.38	-163.60	1.1	46.20	-7.2	7.3	-81.3
1569784784	-0.33	-163.85	1.0	53.35	-7.1	7.2	-82.3
1571785785	-0.31	-164.37	0.9	55.96	-6.9	6.9	-82.4
1573786786	-0.29	-164.80	0.8	60.38	-6.7	6.7	-82.8
1575787787	-0.23	-165.04	0.7	75.53	-6.6	6.6	-84.1
1577788788	-0.18	-165.31	0.5	95.53	-6.4	6.5	-85.3
1579789789	-0.14	-165.90	0.4	125.15	-6.2	6.2	-86.2
1581790790	-0.11	-166.34	0.3	154.09	-6.0	6.0	-86.9
1583791791	-0.04	-166.57	0.1	440.07	-5.9	5.9	-88.9
1585792792	0.00	-167.02	0.0	?	-5.7	5.7	-90.0
1587793793	0.00	-167.55	0.0	?	-5.5	5.5	-90.0
1589794794	0.00	-167.97	0.0	?	-5.3	5.3	-90.0
1591795795	0.00	-168.24	0.0	?	-5.2	5.2	-90.0
1593796796	0.00	-168.57	0.0	?	-5.0	5.0	-90.0
1595797797	0.00	-168.99	0.0	?	-4.8	4.8	-90.0
1597798798	0.00	-169.21	0.0	?	-4.7	4.7	-90.0
1599799799	0.00	-169.60	0.0	?	-4.6	4.6	-90.0
1601800800	0.00	-170.07	0.0	?	-4.3	4.3	-90.0
1603801801	0.00	-170.15	0.0	?	-4.3	4.3	-90.0
1605802802	0.00	-170.52	0.0	?	-4.1	4.1	-90.0
1607803803	0.00	-170.88	0.0	?	-4.0	4.0	-90.0
1609804804	0.00	-171.21	0.0	?	-3.8	3.8	-90.0
1611805805	0.00	-171.61	0.0	?	-3.7	3.7	-90.0
1613806806	0.00	-171.90	0.0	?	-3.5	3.5	-90.0
1615807807	0.00	-172.29	0.0	?	-3.4	3.4	-90.0
1617808808	0.00	-172.72	0.0	?	-3.2	3.2	-90.0
1619809809	0.00	-173.21	0.0	?	-3.0	3.0	-90.0
1621810810	0.00	-173.54	0.0	?	-2.8	2.8	-90.0
1623811811	0.00	-173.71	0.0	?	-2.7	2.7	-90.0
1625812812	0.00	-174.15	0.0	?	-2.6	2.6	-90.0
1627813813	0.00	-174.38	0.0	?	-2.5	2.5	-90.0
1629814814	0.00	-174.67	0.0	?	-2.3	2.3	-90.0
1631815815	0.00	-175.01	0.0	?	-2.2	2.2	-90.0
1633816816	0.00	-175.45	0.0	?	-2.0	2.0	-90.0
1635817817	0.00	-175.73	0.0	?	-1.9	1.9	-90.0
1637818818	0.00	-175.88	0.0	?	-1.8	1.8	-90.0
1639819819	0.00	-176.54	0.0	?	-1.5	1.5	-90.0
1641820820	0.00	-176.80	0.0	?	-1.4	1.4	-90.0
1643821821	0.00	-177.42	0.0	?	-1.1	1.1	-90.0
1645822822	0.00	-177.78	0.0	?	-1.0	1.0	-90.0
1647823823	0.00	-178.15	0.0	?	-0.8	0.8	-90.0
1649824824	0.00	-178.50	0.0	?	-0.7	0.7	-90.0
1651825825	0.00	-178.96	0.0	?	-0.5	0.5	-90.0
1653826826	0.00	-179.30	0.0	?	-0.3	0.3	-90.0
1655827827	0.00	-179.53	0.0	?	-0.2	0.2	-90.0
1657828828	0.00	-179.88	0.0	?	-0.1	0.1	-90.0
1659829829	0.00	179.51	0.0	?	0.2	0.2	90.0
1661830830	0.00	179.10	0.0	?	0.4	0.4	90.0
1663831831	0.00	178.95	0.0	?	0.5	0.5	90.0
1665832832	0.00	178.32	0.0	?	0.7	0.7	90.0
1667833833	0.00	177.85	0.0	?	0.9	0.9	90.0
1669834834	0.00	177.17	0.0	?	1.2	1.2	90.0
1671835835	0.00	176.45	0.0	?	1.5	1.5	90.0
1673836836	0.00	175.87	0.0	?	1.8	1.8	90.0
1675837837	0.00	175.36	0.0	?	2.0	2.0	90.0
1677838838	0.00	174.72	0.0	?	2.3	2.3	90.0
1679839839	0.00	174.20	0.0	?	2.5	2.5	90.0
1681840840	0.00	173.78	0.0	?	2.7	2.7	90.0
1683841841	0.00	172.99	0.0	?	3.1	3.1	90.0
1685842842	0.00	172.10	0.0	?	3.5	3.5	90.0
1687843843	0.00	171.42	0.0	?	3.8	3.8	90.0
1689844844	0.00	170.82	0.0	?	4.0	4.0	90.0
1691845845	0.00	170.05	0.0	?	4.4	4.4	90.0
1693846846	0.00	169.17	0.0	?	4.7	4.7	90.0
1695847847	0.00	168.64	0.0	?	5.0	5.0	90.0
1697848848	0.00	167.75	0.0	?	5.4	5.4	90.0
1699849849	0.00	167.25	0.0	?	5.6	5.6	90.0
1701850850	0.00	166.32	0.0	?	6.0	6.0	90.0
1703851851	0.00	165.85	0.0	?	6.2	6.2	90.0
1705852852	0.00	165.16	0.0	?	6.5	6.5	90.0
1707853853	0.00	164.54	0.0	?	6.8	6.8	90.0
1709854854	0.00	163.99	0.0	?	7.0	7.0	90.0
1711855855	0.00	163.49	0.0	?	7.3	7.3	90.0
1713856856	0.00	162.76	0.0	?	7.6	7.6	90.0
1715857857	0.00	162.03	0.0	?	7.9	7.9	90.0
1717858858	0.00	161.37	0.0	?	8.2	8.2	90.0
1719859859	0.00	160.85	0.0	?	8.4	8.4	90.0
1721860860	0.00	160.28	0.0	?	8.7	8.7	90.0
1723861861	0.00	159.80	0.0	?	8.9	8.9	90.0
1725862862	0.00	159.12	0.0	?	9.2	9.2	90.0
1727863863	0.00	158.49	0.0	?	9.5	9.5	90.0
1729864864	0.00	157.35	0.0	?	10.0	10.0	90.0
1731865865	0.00	156.81	0.0	?	10.3	10.3	90.0
1733866866	0.00	155.57	0.0	?	10.8	10.8	90.0
1735867867	0.00	154.40	0.0	?	11.4	11.4	90.0
1737868868	0.00	153.43	0.0	?	11.8	11.8	90.0
1739869869	0.00	152.16	0.0	?	12.4	12.4	90.0
1741870870	0.00	151.02	0.0	?	12.9	12.9	90.0
1743871871	0.00	149.76	0.0	?	13.5	13.5	90.0
1745872872	0.00	148.09	0.0	?	14.3	14.3	90.0
1747873873	0.00	146.59	0.0	?	15.0	15.0	90.0
1749874874	0.00	145.42	0.0	?	15.6	15.6	90.0
1751875875	0.00	143.55	0.0	?	16.5	16.5	90.0
1753876876	0.00	141.89	0.0	?	17.3	17.3	90.0
1755877877	0.00	140.56	0.0	?	17.9	17.9	90.0
1757878878	0.00	138.65	0.0	?	18.9	18.9	90.0
1759879879	0.00	137.04	0.0	?	19.7	19.7	90.0
1761880880	0.00	135.38	0.0	?	20.5	20.5	90.0
1763881881	0.00	134.16	0.0	?	21.1	21.1	90.0
1765882882	0.00	132.17	0.0	?	22.2	22.2	90.0
1767883883	0.00	130.36	0.0	?	23.1	23.1	90.0
1769884884	0.00	128.84	0.0	?	23.9	23.9	90.0
1771885885	0.00	126.83	0.0	?	25.0	25.0	90.0
1773886886	0.00	124.92	0.0	?	26.1	26.1	90.0
1775887887	0.00	123.23	0.0	?	27.0	27.0	90.0
1777888888	0.00	121.24	0.0	?	28.2	28.2	90.0
1779889889	0.00	119.51	0.0	?	29.2	29.2	90.0
1781890890	0.00	117.78	0.0	?	30.2	30.2	90.0
1783891891	0.00	116.56	0.0	?	30.9	30.9	90.0
1785892892	0.00	114.42	0.0	?	32.2	32.2	90.0
1787893893	0.00	112.46	0.0	?	33.4	33.4	90.0
1789894894	0.00	111.14	0.0	?	34.3	34.3	90.0
1791895895	0.00	108.76	0.0	?	35.8	35.8	90.0
1793896896	0.00	106.83	0.0	?	37.1	37.1	90.0
1795897897	0.00	105.24	0.0	?	38.2	38.2	90.0
1797898898	0.00	103.35	0.0	?	39.5	39.5	90.0
1799899899	0.00	101.92	0.0	?	40.5	40.5	90.0
1801900900	0.00	100.23	0.0	?	41.8	41.8	90.0
1803901901	0.00	97.92	0.0	?	43.5	43.5	90.0
1805902902	0.00	96.22	0.0	?	44.8	44.8	90.0
1807903903	0.00	94.07	0.0	?	46.6	46.6	90.0
1809904904	0.00	91.80	0.0	?	48.5	48.5	90.0
1811905905	0.00	89.86	0.0	?	50.1	50.1	90.0
1813906906	0.00	87.82	0.0	?	51.9	51.9	90.0
1815907907	0.00	86.29	0.0	?	53.4	53.4	90.0
1817908908	0.00	84.33	0.0	?	55.2	55.2	90.0
1819909909	0.00	82.08	0.0	?	57.4	57.4	90.0
1821910910	-0.04	79.88	0.3	403.69	59.7	59.7	89.7
1823911911	-0.25	78.15	1.8	69.97	61.5	61.6	88.3
1825912912	-0.48	76.02	3.6	36.54	63.8	63.9	86.8
1827913913	-0.77	73.57	6.2	22.45	66.5	66.8	84.7
1829914914	-0.96	71.59	8.0	18.13	68.7	69.2	83.3
1831915915	-1.24	69.33	10.9	14.01	71.2	72.0	81.3
1833916916	-1.51	67.28	13.9	11.57	73.3	74.6	79.3
1835917917	-1.77	64.86	17.2	9.86	76.0	77.9	77.2
1837918918	-2.05	62.85	20.8	8.52	77.8	80.6	75.0
1839919919	-2.21	60.31	24.0	7.89	80.8	84.3	73.5
1841920920	-2.51	57.85	28.7	6.97	83.0	87.8	70.9
1843921921	-2.71	55.58	32.8	6.45	85.2	91.3	68.9
1845922922	-2.98	53.19	38.1	5.88	86.9	94.9	66.4
1847923923	-3.22	50.62	43.6	5.46	88.8	99.0	63.9
1849924924	-3.50	47.70	50.6	5.03	90.3	103.5	60.8
1851925925	-3.72	45.32	56.6	4.74	91.1	107.3	58.1
1853926926	-3.93	42.78	63.2	4.50	91.8	111.4	55.4
1855927927	-4.10	40.02	70.5	4.31	92.5	116.2	52.7
1857928928	-4.31	37.12	78.7	4.12	92.0	121.0	49.4
1859929929	-4.52	33.97	88.0	3.93	90.4	126.2	45.8
1861930930	-4.68	31.82	94.5	3.80	88.1	129.2	43.0
1863931931	-4.89	29.26	102.2	3.64	84.1	132.3	39.5
1865932932	-5.01	26.07	111.7	3.56	80.6	137.8	35.8
1867933933	-5.11	23.30	120.0	3.50	76.2	142.1	32.4
1869934934	-5.24	20.98	126.2	3.42	70.6	144.6	29.2
1871935935	-5.40	17.98	133.3	3.32	62.1	147.1	25.0
1873936936	-5.56	14.98	139.2	3.23	52.6	148.8	20.7
1875937937	-5.61	12.34	144.7	3.20	44.7	151.5	17.2
1877938938	-5.73	8.91	149.0	3.14	32.6	152.5	12.3
1879939939	-5.79	6.73	151.1	3.11	24.7	153.1	9.3
1881940940	-5.90	3.92	151.3	3.05	14.1	151.9	5.3
1883941941	-5.97	1.11	151.2	3.03	3.9	151.2	1.5
1885942942	-6.10	-1.79	147.9	2.96	-6.1	148.0	-2.4
1887943943	-6.10	-4.78	146.3	2.96	-16.0	147.1	-6.2
1889944944	-6.19	-7.72	141.3	2.92	-24.5	143.4	-9.8
1891945945	-6.24	-9.99	137.4	2.90	-30.5	140.7	-12.5
1893946946	-6.38	-12.43	131.3	2.84	-35.2	135.9	-15.0
1895947947	-6.43	-15.54	125.2	2.82	-41.4	131.8	-18.3
1897948948	-6.49	-18.01	119.9	2.80	-45.3	128.1	-20.7
1899949949	-6.58	-20.26	114.6	2.76	-47.7	124.2	-22.6
1901950950	-6.68	-22.48	109.6	2.73	-49.4	120.2	-24.3
1903951951	-6.85	-24.79	104.0	2.66	-49.9	115.4	-25.6
1905952952	-7.01	-27.63	98.1	2.61	-50.7	110.4	-27.3
1907953953	-7.26	-28.65	95.1	2.53	-48.7	106.9	-27.1
1909954954	-7.40	-30.25	91.9	2.49	-48.3	103.8	-27.7
1911955955	-7.57	-31.45	89.4	2.44	-47.3	101.2	-27.9
1913956956	-7.65	-31.80	88.6	2.42	-46.7	100.2	-27.8
1915957957	-7.72	-32.31	87.7	2.40	-46.4	99.2	-27.9
1917958958	-7.68	-33.24	86.4	2.41	-47.2	98.5	-28.6
1919959959	-7.67	-32.56	87.5	2.41	-46.9	99.3	-28.2
1921960960	-7.62	-33.32	86.5	2.43	-47.8	98.9	-28.9
1923961961	-7.41	-33.05	87.6	2.48	-49.7	100.7	-29.6
1925962962	-7.21	-33.18	88.0	2.54	-51.8	102.1	-30.5
1927963963	-6.96	-33.68	87.8	2.63	-54.7	103.5	-31.9
1929964964	-6.86	-34.19	87.2	2.66	-56.0	103.7	-32.7
1931965965	-6.67	-35.60	85.2	2.73	-58.6	103.4	-34.5
1933966966	-6.49	-36.58	83.6	2.80	-60.9	103.5	-36.1
1935967967	-6.34	-37.53	82.0	2.86	-62.8	103.3	-37.4
1937968968	-6.11	-38.89	79.6	2.96	-65.5	103.0	-39.4
1939969969	-5.91	-39.79	77.7	3.05	-67.8	103.1	-41.1
1941970970	-5.73	-41.07	75.1	3.14	-69.6	102.4	-42.8
1943971971	-5.66	-42.25	72.8	3.18	-70.1	101.1	-43.9
1945972972	-5.55	-43.57	70.2	3.24	-70.8	99.7	-45.2
1947973973	-5.39	-44.25	68.5	3.33	-72.3	99.6	-46.6
1949974974	-5.24	-45.46	65.9	3.42	-73.3	98.6	-48.1
1951975975	-5.08	-46.67	63.1	3.52	-74.3	97.5	-49.6
1953976976	-4.98	-47.65	61.1	3.58	-74.6	96.4	-50.7
1955977977	-4.85	-48.80	58.7	3.67	-75.0	95.2	-52.0
1957978978	-4.75	-49.77	56.6	3.75	-75.3	94.2	-53.1
1959979979	-4.61	-51.49	53.3	3.86	-75.0	92.0	-54.6
1961980980	-4.51	-52.32	51.6	3.93	-75.1	91.1	-55.5
1963981981	-4.42	-53.00	50.0	4.02	-75.3	90.4	-56.4
1965982982	-4.29	-53.95	48.0	4.13	-75.4	89.4	-57.5
1967983983	-4.16	-54.89	45.9	4.25	-75.5	88.4	-58.7
1969984984	-4.11	-55.83	44.4	4.31	-74.9	87.1	-59.3
1971985985	-4.04	-56.34	43.4	4.38	-74.9	86.5	-59.9
1973986986	-3.91	-57.39	41.3	4.51	-74.6	85.3	-61.1
1975987987	-3.77	-58.33	39.2	4.68	-74.6	84.3	-62.3
1977988988	-3.68	-58.94	37.9	4.80	-74.5	83.6	-63.0
1979989989	-3.64	-59.68	36.9	4.84	-73.9	82.6	-63.4
1981990990	-3.63	-60.49	36.1	4.85	-73.0	81.4	-63.7
1983991991	-3.51	-61.40	34.4	5.01	-72.7	80.4	-64.7
1985992992	-3.42	-62.37	32.9	5.15	-72.1	79.2	-65.5
1987993993	-3.36	-62.64	32.1	5.24	-72.1	78.9	-66.0
1989994994	-3.31	-63.47	31.1	5.32	-71.4	77.9	-66.5
1991995995	-3.22	-63.93	30.1	5.45	-71.3	77.4	-67.1
1993996996	-3.16	-64.46	29.2	5.56	-71.0	76.7	-67.6
1995997997	-3.13	-65.16	28.5	5.61	-70.3	75.8	-67.9
1997998998	-3.08	-65.91	27.6	5.70	-69.7	74.9	-68.4
1999999999	-3.04	-66.39	27.0	5.78	-69.3	74.4	-68.7
