1000000	-0.74	88.12	4.4	23.41	51.5	51.7	85.1
3001001	0.00	82.72	0.0	?	56.8	56.8	90.0
5002002	0.00	77.23	0.0	?	62.6	62.6	90.0
7003003	0.00	73.19	0.0	?	67.3	67.3	90.0
9004004	0.00	69.68	0.0	?	71.8	71.8	90.0
11005005	0.00	67.67	0.0	?	74.6	74.6	90.0
13006006	0.00	65.43	0.0	?	77.8	77.8	90.0
15007007	-0.19	62.61	2.0	90.42	82.2	82.2	88.6
17008008	-0.26	60.87	3.0	65.74	85.0	85.1	88.0
19009009	-0.37	59.14	4.4	46.44	88.0	88.1	87.1
21010010	-0.44	57.50	5.4	39.72	90.9	91.0	86.6
23011011	-0.49	55.90	6.4	35.35	93.9	94.1	86.1
25012012	-0.55	54.37	7.6	31.36	96.9	97.2	85.5
27013013	-0.59	52.88	8.6	29.36	100.0	100.3	85.1
29014014	-0.63	51.47	9.6	27.40	103.0	103.4	84.7
31015015	-0.67	50.21	10.6	26.10	105.9	106.4	84.3
33016016	-0.69	49.00	11.5	25.08	108.7	109.3	84.0
35017017	-0.71	47.92	12.2	24.62	111.4	112.1	83.7
37018018	-0.70	46.79	12.7	24.85	114.4	115.1	83.7
39019019	-0.68	45.65	12.9	25.49	117.6	118.3	83.7
41020020	-0.68	44.51	13.5	25.51	120.9	121.6	83.6
43021021	-0.68	43.40	14.2	25.45	124.2	125.0	83.5
45022022	-0.70	42.42	15.2	24.89	127.3	128.2	83.2
47023023	-0.71	41.49	16.0	24.65	130.3	131.3	83.0
49024024	-0.72	40.59	17.0	24.19	133.3	134.4	82.7
51025025	-0.72	39.72	17.8	24.05	136.4	137.5	82.6
53026026	-0.74	38.87	19.0	23.47	139.4	140.7	82.3
55027027	-0.76	38.09	20.2	22.83	142.3	143.7	81.9
57028028	-0.78	37.31	21.4	22.41	145.3	146.8	81.6
59029029	-0.80	36.59	22.8	21.85	148.1	149.8	81.3
61030030	-0.82	35.90	24.4	21.14	150.8	152.8	80.8
63031031	-0.86	35.21	26.3	20.26	153.5	155.7	80.3
65032032	-0.90	34.52	28.6	19.35	156.2	158.8	79.6
67033033	-0.94	33.86	30.9	18.51	158.8	161.8	79.0
69034034	-0.98	33.15	33.5	17.70	161.6	165.1	78.3
71035035	-1.03	32.45	36.5	16.85	164.4	168.4	77.5
73036036	-1.09	31.75	40.0	15.91	167.0	171.7	76.5
75037037	-1.14	31.08	43.4	15.21	169.6	175.0	75.7
77038038	-1.22	30.33	47.9	14.32	172.2	178.7	74.5
79039039	-1.29	29.62	52.4	13.54	174.5	182.2	73.3
81040040	-1.36	28.90	57.5	12.80	176.6	185.7	72.0
83041041	-1.44	28.16	63.1	12.07	178.5	189.3	70.5
85042042	-1.53	27.49	68.9	11.38	179.7	192.4	69.0
87043043	-1.61	26.78	74.8	10.84	181.1	195.9	67.6
89044044	-1.67	25.98	80.9	10.43	183.2	200.2	66.2
91045045	-1.75	25.05	88.5	9.99	185.2	205.3	64.5
93046046	-1.83	24.10	96.9	9.54	186.7	210.3	62.6
95047047	-1.92	23.20	105.7	9.09	186.9	214.8	60.5
97048048	-2.01	22.35	114.5	8.68	186.3	218.7	58.4
99049049	-2.06	21.41	123.1	8.46	187.5	224.3	56.7
101050050	-2.13	20.30	134.3	8.18	187.7	230.8	54.4
103051051	-2.19	19.10	146.5	7.96	187.9	238.2	52.1
105052052	-2.26	17.79	160.7	7.73	186.6	246.2	49.3
107053053	-2.33	16.50	175.5	7.49	183.2	253.7	46.2
109054054	-2.42	15.15	191.2	7.21	176.7	260.3	42.7
111055055	-2.49	13.82	206.6	7.02	169.7	267.4	39.4
113056056	-2.56	12.45	222.2	6.83	160.1	273.9	35.8
115057057	-2.64	11.00	237.8	6.63	146.9	279.5	31.7
117058058	-2.70	9.47	253.3	6.48	132.0	285.6	27.5
119059059	-2.76	7.94	266.8	6.34	113.9	290.1	23.1
121060060	-2.83	6.30	278.4	6.20	92.1	293.2	18.3
123061061	-2.89	4.66	286.6	6.07	68.8	294.7	13.5
125062062	-2.95	2.94	290.8	5.95	43.1	293.9	8.4
127063063	-3.01	1.28	290.6	5.84	18.4	291.2	3.6
129064064	-3.05	-0.47	287.1	5.75	-6.5	287.2	-1.3
131065065	-3.08	-2.29	281.8	5.71	-31.1	283.5	-6.3
133066066	-3.11	-4.11	271.9	5.65	-53.3	277.1	-11.1
135067067	-3.13	-5.91	259.4	5.61	-72.5	269.3	-15.6
137068068	-3.13	-7.95	244.5	5.61	-91.8	261.2	-20.6
139069069	-3.13	-9.96	228.1	5.61	-107.1	252.0	-25.2
141070070	-3.13	-12.13	209.4	5.62	-119.6	241.2	-29.7
143071071	-3.11	-14.28	191.2	5.65	-129.1	230.7	-34.0
145072072	-3.10	-16.44	173.2	5.67	-134.7	219.4	-37.9
147073073	-3.08	-18.65	156.0	5.70	-137.7	208.1	-41.4
149074074	-3.06	-21.01	139.2	5.74	-139.0	196.7	-45.0
151075075	-3.02	-23.27	124.6	5.80	-138.5	186.3	-48.0
153076076	-2.99	-25.66	110.8	5.87	-136.7	176.0	-51.0
155077077	-2.95	-28.01	98.7	5.94	-133.9	166.3	-53.6
157078078	-2.92	-30.46	87.8	6.00	-129.9	156.8	-55.9
159079079	-2.90	-32.84	78.7	6.05	-125.5	148.1	-57.9
161080080	-2.87	-35.31	70.3	6.12	-121.0	139.9	-59.8
163081081	-2.84	-37.75	63.3	6.16	-116.2	132.3	-61.4
165082082	-2.81	-40.20	56.9	6.24	-111.7	125.4	-63.0
167083083	-2.79	-42.52	51.8	6.28	-107.3	119.2	-64.2
169084084	-2.75	-44.90	47.1	6.36	-103.1	113.3	-65.4
171085085	-2.69	-47.29	42.5	6.51	-99.3	108.0	-66.8
173086086	-2.64	-49.82	38.5	6.63	-95.2	102.6	-68.0
175087087	-2.58	-52.49	34.6	6.79	-91.1	97.4	-69.2
177088088	-2.53	-55.28	31.2	6.91	-86.9	92.3	-70.2
179089089	-2.49	-58.14	28.3	7.03	-82.7	87.4	-71.1
181090090	-2.45	-61.17	25.6	7.13	-78.5	82.6	-71.9
183091091	-2.41	-64.20	23.2	7.27	-74.6	78.1	-72.7
185092092	-2.38	-67.44	21.2	7.33	-70.6	73.7	-73.3
187093093	-2.36	-70.94	19.3	7.41	-66.5	69.3	-73.8
189094094	-2.32	-74.62	17.5	7.53	-62.6	65.0	-74.3
191095095	-2.27	-78.82	15.7	7.69	-58.4	60.4	-74.9
193096096	-2.28	-83.63	14.4	7.65	-53.8	55.7	-75.0
195097097	-2.34	-88.73	13.4	7.46	-49.3	51.1	-74.7
197098098	-2.43	-94.18	12.7	7.20	-44.8	46.6	-74.1
199099099	-2.50	-100.23	12.0	7.00	-40.4	42.1	-73.5
201100100	-2.61	-107.04	11.4	6.71	-35.7	37.5	-72.3
203101101	-2.75	-114.80	11.0	6.37	-30.9	32.8	-70.5
205102102	-2.96	-123.74	10.8	5.93	-25.8	27.9	-67.3
207103103	-3.23	-133.33	10.8	5.45	-20.7	23.4	-62.4
209104104	-3.57	-143.95	11.2	4.94	-15.5	19.1	-54.3
211105105	-3.95	-155.90	11.7	4.47	-10.1	15.4	-40.9
213106106	-4.46	-169.45	12.7	3.98	-4.3	13.4	-18.8
215107107	-5.08	175.48	14.2	3.51	1.8	14.4	7.2
217108108	-5.82	158.84	16.7	3.10	8.3	18.6	26.6
219109109	-6.43	140.70	19.6	2.82	15.4	24.9	38.0
221110110	-6.80	121.91	23.4	2.68	22.9	32.7	44.4
223111111	-6.84	103.58	27.9	2.67	31.1	41.8	48.1
225112112	-6.62	87.14	33.4	2.75	39.8	51.9	50.0
227113113	-6.13	73.28	39.4	2.95	49.3	63.1	51.4
229114114	-5.55	61.60	46.5	3.23	59.8	75.7	52.1
231115115	-4.96	51.44	55.4	3.60	71.9	90.7	52.4
233116116	-4.38	42.60	66.7	4.05	86.0	108.9	52.2
235117117	-3.87	34.94	81.9	4.56	101.9	130.7	51.2
237118118	-3.43	27.86	104.0	5.13	119.9	158.7	49.1
239119119	-3.08	21.42	136.5	5.71	137.9	194.1	45.3
241120120	-2.83	15.56	183.8	6.19	148.6	236.3	38.9
243121121	-2.63	10.18	248.0	6.65	142.4	286.0	29.9
245122122	-2.46	5.34	320.5	7.10	103.8	336.9	17.9
247123123	-2.35	0.79	371.6	7.45	18.8	372.0	2.9
249124124	-2.25	-3.48	368.1	7.76	-85.3	377.8	-13.0
251125125	-2.20	-7.53	312.8	7.92	-159.8	351.2	-27.1
253126126	-2.15	-11.27	249.7	8.12	-195.1	316.9	-38.0
255127127	-2.11	-14.89	194.0	8.27	-203.1	280.9	-46.3
257128128	-2.09	-18.15	154.1	8.36	-197.7	250.6	-52.1
259129129	-2.07	-21.17	125.3	8.42	-187.9	225.9	-56.3
261130130	-2.03	-24.27	101.7	8.61	-177.6	204.7	-60.2
263131131	-2.00	-27.13	84.9	8.73	-166.9	187.3	-63.0
265132132	-1.93	-29.96	70.6	9.06	-157.7	172.8	-65.9
267133133	-1.86	-32.91	58.9	9.35	-147.9	159.2	-68.3
269134134	-1.81	-35.85	49.6	9.64	-138.7	147.3	-70.3
271135135	-1.77	-38.57	42.9	9.85	-130.5	137.3	-71.8
273136136	-1.72	-41.30	37.1	10.14	-123.0	128.4	-73.2
275137137	-1.68	-44.01	32.6	10.34	-115.9	120.4	-74.3
277138138	-1.64	-46.52	28.8	10.62	-110.0	113.7	-75.3
279139139	-1.61	-49.03	25.7	10.85	-104.4	107.6	-76.2
281140140	-1.57	-51.39	23.2	11.07	-99.6	102.2	-76.9
283141141	-1.52	-53.87	20.7	11.45	-94.9	97.1	-77.7
285142142	-1.47	-56.08	18.7	11.82	-90.9	92.8	-78.4
287143143	-1.42	-58.24	16.9	12.22	-87.3	88.9	-79.0
289144144	-1.37	-60.45	15.2	12.74	-83.8	85.1	-79.7
291145145	-1.31	-62.55	13.8	13.27	-80.6	81.8	-80.3
293146146	-1.26	-64.62	12.5	13.82	-77.6	78.6	-80.9
295147147	-1.21	-66.71	11.4	14.40	-74.8	75.6	-81.4
297148148	-1.16	-68.77	10.4	14.95	-72.0	72.8	-81.8
299149149	-1.12	-70.69	9.5	15.56	-69.6	70.3	-82.2
301150150	-1.08	-72.61	8.8	16.15	-67.3	67.9	-82.6
303151151	-1.03	-74.42	8.1	16.81	-65.2	65.7	-82.9
305152152	-1.01	-76.29	7.5	17.30	-63.1	63.6	-83.2
307153153	-0.98	-78.19	7.0	17.77	-61.0	61.5	-83.4
309154154	-0.95	-79.97	6.6	18.24	-59.2	59.6	-83.6
311155155	-0.95	-81.78	6.4	18.21	-57.3	57.7	-83.6
313156156	-0.95	-83.53	6.1	18.30	-55.6	55.9	-83.7
315157157	-0.98	-85.18	6.1	17.82	-54.0	54.4	-83.6
317158158	-1.01	-86.61	6.1	17.30	-52.7	53.0	-83.4
319159159	-1.02	-87.82	6.1	17.08	-51.6	51.9	-83.3
321160160	-0.99	-88.97	5.8	17.64	-50.6	50.9	-83.5
323161161	-0.94	-90.30	5.3	18.54	-49.5	49.7	-83.8
325162162	-0.89	-91.74	4.9	19.61	-48.3	48.5	-84.2
327163163	-0.86	-93.26	4.7	20.17	-47.0	47.2	-84.3
329164164	-0.83	-94.81	4.4	20.84	-45.8	46.0	-84.5
331165165	-0.81	-96.39	4.2	21.39	-44.5	44.7	-84.6
333166166	-0.80	-98.02	4.0	21.74	-43.3	43.5	-84.7
335167167	-0.80	-99.65	3.9	21.74	-42.1	42.2	-84.7
337168168	-0.81	-101.15	3.9	21.50	-41.0	41.1	-84.6
339169169	-0.82	-102.74	3.9	21.15	-39.8	40.0	-84.5
341170170	-0.84	-104.35	3.8	20.80	-38.7	38.9	-84.3
343171171	-0.85	-105.98	3.8	20.50	-37.5	37.7	-84.2
345172172	-0.86	-107.50	3.8	20.17	-36.5	36.7	-84.0
347173173	-0.87	-109.01	3.8	19.89	-35.5	35.7	-83.9
349174174	-0.89	-110.56	3.8	19.58	-34.5	34.7	-83.8
351175175	-0.90	-112.17	3.7	19.36	-33.5	33.7	-83.6
353176176	-0.91	-113.76	3.7	19.00	-32.5	32.7	-83.4
355177177	-0.94	-115.26	3.8	18.54	-31.6	31.8	-83.2
357178178	-0.95	-116.77	3.8	18.26	-30.7	30.9	-83.0
359179179	-0.96	-118.32	3.8	18.04	-29.7	30.0	-82.8
361180180	-0.98	-119.94	3.8	17.68	-28.8	29.0	-82.5
363181181	-0.99	-121.49	3.7	17.51	-27.9	28.1	-82.3
365182182	-1.01	-123.04	3.8	17.22	-27.0	27.3	-82.1
367183183	-1.02	-124.66	3.7	17.00	-26.1	26.4	-81.8
369184184	-1.03	-126.23	3.7	16.92	-25.2	25.5	-81.6
371185185	-1.04	-127.70	3.7	16.79	-24.4	24.7	-81.4
373186186	-1.04	-129.23	3.7	16.73	-23.6	23.9	-81.2
375187187	-1.04	-130.76	3.6	16.76	-22.8	23.1	-81.0
377188188	-1.04	-132.23	3.6	16.73	-22.0	22.3	-80.8
379189189	-1.05	-133.68	3.6	16.62	-21.3	21.6	-80.5
381190190	-1.04	-135.19	3.5	16.75	-20.5	20.8	-80.3
383191191	-1.04	-136.63	3.5	16.69	-19.8	20.1	-80.1
385192192	-1.03	-138.05	3.4	16.91	-19.1	19.4	-79.9
387193193	-1.02	-139.50	3.3	16.99	-18.4	18.7	-79.7
389194194	-1.02	-140.85	3.3	17.04	-17.7	18.0	-79.4
391195195	-1.01	-142.22	3.2	17.20	-17.0	17.3	-79.2
393196196	-1.01	-143.55	3.2	17.25	-16.4	16.7	-78.9
395197197	-0.99	-144.85	3.1	17.52	-15.8	16.1	-78.8
397198198	-0.98	-146.16	3.1	17.66	-15.2	15.5	-78.5
399199199	-0.97	-147.38	3.0	17.90	-14.6	14.9	-78.3
401200200	-0.97	-148.61	3.0	18.01	-14.0	14.3	-77.9
403201201	-0.95	-149.83	2.9	18.21	-13.4	13.8	-77.6
405202202	-0.96	-151.04	2.9	18.20	-12.9	13.2	-77.2
407203203	-0.95	-152.21	2.9	18.38	-12.3	12.7	-76.8
409204204	-0.93	-153.40	2.8	18.60	-11.8	12.1	-76.5
411205205	-0.93	-154.44	2.8	18.67	-11.3	11.7	-76.0
413206206	-0.93	-155.51	2.8	18.75	-10.8	11.2	-75.5
415207207	-0.93	-156.61	2.8	18.74	-10.3	10.7	-74.9
417208208	-0.93	-157.65	2.8	18.68	-9.8	10.2	-74.2
419209209	-0.93	-158.67	2.8	18.68	-9.4	9.8	-73.6
421210210	-0.94	-159.71	2.8	18.57	-8.9	9.3	-72.7
423211211	-0.94	-160.69	2.8	18.49	-8.5	8.9	-71.8
425212212	-0.95	-161.64	2.8	18.36	-8.1	8.5	-70.9
427213213	-0.97	-162.61	2.8	18.00	-7.6	8.1	-69.5
429214214	-0.98	-163.65	2.9	17.82	-7.2	7.7	-68.2
431215215	-1.00	-164.57	2.9	17.44	-6.8	7.4	-66.6
433216216	-1.01	-165.51	2.9	17.27	-6.3	7.0	-65.1
435217217	-1.03	-166.44	3.0	16.84	-5.9	6.6	-63.1
437218218	-1.05	-167.34	3.1	16.55	-5.5	6.3	-61.0
439219219	-1.07	-168.23	3.1	16.21	-5.1	6.0	-58.7
441220220	-1.10	-169.21	3.2	15.88	-4.7	5.7	-56.0
443221221	-1.13	-170.11	3.3	15.45	-4.3	5.4	-52.9
445222222	-1.15	-170.98	3.3	15.17	-3.9	5.1	-49.8
447223223	-1.17	-171.92	3.4	14.82	-3.5	4.9	-46.0
449224224	-1.21	-172.84	3.5	14.40	-3.1	4.7	-41.8
451225225	-1.24	-173.83	3.6	14.02	-2.7	4.5	-36.9
453226226	-1.27	-174.75	3.6	13.76	-2.3	4.3	-32.0
455227227	-1.30	-175.66	3.7	13.39	-1.9	4.2	-26.7
457228228	-1.33	-176.62	3.8	13.08	-1.5	4.1	-21.0
459229229	-1.36	-177.62	3.9	12.77	-1.0	4.1	-14.7
461230230	-1.39	-178.59	4.0	12.54	-0.6	4.0	-8.7
463231231	-1.43	-179.60	4.1	12.17	-0.2	4.1	-2.4
465232232	-1.45	179.42	4.2	12.04	0.3	4.2	3.5
467233233	-1.47	178.48	4.2	11.82	0.7	4.3	8.8
469234234	-1.51	177.42	4.3	11.54	1.1	4.5	14.5
471235235	-1.54	176.36	4.4	11.33	1.6	4.7	19.6
473236236	-1.57	175.33	4.5	11.12	2.0	4.9	24.2
475237237	-1.58	174.26	4.6	11.00	2.5	5.2	28.6
477238238	-1.60	173.20	4.6	10.89	2.9	5.5	32.6
479239239	-1.62	172.25	4.7	10.75	3.4	5.8	35.7
481240240	-1.64	171.11	4.7	10.65	3.9	6.1	39.2
483241241	-1.65	170.06	4.8	10.56	4.3	6.4	42.1
485242242	-1.66	168.97	4.8	10.47	4.8	6.8	44.8
487243243	-1.68	167.91	4.9	10.40	5.2	7.1	47.2
489244244	-1.69	166.85	4.9	10.34	5.7	7.5	49.4
491245245	-1.69	165.76	4.9	10.29	6.2	7.9	51.4
493246246	-1.70	164.70	5.0	10.23	6.7	8.3	53.2
495247247	-1.71	163.66	5.0	10.22	7.1	8.7	54.9
497248248	-1.71	162.62	5.0	10.19	7.6	9.1	56.4
499249249	-1.70	161.51	5.0	10.25	8.1	9.5	58.1
501250250	-1.70	160.41	5.0	10.27	8.5	9.9	59.6
503251251	-1.69	159.33	5.0	10.30	9.0	10.3	61.0
505252252	-1.70	158.26	5.0	10.28	9.5	10.8	62.1
507253253	-1.69	157.10	5.0	10.33	10.0	11.2	63.3
509254254	-1.68	156.14	5.0	10.36	10.5	11.6	64.3
511255255	-1.69	155.07	5.1	10.34	10.9	12.1	65.1
513256256	-1.67	153.92	5.1	10.42	11.5	12.5	66.2
515257257	-1.66	152.86	5.0	10.48	12.0	13.0	67.1
517258258	-1.65	151.83	5.0	10.55	12.4	13.4	67.9
519259259	-1.64	150.77	5.0	10.63	12.9	13.9	68.7
521260260	-1.64	149.65	5.0	10.65	13.4	14.3	69.4
523261261	-1.64	148.61	5.1	10.65	13.9	14.8	70.0
525262262	-1.63	147.49	5.1	10.68	14.4	15.3	70.6
527263263	-1.62	146.43	5.1	10.76	14.9	15.8	71.3
529264264	-1.62	145.33	5.1	10.72	15.5	16.3	71.7
531265265	-1.62	144.21	5.1	10.76	16.0	16.8	72.2
533266266	-1.62	142.99	5.2	10.76	16.6	17.4	72.7
535267267	-1.61	141.91	5.2	10.81	17.1	17.9	73.2
537268268	-1.61	140.82	5.2	10.84	17.6	18.4	73.6
539269269	-1.61	139.71	5.2	10.83	18.2	18.9	73.9
541270270	-1.60	138.54	5.2	10.89	18.7	19.5	74.4
543271271	-1.61	137.38	5.3	10.82	19.3	20.0	74.6
545272272	-1.63	136.18	5.4	10.68	19.9	20.6	74.7
547273273	-1.63	134.97	5.5	10.71	20.5	21.2	75.1
549274274	-1.64	133.69	5.6	10.64	21.2	21.9	75.3
551275275	-1.66	132.52	5.7	10.50	21.8	22.5	75.4
553276276	-1.66	131.18	5.7	10.47	22.4	23.2	75.6
555277277	-1.68	129.94	5.9	10.38	23.1	23.8	75.8
557278278	-1.71	128.64	6.0	10.18	23.8	24.5	75.7
559279279	-1.72	127.38	6.1	10.15	24.4	25.2	75.9
561280280	-1.74	126.03	6.3	10.03	25.1	25.9	76.0
563281281	-1.77	124.60	6.5	9.86	25.9	26.7	76.0
565282282	-1.80	123.26	6.6	9.71	26.6	27.4	76.0
567283283	-1.82	121.94	6.8	9.59	27.4	28.2	76.0
569284284	-1.86	120.58	7.1	9.36	28.1	29.0	75.9
571285285	-1.88	119.12	7.2	9.26	28.9	29.8	75.9
573286286	-1.92	117.60	7.5	9.10	29.8	30.7	75.9
575287287	-1.96	116.15	7.8	8.90	30.6	31.6	75.8
577288288	-2.00	114.78	8.0	8.71	31.4	32.4	75.6
579289289	-2.05	113.28	8.4	8.50	32.3	33.3	75.4
581290290	-2.09	111.66	8.7	8.34	33.2	34.4	75.3
583291291	-2.14	110.25	9.1	8.14	34.1	35.3	75.1
585292292	-2.19	108.70	9.4	7.97	35.0	36.3	74.9
587293293	-2.24	107.22	9.8	7.78	35.9	37.2	74.7
589294294	-2.30	105.61	10.3	7.59	36.9	38.3	74.4
591295295	-2.35	103.99	10.7	7.43	37.9	39.4	74.2
593296296	-2.42	102.53	11.2	7.22	38.9	40.5	73.9
595297297	-2.50	101.09	11.8	7.01	39.8	41.5	73.5
597298298	-2.55	99.65	12.3	6.87	40.7	42.5	73.2
599299299	-2.62	98.19	12.9	6.69	41.6	43.6	72.8
601300300	-2.70	96.82	13.5	6.48	42.5	44.6	72.3
603301301	-2.78	95.42	14.2	6.31	43.4	45.7	71.9
605302302	-2.86	94.17	14.9	6.14	44.2	46.7	71.4
607303303	-2.93	93.01	15.5	5.98	45.0	47.6	71.0
609304304	-3.03	91.86	16.3	5.80	45.7	48.5	70.4
611305305	-3.12	90.89	17.0	5.62	46.3	49.3	69.8
613306306	-3.19	90.02	17.6	5.50	46.8	50.0	69.4
615307307	-3.26	89.34	18.2	5.38	47.2	50.5	69.0
617308308	-3.31	88.69	18.6	5.30	47.6	51.1	68.6
619309309	-3.36	88.21	19.0	5.24	47.9	51.5	68.4
621310310	-3.37	87.75	19.2	5.22	48.2	51.9	68.3
623311311	-3.37	87.37	19.3	5.22	48.5	52.2	68.3
625312312	-3.36	86.82	19.4	5.24	48.9	52.6	68.3
627313313	-3.30	86.37	19.3	5.32	49.4	53.0	68.7
629314314	-3.26	85.74	19.3	5.38	50.0	53.6	68.9
631315315	-3.20	85.13	19.1	5.49	50.6	54.1	69.3
633316316	-3.12	84.57	18.9	5.62	51.3	54.7	69.7
635317317	-3.05	83.91	18.7	5.75	52.0	55.3	70.2
637318318	-2.96	83.19	18.5	5.93	52.8	56.0	70.7
639319319	-2.84	82.32	18.1	6.17	53.8	56.8	71.4
641320320	-2.75	81.28	17.9	6.38	55.0	57.8	72.0
643321321	-2.64	80.36	17.6	6.62	56.1	58.8	72.6
645322322	-2.55	79.24	17.4	6.85	57.3	59.9	73.1
647323323	-2.47	78.05	17.3	7.07	58.7	61.2	73.6
649324324	-2.39	76.85	17.2	7.30	60.1	62.5	74.0
651325325	-2.31	75.72	17.1	7.55	61.4	63.7	74.5
653326326	-2.27	74.51	17.2	7.70	62.8	65.1	74.7
655327327	-2.18	73.25	17.1	8.00	64.4	66.6	75.2
657328328	-2.16	71.93	17.4	8.10	66.0	68.2	75.2
659329329	-2.12	70.66	17.6	8.25	67.5	69.8	75.4
661330330	-2.07	69.01	18.0	8.43	69.6	71.9	75.5
663331331	-2.02	67.61	18.2	8.62	71.5	73.8	75.7
665332332	-2.00	66.15	18.7	8.72	73.5	75.8	75.7
667333333	-2.01	64.92	19.3	8.69	75.1	77.6	75.6
669334334	-2.01	63.51	20.1	8.70	77.1	79.6	75.4
671335335	-1.98	61.94	20.7	8.80	79.4	82.1	75.4
673336336	-1.97	60.53	21.4	8.86	81.5	84.3	75.3
675337337	-1.98	59.20	22.4	8.79	83.5	86.5	75.0
677338338	-2.00	57.72	23.5	8.74	85.8	89.0	74.7
679339339	-2.02	56.29	24.8	8.65	88.1	91.5	74.3
681340340	-2.03	54.82	26.2	8.58	90.5	94.2	73.9
683341341	-2.06	53.34	27.7	8.48	93.0	97.1	73.4
685342342	-2.07	51.56	29.6	8.42	96.2	100.7	72.9
687343343	-2.11	49.89	31.8	8.27	99.2	104.2	72.2
689344344	-2.16	48.32	34.4	8.07	102.0	107.6	71.4
691345345	-2.18	46.52	37.0	7.99	105.6	111.9	70.7
693346346	-2.23	44.69	40.4	7.82	109.1	116.3	69.7
695347347	-2.30	42.82	44.4	7.60	112.6	121.0	68.5
697348348	-2.34	40.83	48.8	7.46	116.8	126.5	67.3
699349349	-2.40	38.84	53.9	7.29	120.8	132.3	66.0
701350350	-2.47	36.90	59.8	7.07	124.5	138.1	64.3
703351351	-2.54	34.86	66.6	6.90	128.5	144.7	62.6
705352352	-2.60	32.80	74.2	6.73	132.4	151.8	60.7
707353353	-2.67	30.72	83.2	6.55	135.8	159.2	58.5
709354354	-2.75	28.58	93.3	6.38	138.9	167.3	56.1
711355355	-2.81	26.36	105.0	6.23	141.5	176.2	53.4
713356356	-2.90	24.18	118.1	6.05	142.3	184.9	50.3
715357357	-2.97	22.13	131.3	5.91	142.1	193.5	47.3
717358358	-3.05	20.07	145.7	5.75	139.4	201.6	43.8
719359359	-3.12	18.19	159.3	5.62	135.3	209.0	40.4
721360360	-3.20	16.08	174.9	5.50	128.7	217.2	36.4
723361361	-3.24	14.07	190.2	5.43	121.3	225.6	32.5
725362362	-3.29	12.15	204.2	5.34	110.8	232.3	28.5
727363363	-3.32	10.14	218.8	5.30	98.5	239.9	24.2
729364364	-3.33	8.04	233.0	5.27	82.9	247.3	19.6
731365365	-3.36	6.08	243.7	5.24	65.1	252.2	15.0
733366366	-3.38	4.07	252.0	5.21	44.9	256.0	10.1
735367367	-3.38	2.09	257.9	5.20	23.6	259.0	5.2
737368368	-3.39	-0.00	259.4	5.19	-0.0	259.4	-0.0
739369369	-3.38	-2.07	257.9	5.20	-23.4	259.0	-5.2
741370370	-3.37	-4.20	251.9	5.22	-46.4	256.1	-10.4
743371371	-3.37	-6.26	242.0	5.22	-66.4	251.0	-15.3
745372372	-3.37	-8.40	228.9	5.22	-84.2	243.9	-20.2
747373373	-3.37	-10.47	214.0	5.21	-97.6	235.2	-24.5
749374374	-3.37	-12.62	198.1	5.22	-108.8	226.0	-28.8
751375375	-3.37	-14.66	182.9	5.22	-116.4	216.8	-32.5
753376376	-3.37	-16.80	167.3	5.22	-121.6	206.8	-36.0
755377377	-3.36	-18.89	152.9	5.23	-124.8	197.4	-39.2
757378378	-3.36	-20.89	140.1	5.24	-126.1	188.5	-42.0
759379379	-3.38	-23.16	126.9	5.20	-124.9	178.0	-44.5
761380380	-3.37	-25.24	115.9	5.21	-124.0	169.7	-46.9
763381381	-3.38	-27.31	106.1	5.20	-121.8	161.5	-49.0
765382382	-3.39	-29.49	96.8	5.19	-119.2	153.5	-50.9
767383383	-3.41	-31.54	89.2	5.16	-115.9	146.2	-52.4
769384384	-3.45	-33.71	82.2	5.10	-111.9	138.8	-53.7
771385385	-3.48	-36.02	75.5	5.06	-107.9	131.7	-55.0
773386386	-3.52	-38.18	70.1	5.00	-104.0	125.4	-56.0
775387387	-3.59	-40.41	65.4	4.91	-99.6	119.2	-56.7
777388388	-3.65	-42.57	61.2	4.83	-95.8	113.7	-57.4
779389389	-3.74	-44.80	57.7	4.72	-91.7	108.3	-57.8
781390390	-3.84	-47.04	54.6	4.60	-87.6	103.2	-58.1
783391391	-3.93	-49.07	52.1	4.49	-84.1	99.0	-58.2
785392392	-4.05	-51.19	49.9	4.37	-80.5	94.7	-58.2
787393393	-4.17	-52.98	48.4	4.25	-77.5	91.3	-58.0
789394394	-4.30	-54.76	47.0	4.13	-74.5	88.1	-57.8
791395395	-4.42	-56.49	45.8	4.01	-71.8	85.2	-57.5
793396396	-4.53	-57.97	44.8	3.92	-69.6	82.8	-57.2
795397397	-4.62	-59.13	44.1	3.85	-67.9	81.0	-57.0
797398398	-4.64	-60.11	43.2	3.83	-66.9	79.7	-57.1
799399399	-4.59	-60.99	42.0	3.87	-66.5	78.7	-57.7
801400400	-4.47	-62.03	40.3	3.97	-66.3	77.6	-58.7
803401401	-4.30	-63.55	37.9	4.13	-65.9	76.0	-60.1
805402402	-4.08	-65.52	34.9	4.34	-65.2	73.9	-61.9
807403403	-3.87	-68.28	31.5	4.56	-63.6	70.9	-63.6
809404404	-3.72	-71.34	28.5	4.74	-61.3	67.6	-65.0
811405405	-3.61	-74.72	25.9	4.88	-58.5	64.0	-66.1
813406406	-3.53	-78.23	23.7	4.99	-55.6	60.5	-66.9
815407407	-3.51	-81.61	22.1	5.02	-52.8	57.3	-67.3
817408408	-3.48	-85.02	20.7	5.06	-50.1	54.2	-67.6
819409409	-3.48	-88.16	19.6	5.06	-47.6	51.5	-67.6
821410410	-3.50	-91.27	18.7	5.03	-45.3	49.0	-67.5
823411411	-3.50	-94.38	17.8	5.03	-43.0	46.6	-67.5
825412412	-3.50	-97.38	17.1	5.03	-41.0	44.4	-67.3
827413413	-3.51	-100.10	16.5	5.02	-39.1	42.5	-67.1
829414414	-3.51	-102.89	15.9	5.01	-37.3	40.6	-66.9
831415415	-3.52	-105.55	15.4	5.00	-35.6	38.8	-66.6
833416416	-3.53	-108.10	15.0	4.99	-34.1	37.2	-66.3
835417417	-3.54	-110.62	14.6	4.98	-32.6	35.7	-65.9
837418418	-3.56	-113.11	14.3	4.95	-31.1	34.2	-65.4
839419419	-3.57	-115.50	13.9	4.94	-29.8	32.9	-64.9
841420420	-3.56	-117.85	13.6	4.94	-28.5	31.6	-64.5
843421421	-3.56	-120.18	13.3	4.95	-27.2	30.3	-64.0
845422422	-3.58	-122.35	13.1	4.92	-26.1	29.2	-63.4
847423423	-3.61	-124.47	12.9	4.89	-24.9	28.1	-62.6
849424424	-3.62	-126.56	12.7	4.87	-23.9	27.0	-61.9
851425425	-3.63	-128.78	12.6	4.85	-22.7	26.0	-61.1
853426426	-3.64	-130.81	12.4	4.84	-21.7	25.0	-60.3
855427427	-3.66	-132.82	12.3	4.82	-20.7	24.1	-59.4
857428428	-3.69	-134.80	12.2	4.78	-19.8	23.2	-58.3
859429429	-3.72	-136.82	12.1	4.74	-18.8	22.3	-57.2
861430430	-3.74	-138.75	12.0	4.72	-17.9	21.5	-56.0
863431431	-3.77	-140.80	12.0	4.68	-16.9	20.7	-54.7
865432432	-3.77	-142.72	11.8	4.68	-16.0	19.9	-53.5
867433433	-3.82	-144.61	11.9	4.62	-15.1	19.2	-51.9
869434434	-3.85	-146.54	11.8	4.59	-14.3	18.5	-50.3
871435435	-3.87	-148.43	11.8	4.56	-13.4	17.9	-48.6
873436436	-3.89	-150.28	11.7	4.54	-12.6	17.2	-47.0
875437437	-3.91	-152.27	11.7	4.51	-11.7	16.6	-45.0
877438438	-3.94	-154.22	11.7	4.48	-10.8	16.0	-42.8
879439439	-3.95	-156.09	11.7	4.47	-10.0	15.4	-40.7
881440440	-3.98	-157.92	11.7	4.45	-9.2	14.9	-38.4
883441441	-3.99	-159.68	11.6	4.43	-8.5	14.4	-36.1
885442442	-3.99	-161.51	11.6	4.43	-7.7	13.9	-33.7
887443443	-3.99	-163.32	11.5	4.44	-7.0	13.4	-31.1
889444444	-3.98	-165.05	11.4	4.44	-6.2	13.0	-28.5
891445445	-3.97	-166.78	11.4	4.45	-5.5	12.6	-25.8
893446446	-3.96	-168.59	11.3	4.47	-4.7	12.3	-22.8
895447447	-3.94	-170.33	11.2	4.49	-4.0	11.9	-19.7
897448448	-3.92	-172.14	11.1	4.51	-3.3	11.6	-16.3
899449449	-3.91	-173.82	11.1	4.52	-2.6	11.4	-13.0
901450450	-3.86	-175.44	10.9	4.57	-1.9	11.1	-9.8
903451451	-3.84	-177.10	10.9	4.59	-1.2	11.0	-6.3
905452452	-3.80	-178.78	10.8	4.64	-0.5	10.8	-2.7
907453453	-3.76	179.64	10.7	4.69	0.1	10.7	0.8
909454454	-3.72	178.15	10.6	4.74	0.8	10.6	4.2
911455455	-3.67	176.56	10.4	4.80	1.4	10.5	7.8
913456456	-3.54	175.02	10.1	4.97	2.1	10.3	11.7
915457457	-3.56	173.55	10.1	4.95	2.7	10.5	14.9
917458458	-3.51	172.05	10.0	5.02	3.3	10.5	18.5
919459459	-3.45	170.61	9.9	5.10	3.9	10.6	21.8
921460460	-3.40	169.11	9.7	5.18	4.6	10.8	25.2
923461461	-3.33	167.63	9.6	5.28	5.2	10.9	28.6
925462462	-3.29	166.24	9.5	5.35	5.8	11.1	31.6
927463463	-3.22	164.86	9.3	5.46	6.4	11.3	34.6
929464464	-3.17	163.47	9.2	5.53	7.0	11.6	37.3
931465465	-3.12	162.00	9.1	5.63	7.7	11.9	40.1
933466466	-3.09	160.64	9.0	5.68	8.3	12.2	42.4
935467467	-3.04	159.36	8.9	5.78	8.8	12.6	44.7
937468468	-2.96	157.99	8.7	5.92	9.4	12.9	47.2
939469469	-2.92	156.71	8.7	6.01	10.0	13.2	49.1
941470470	-2.87	155.36	8.6	6.11	10.6	13.6	51.1
943471471	-2.82	153.98	8.5	6.21	11.2	14.1	53.0
945472472	-2.77	152.60	8.4	6.33	11.9	14.5	54.8
947473473	-2.72	151.26	8.3	6.43	12.5	15.0	56.5
949474474	-2.68	149.77	8.2	6.52	13.2	15.5	58.1
951475475	-2.63	148.42	8.1	6.65	13.8	16.0	59.5
953476476	-2.58	146.95	8.0	6.78	14.5	16.6	61.0
955477477	-2.56	145.56	8.0	6.85	15.1	17.1	62.2
957478478	-2.52	144.12	8.0	6.93	15.8	17.7	63.3
959479479	-2.49	142.58	7.9	7.03	16.6	18.3	64.5
961480480	-2.46	141.07	7.9	7.11	17.3	19.0	65.5
963481481	-2.42	139.62	7.8	7.21	18.0	19.6	66.4
965482482	-2.40	138.11	7.9	7.27	18.7	20.3	67.2
967483483	-2.38	136.38	7.9	7.35	19.6	21.1	68.1
969484484	-2.33	134.79	7.8	7.51	20.4	21.8	69.1
971485485	-2.30	133.05	7.8	7.58	21.3	22.7	69.8
973486486	-2.26	131.36	7.8	7.72	22.1	23.5	70.7
975487487	-2.24	129.57	7.8	7.82	23.1	24.4	71.3
977488488	-2.22	127.73	7.9	7.86	24.0	25.3	71.9
979489489	-2.19	125.75	7.9	7.97	25.1	26.3	72.6
981490490	-2.16	123.79	7.9	8.09	26.2	27.4	73.2
983491491	-2.16	121.99	8.1	8.08	27.2	28.3	73.5
985492492	-2.14	120.11	8.1	8.16	28.2	29.4	73.9
987493493	-2.09	117.97	8.1	8.33	29.5	30.6	74.6
989494494	-2.10	115.85	8.3	8.30	30.7	31.8	74.8
991495495	-2.10	113.65	8.5	8.30	32.0	33.1	75.1
993496496	-2.07	111.48	8.6	8.44	33.4	34.5	75.5
995497497	-2.09	109.24	8.9	8.36	34.7	35.9	75.6
997498498	-2.08	107.00	9.1	8.41	36.2	37.3	75.8
999499499	-2.09	104.74	9.5	8.34	37.7	38.8	75.9
1001500500	-2.07	102.32	9.7	8.43	39.3	40.5	76.2
1003501501	-2.10	99.85	10.2	8.31	41.0	42.3	76.1
1005502502	-2.14	97.64	10.7	8.15	42.6	43.9	75.9
1007503503	-2.17	95.36	11.2	8.03	44.3	45.7	75.7
1009504504	-2.20	92.82	11.8	7.95	46.2	47.7	75.6
1011505505	-2.24	90.31	12.6	7.78	48.1	49.7	75.4
1013506506	-2.29	87.74	13.4	7.63	50.2	51.9	75.1
1015507507	-2.38	85.27	14.5	7.36	52.2	54.1	74.5
1017508508	-2.45	82.78	15.7	7.12	54.2	56.5	73.9
1019509509	-2.57	80.27	17.2	6.81	56.3	58.9	73.1
1021510510	-2.73	77.80	19.0	6.42	58.3	61.3	71.9
1023511511	-2.85	75.21	20.9	6.15	60.5	64.0	70.9
1025512512	-3.03	72.89	23.2	5.79	62.3	66.5	69.6
1027513513	-3.22	70.12	26.0	5.45	64.5	69.5	68.0
1029514514	-3.41	67.47	29.0	5.16	66.5	72.5	66.5
1031515515	-3.65	64.94	32.5	4.83	68.0	75.4	64.5
1033516516	-3.94	62.38	36.6	4.49	69.1	78.2	62.1
1035517517	-4.24	59.89	40.9	4.18	69.8	80.9	59.6
1037518518	-4.54	57.43	45.4	3.92	70.1	83.5	57.0
1039519519	-4.87	54.69	50.6	3.66	69.9	86.3	54.1
1041520520	-5.25	52.12	55.9	3.41	68.7	88.6	50.9
1043521521	-5.63	49.36	61.3	3.19	67.0	90.9	47.6
1045522522	-3.48	116.76	13.4	5.05	29.1	32.1	65.2
1047523523	-3.19	94.72	16.3	5.51	43.3	46.3	69.4
1049524524	-7.35	38.49	79.6	2.50	52.1	95.1	33.2
1051525525	-8.64	30.75	86.1	2.17	37.7	94.0	23.7
1053526526	-9.13	27.52	87.4	2.07	32.1	93.1	20.2
1055527527	-9.67	24.13	87.7	1.98	26.4	91.6	16.7
1057528528	-10.22	20.39	87.5	1.89	20.8	89.9	13.4
1059529529	-10.79	16.62	86.5	1.81	15.6	87.9	10.2
1061530530	-11.42	12.78	84.6	1.73	10.8	85.3	7.3
1063531531	-12.07	7.93	82.5	1.66	6.0	82.7	4.2
1065532532	-12.71	2.86	80.1	1.60	2.0	80.1	1.4
1067533533	-13.47	-2.59	76.9	1.54	-1.5	76.9	-1.1
1069534534	-14.25	-9.16	73.5	1.48	-4.7	73.7	-3.7
1071535535	-15.08	-16.80	69.8	1.43	-7.3	70.2	-6.0
1073536536	-15.73	-24.78	66.7	1.39	-9.4	67.3	-8.0
1075537537	-16.42	-34.68	63.1	1.36	-11.1	64.1	-10.0
1077538538	-16.92	-45.29	59.8	1.33	-12.4	61.0	-11.7
1079539539	-17.06	-56.45	56.7	1.33	-13.5	58.3	-13.4
1081540540	-17.16	-69.12	53.3	1.32	-14.1	55.1	-14.8
1083541541	-16.84	-80.87	50.2	1.34	-14.6	52.3	-16.2
1085542542	-16.38	-91.65	47.3	1.36	-14.7	49.6	-17.2
1087543543	-15.72	-101.42	44.6	1.39	-14.7	46.9	-18.3
1089544544	-15.08	-109.14	42.2	1.43	-14.5	44.7	-19.0
1091545545	-14.34	-116.18	39.9	1.47	-14.3	42.4	-19.7
1093546546	-13.67	-121.63	38.0	1.52	-14.0	40.5	-20.3
1095547547	-12.93	-127.13	35.9	1.58	-13.6	38.3	-20.8
1097548548	-12.21	-131.53	33.9	1.65	-13.3	36.4	-21.3
1099549549	-11.57	-135.73	32.1	1.72	-12.7	34.6	-21.6
1101550550	-10.95	-139.44	30.4	1.79	-12.2	32.8	-21.9
1103551551	-10.40	-142.74	28.9	1.87	-11.6	31.2	-21.9
1105552552	-9.86	-146.15	27.4	1.95	-10.9	29.5	-21.8
1107553553	-9.38	-149.14	26.0	2.03	-10.3	28.0	-21.5
1109554554	-8.95	-151.86	24.8	2.11	-9.6	26.6	-21.1
1111555555	-8.48	-154.62	23.5	2.21	-8.9	25.2	-20.6
1113556556	-8.04	-157.17	22.3	2.31	-8.1	23.8	-20.0
1115557557	-7.70	-159.56	21.4	2.40	-7.4	22.6	-19.1
1117558558	-7.38	-161.74	20.5	2.49	-6.7	21.6	-18.2
1119559559	-7.03	-164.16	19.5	2.60	-5.9	20.4	-16.9
1121560560	-6.71	-166.36	18.6	2.72	-5.2	19.3	-15.5
1123561561	-6.39	-168.53	17.8	2.84	-4.4	18.3	-13.9
1125562562	-6.09	-170.81	16.9	2.97	-3.6	17.3	-11.9
1127563563	-5.80	-172.94	16.2	3.10	-2.8	16.4	-9.7
1129564564	-5.52	-175.16	15.4	3.25	-1.9	15.5	-7.1
1131565565	-5.25	-177.41	14.7	3.41	-1.0	14.7	-4.0
1133566566	-4.99	-179.37	14.0	3.58	-0.3	14.0	-1.0
1135567567	-4.72	178.51	13.3	3.77	0.6	13.3	2.6
1137568568	-4.47	176.35	12.6	3.98	1.5	12.7	6.8
1139569569	-4.25	174.39	12.0	4.17	2.3	12.2	10.9
1141570570	-4.02	172.47	11.4	4.40	3.1	11.8	15.3
1143571571	-3.80	170.34	10.8	4.65	4.0	11.6	20.4
1145572572	-3.55	168.41	10.2	4.96	4.9	11.3	25.5
1147573573	-3.31	166.36	9.5	5.31	5.8	11.1	31.1
1149574574	-3.11	164.36	9.0	5.65	6.6	11.2	36.4
1151575575	-2.91	162.56	8.5	6.03	7.5	11.3	41.3
1153576576	-2.69	160.77	7.9	6.50	8.3	11.4	46.3
1155577577	-2.50	158.85	7.4	7.01	9.1	11.7	51.1
1157578578	-2.29	157.02	6.8	7.64	10.0	12.1	55.7
1159579579	-2.11	155.23	6.3	8.29	10.8	12.5	59.7
1161580580	-1.92	153.26	5.8	9.07	11.7	13.1	63.6
1163581581	-1.74	151.53	5.3	9.99	12.5	13.6	67.0
1165582582	-1.57	149.41	4.8	11.08	13.6	14.4	70.3
1167583583	-1.41	147.71	4.4	12.38	14.4	15.0	73.1
1169584584	-1.26	145.88	4.0	13.84	15.3	15.8	75.5
1171585585	-1.11	144.02	3.5	15.60	16.2	16.5	77.6
1173586586	-0.98	142.08	3.2	17.73	17.1	17.4	79.6
1175587587	-0.84	140.15	2.7	20.69	18.1	18.3	81.4
1177588588	-0.71	138.26	2.4	24.35	19.0	19.2	83.0
1179589589	-0.60	136.35	2.0	28.96	20.0	20.1	84.3
1181590590	-0.46	134.50	1.6	37.45	20.9	21.0	85.7
1183591591	-0.34	132.68	1.2	51.43	21.9	21.9	87.0
1185592592	-0.24	130.54	0.8	72.02	23.0	23.0	87.9
1187593593	-0.15	128.61	0.5	119.78	24.1	24.1	88.8
1189594594	-0.05	126.80	0.2	379.84	25.0	25.0	89.6
1191595595	0.00	124.62	0.0	?	26.2	26.2	90.0
1193596596	0.00	122.51	0.0	?	27.4	27.4	90.0
1195597597	0.00	120.32	0.0	?	28.7	28.7	90.0
1197598598	0.00	118.28	0.0	?	29.9	29.9	90.0
1199599599	0.00	115.91	0.0	?	31.3	31.3	90.0
1201600600	0.00	113.25	0.0	?	32.9	32.9	90.0
1203601601	0.00	110.86	0.0	?	34.5	34.5	90.0
1205602602	0.00	108.38	0.0	?	36.1	36.1	90.0
1207603603	0.00	105.61	0.0	?	37.9	37.9	90.0
1209604604	0.00	102.64	0.0	?	40.0	40.0	90.0
1211605605	0.00	99.61	0.0	?	42.2	42.2	90.0
1213606606	0.00	96.49	0.0	?	44.6	44.6	90.0
1215607607	0.00	93.49	0.0	?	47.0	47.0	90.0
1217608608	0.00	90.46	0.0	?	49.6	49.6	90.0
1219609609	0.00	87.09	0.0	?	52.6	52.6	90.0
1221610610	0.00	83.79	0.0	?	55.7	55.7	90.0
1223611611	0.00	80.37	0.0	?	59.2	59.2	90.0
1225612612	0.00	76.79	0.0	?	63.1	63.1	90.0
1227613613	0.00	73.35	0.0	?	67.1	67.1	90.0
1229614614	0.00	69.60	0.0	?	71.9	71.9	90.0
1231615615	0.00	65.98	0.0	?	77.0	77.0	90.0
1233616616	0.00	62.49	0.0	?	82.4	82.4	90.0
1235617617	0.00	58.78	0.0	?	88.8	88.8	90.0
1237618618	0.00	55.06	0.0	?	95.9	95.9	90.0
1239619619	0.00	51.17	0.0	?	104.4	104.4	90.0
1241620620	0.00	47.66	0.0	?	113.2	113.2	90.0
1243621621	0.00	43.84	0.0	?	124.3	124.3	90.0
1245622622	0.00	40.19	0.0	?	136.7	136.7	90.0
1247623623	0.00	36.49	0.0	?	151.7	151.7	90.0
1249624624	0.00	32.75	0.0	?	170.2	170.2	90.0
1251625625	0.00	29.35	0.0	?	190.9	190.9	90.0
1253626626	0.00	25.89	0.0	?	217.5	217.5	90.0
1255627627	0.00	22.58	0.0	?	250.5	250.5	90.0
1257628628	-0.07	19.35	7.0	251.15	293.2	293.3	88.6
1259629629	-0.19	15.77	29.4	89.96	358.7	359.9	85.3
1261630630	-0.34	12.45	79.5	51.80	444.1	451.2	79.8
1263631631	-0.49	9.34	190.9	35.22	545.4	577.9	70.7
1265632632	-0.61	6.41	404.2	28.38	639.0	756.1	57.7
1267633633	-0.80	3.30	782.1	21.79	489.6	922.7	32.0
1269634634	-0.96	0.27	906.1	18.16	38.9	907.0	2.5
1271635635	-1.08	-2.76	698.6	16.06	-269.3	748.7	-21.1
1273636636	-1.29	-5.66	467.7	13.45	-308.4	560.2	-33.4
1275637637	-1.47	-8.58	332.6	11.81	-291.1	442.0	-41.2
1277638638	-1.64	-11.52	249.8	10.64	-263.1	362.8	-46.5
1279639639	-1.82	-14.17	201.1	9.60	-233.7	308.3	-49.3
1281640640	-1.98	-16.87	166.3	8.82	-210.1	268.0	-51.6
1283641641	-2.16	-19.67	140.6	8.07	-188.0	234.7	-53.2
1285642642	-2.36	-22.44	121.8	7.42	-169.3	208.6	-54.3
1287643643	-2.58	-25.25	107.7	6.78	-152.4	186.6	-54.8
1289644644	-2.72	-28.04	95.4	6.43	-140.8	170.1	-55.9
1291645645	-2.88	-30.69	86.4	6.08	-130.5	156.5	-56.5
1293646646	-3.08	-33.75	77.9	5.71	-119.8	142.9	-57.0
1295647647	-3.27	-36.28	72.6	5.37	-111.4	132.9	-56.9
1297648648	-3.43	-38.96	67.2	5.13	-104.3	124.1	-57.2
1299649649	-3.58	-41.67	62.5	4.92	-98.0	116.2	-57.4
1301650650	-3.75	-44.75	57.9	4.70	-91.6	108.3	-57.7
1303651651	-3.89	-47.56	54.2	4.54	-86.4	102.0	-57.9
1305652652	-4.00	-50.29	50.8	4.42	-82.0	96.5	-58.2
1307653653	-4.10	-53.13	47.7	4.31	-77.9	91.3	-58.5
1309654654	-4.21	-55.90	45.1	4.20	-74.0	86.7	-58.6
1311655655	-4.32	-58.62	42.8	4.10	-70.5	82.5	-58.8
1313656656	-4.43	-61.50	40.6	4.01	-67.0	78.4	-58.8
1315657657	-4.49	-64.02	38.7	3.95	-64.3	75.1	-59.0
1317658658	-4.52	-66.60	36.7	3.93	-61.9	72.0	-59.3
1319659659	-4.57	-69.40	34.9	3.89	-59.2	68.7	-59.5
1321660660	-4.61	-71.81	33.4	3.85	-57.1	66.1	-59.6
1323661661	-4.63	-74.37	31.9	3.84	-55.0	63.5	-59.9
1325662662	-4.62	-76.88	30.4	3.85	-53.0	61.1	-60.2
1327663663	-4.64	-79.16	29.2	3.83	-51.2	59.0	-60.3
1329664664	-4.64	-81.13	28.2	3.83	-49.8	57.2	-60.5
1331665665	-4.62	-83.78	26.9	3.84	-47.9	55.0	-60.7
1333666666	-4.62	-85.83	26.0	3.85	-46.5	53.3	-60.8
1335667667	-4.60	-87.94	25.0	3.87	-45.1	51.6	-61.0
1337668668	-4.56	-89.90	24.1	3.89	-43.9	50.1	-61.2
1339669669	-4.53	-91.89	23.3	3.92	-42.6	48.6	-61.4
1341670670	-4.52	-93.71	22.6	3.93	-41.5	47.2	-61.4
1343671671	-4.48	-95.74	21.8	3.96	-40.2	45.8	-61.5
1345672672	-4.44	-97.53	21.1	4.00	-39.2	44.5	-61.7
1347673673	-4.37	-99.17	20.4	4.06	-38.3	43.4	-62.0
1349674674	-4.30	-100.71	19.7	4.12	-37.5	42.3	-62.3
1351675675	-4.27	-102.33	19.1	4.15	-36.5	41.2	-62.3
1353676676	-4.26	-103.73	18.7	4.16	-35.7	40.3	-62.3
1355677677	-4.18	-105.38	18.1	4.23	-34.9	39.3	-62.6
1357678678	-4.13	-106.76	17.6	4.28	-34.1	38.4	-62.7
1359679679	-4.10	-108.33	17.1	4.32	-33.2	37.4	-62.7
1361680680	-4.06	-109.71	16.7	4.35	-32.5	36.5	-62.7
1363681681	-4.03	-110.93	16.4	4.39	-31.8	35.8	-62.8
1365682682	-3.96	-112.27	15.9	4.47	-31.2	35.0	-63.0
1367683683	-3.90	-113.75	15.4	4.53	-30.4	34.1	-63.1
1369684684	-3.85	-114.90	15.0	4.59	-29.8	33.4	-63.2
1371685685	-3.82	-116.26	14.7	4.62	-29.1	32.6	-63.1
1373686686	-3.74	-117.19	14.3	4.72	-28.7	32.0	-63.5
1375687687	-3.71	-118.58	14.0	4.75	-27.9	31.3	-63.3
1377688688	-3.66	-119.66	13.7	4.82	-27.4	30.6	-63.5
1379689689	-3.60	-120.93	13.3	4.89	-26.8	29.9	-63.6
1381690690	-3.54	-121.92	13.0	4.97	-26.3	29.3	-63.7
1383691691	-3.50	-122.96	12.7	5.03	-25.8	28.8	-63.7
1385692692	-3.45	-124.23	12.4	5.11	-25.2	28.1	-63.8
1387693693	-3.39	-125.20	12.1	5.19	-24.7	27.5	-63.9
1389694694	-3.37	-126.32	11.9	5.22	-24.1	26.9	-63.7
1391695695	-3.31	-127.23	11.6	5.30	-23.7	26.4	-63.8
1393696696	-3.23	-128.26	11.3	5.44	-23.2	25.8	-64.2
1395697697	-3.17	-129.31	11.0	5.54	-22.7	25.3	-64.2
1397698698	-3.10	-130.23	10.7	5.66	-22.3	24.7	-64.5
1399699699	-3.04	-131.05	10.4	5.77	-21.9	24.3	-64.6
1401700700	-2.97	-131.99	10.1	5.90	-21.5	23.8	-64.8
1403701701	-2.91	-132.78	9.8	6.02	-21.1	23.3	-65.0
1405702702	-2.85	-133.71	9.6	6.14	-20.7	22.8	-65.2
1407703703	-2.79	-134.46	9.3	6.28	-20.4	22.4	-65.4
1409704704	-2.72	-135.29	9.1	6.43	-20.0	21.9	-65.6
1411705705	-2.67	-136.14	8.8	6.55	-19.6	21.5	-65.7
1413706706	-2.60	-136.87	8.6	6.73	-19.3	21.1	-66.0
1415707707	-2.54	-137.52	8.3	6.90	-19.0	20.7	-66.3
1417708708	-2.47	-138.10	8.1	7.09	-18.7	20.4	-66.7
1419709709	-2.39	-138.82	7.8	7.32	-18.4	20.0	-67.1
1421710710	-2.33	-139.64	7.5	7.50	-18.0	19.5	-67.3
1423711711	-2.26	-140.21	7.3	7.72	-17.8	19.2	-67.6
1425712712	-2.18	-140.70	7.0	8.01	-17.5	18.9	-68.2
1427713713	-2.11	-141.31	6.8	8.28	-17.3	18.5	-68.6
1429714714	-2.02	-141.92	6.5	8.62	-17.0	18.2	-69.1
1431715715	-1.95	-142.34	6.2	8.93	-16.8	17.9	-69.6
1433716716	-1.92	-142.86	6.1	9.09	-16.6	17.7	-69.8
1435717717	-1.85	-143.32	5.9	9.45	-16.4	17.4	-70.3
1437718718	-1.80	-143.72	5.7	9.68	-16.2	17.2	-70.6
1439719719	-1.72	-144.37	5.4	10.13	-15.9	16.8	-71.1
1441720720	-1.64	-144.65	5.2	10.62	-15.8	16.6	-71.8
1443721721	-1.55	-144.96	4.9	11.23	-15.6	16.4	-72.6
1445722722	-1.49	-145.29	4.7	11.71	-15.5	16.2	-73.2
1447723723	-1.43	-145.71	4.5	12.20	-15.3	16.0	-73.7
1449724724	-1.40	-146.13	4.4	12.40	-15.1	15.7	-73.8
1451725725	-1.35	-146.40	4.2	12.88	-15.0	15.6	-74.2
1453726726	-1.29	-146.75	4.0	13.48	-14.8	15.4	-74.8
1455727727	-1.23	-146.85	3.9	14.12	-14.8	15.3	-75.4
1457728728	-1.20	-147.14	3.7	14.56	-14.7	15.1	-75.7
1459729729	-1.16	-147.40	3.6	15.05	-14.6	15.0	-76.1
1461730730	-1.12	-147.75	3.5	15.53	-14.4	14.8	-76.4
1463731731	-1.06	-147.89	3.3	16.39	-14.3	14.7	-77.0
1465732732	-1.03	-148.13	3.2	16.89	-14.2	14.6	-77.3
1467733733	-0.97	-148.38	3.0	17.90	-14.1	14.4	-77.9
1469734734	-0.95	-148.53	3.0	18.27	-14.0	14.4	-78.1
1471735735	-0.93	-148.72	2.9	18.65	-14.0	14.3	-78.3
1473736736	-0.91	-148.89	2.8	19.12	-13.9	14.2	-78.5
1475737737	-0.89	-149.04	2.8	19.56	-13.8	14.1	-78.7
1477738738	-0.85	-149.18	2.6	20.53	-13.7	14.0	-79.2
1479739739	-0.82	-149.31	2.5	21.14	-13.7	13.9	-79.5
1481740740	-0.79	-149.43	2.4	22.07	-13.6	13.8	-79.9
1483741741	-0.77	-149.71	2.4	22.56	-13.5	13.7	-80.0
1485742742	-0.79	-149.92	2.4	21.94	-13.4	13.6	-79.7
1487743743	-0.76	-150.13	2.4	22.76	-13.3	13.5	-80.0
1489744744	-0.76	-150.17	2.3	22.93	-13.3	13.5	-80.0
1491745745	-0.77	-150.36	2.4	22.60	-13.2	13.4	-79.8
1493746746	-0.75	-150.75	2.3	23.19	-13.0	13.2	-80.0
1495747747	-0.73	-150.78	2.2	23.76	-13.0	13.2	-80.2
1497748748	-0.76	-151.02	2.3	22.78	-12.9	13.1	-79.7
1499749749	-0.73	-151.20	2.3	23.67	-12.8	13.0	-80.0
1501750750	-0.72	-151.34	2.2	24.21	-12.7	12.9	-80.2
1503751751	-0.72	-151.73	2.2	24.15	-12.6	12.8	-80.1
1505752752	-0.73	-151.99	2.2	23.96	-12.4	12.6	-79.9
1507753753	-0.73	-152.39	2.2	23.81	-12.3	12.5	-79.7
1509754754	-0.72	-152.72	2.2	24.06	-12.1	12.3	-79.7
1511755755	-0.74	-152.75	2.3	23.44	-12.1	12.3	-79.4
1513756756	-0.77	-153.08	2.3	22.66	-11.9	12.2	-78.9
1515757757	-0.77	-153.44	2.4	22.45	-11.8	12.0	-78.7
1517758758	-0.75	-153.60	2.3	23.30	-11.7	11.9	-79.1
1519759759	-0.74	-153.88	2.2	23.44	-11.6	11.8	-79.0
1521760760	-0.76	-154.35	2.3	22.73	-11.4	11.6	-78.5
1523761761	-0.74	-154.67	2.2	23.36	-11.2	11.4	-78.7
1525762762	-0.68	-155.72	2.0	25.73	-10.7	10.9	-79.3
1527763763	-0.65	-157.13	1.9	26.89	-10.1	10.3	-79.2
1529764764	-0.70	-155.90	2.1	24.78	-10.7	10.9	-78.8
1531765765	-0.74	-155.70	2.2	23.62	-10.7	11.0	-78.4
1533766766	-0.75	-156.10	2.3	23.06	-10.6	10.8	-77.9
1535767767	-0.74	-156.40	2.2	23.59	-10.4	10.7	-78.0
1537768768	-0.72	-156.88	2.1	24.27	-10.2	10.4	-78.1
1539769769	-0.71	-157.34	2.1	24.37	-10.0	10.2	-78.0
1541770770	-0.73	-157.88	2.2	23.83	-9.8	10.0	-77.4
1543771771	-0.74	-158.21	2.2	23.54	-9.6	9.9	-77.1
1545772772	-0.73	-158.38	2.2	23.88	-9.5	9.8	-77.2
1547773773	-0.69	-158.97	2.1	25.02	-9.3	9.5	-77.4
1549774774	-0.69	-159.30	2.0	25.29	-9.1	9.3	-77.4
1551775775	-0.70	-159.64	2.1	24.69	-9.0	9.2	-76.9
1553776776	-0.69	-160.09	2.0	25.20	-8.8	9.0	-76.9
1555777777	-0.67	-160.59	2.0	26.06	-8.5	8.8	-77.0
1557778778	-0.65	-160.99	1.9	26.67	-8.4	8.6	-77.0
1559779779	-0.62	-161.34	1.8	28.06	-8.2	8.4	-77.4
1561780780	-0.62	-161.60	1.8	27.83	-8.1	8.3	-77.2
1563781781	-0.60	-162.20	1.8	28.92	-7.8	8.0	-77.2
1565782782	-0.52	-162.59	1.5	33.54	-7.6	7.8	-78.7
1567783783	-0.50	-162.99	1.5	34.85	-7.5	7.6	-78.9
1569784784	-0.47	-163.36	1.4	36.82	-7.3	7.4	-79.2
1571785785	-0.43	-163.70	1.3	40.65	-7.2	7.3	-80.0
1573786786	-0.41	-164.06	1.2	42.71	-7.0	7.1	-80.3
1575787787	-0.35	-164.31	1.0	50.18	-6.9	7.0	-81.6
1577788788	-0.29	-164.68	0.9	59.37	-6.7	6.8	-82.7
1579789789	-0.25	-165.06	0.7	69.03	-6.6	6.6	-83.6
1581790790	-0.23	-165.60	0.7	74.17	-6.3	6.4	-83.8
1583791791	-0.15	-165.75	0.4	115.63	-6.2	6.3	-86.0
1585792792	-0.08	-166.22	0.2	204.70	-6.0	6.0	-87.7
1587793793	-0.04	-166.84	0.1	450.02	-5.8	5.8	-88.9
1589794794	0.00	-167.07	0.0	?	-5.7	5.7	-90.0
1591795795	0.00	-167.56	0.0	?	-5.4	5.4	-90.0
1593796796	0.00	-167.81	0.0	?	-5.3	5.3	-90.0
1595797797	0.00	-168.17	0.0	?	-5.2	5.2	-90.0
1597798798	0.00	-168.48	0.0	?	-5.0	5.0	-90.0
1599799799	0.00	-168.88	0.0	?	-4.9	4.9	-90.0
1601800800	0.00	-169.42	0.0	?	-4.6	4.6	-90.0
1603801801	0.00	-169.63	0.0	?	-4.5	4.5	-90.0
1605802802	0.00	-169.98	0.0	?	-4.4	4.4	-90.0
1607803803	0.00	-170.42	0.0	?	-4.2	4.2	-90.0
1609804804	0.00	-170.82	0.0	?	-4.0	4.0	-90.0
1611805805	0.00	-171.33	0.0	?	-3.8	3.8	-90.0
1613806806	0.00	-171.57	0.0	?	-3.7	3.7	-90.0
1615807807	0.00	-171.95	0.0	?	-3.5	3.5	-90.0
1617808808	0.00	-172.34	0.0	?	-3.3	3.3	-90.0
1619809809	0.00	-172.91	0.0	?	-3.1	3.1	-90.0
1621810810	0.00	-173.41	0.0	?	-2.9	2.9	-90.0
1623811811	0.00	-173.55	0.0	?	-2.8	2.8	-90.0
1625812812	0.00	-173.86	0.0	?	-2.7	2.7	-90.0
1627813813	0.00	-174.34	0.0	?	-2.5	2.5	-90.0
1629814814	0.00	-174.67	0.0	?	-2.3	2.3	-90.0
1631815815	0.00	-175.06	0.0	?	-2.2	2.2	-90.0
1633816816	0.00	-175.52	0.0	?	-2.0	2.0	-90.0
1635817817	0.00	-175.90	0.0	?	-1.8	1.8	-90.0
1637818818	0.00	-176.38	0.0	?	-1.6	1.6	-90.0
1639819819	0.00	-176.75	0.0	?	-1.4	1.4	-90.0
1641820820	0.00	-177.29	0.0	?	-1.2	1.2	-90.0
1643821821	0.00	-177.83	0.0	?	-0.9	0.9	-90.0
1645822822	0.00	-178.07	0.0	?	-0.8	0.8	-90.0
1647823823	0.00	-178.50	0.0	?	-0.7	0.7	-90.0
1649824824	0.00	-178.99	0.0	?	-0.4	0.4	-90.0
1651825825	0.00	-179.48	0.0	?	-0.2	0.2	-90.0
1653826826	0.00	-179.86	0.0	?	-0.1	0.1	-90.0
1655827827	0.00	179.95	0.0	?	0.0	0.0	90.0
1657828828	0.00	179.32	0.0	?	0.3	0.3	90.0
1659829829	0.00	178.84	0.0	?	0.5	0.5	90.0
1661830830	0.00	178.30	0.0	?	0.7	0.7	90.0
1663831831	0.00	177.92	0.0	?	0.9	0.9	90.0
1665832832	0.00	177.53	0.0	?	1.1	1.1	90.0
1667833833	0.00	176.81	0.0	?	1.4	1.4	90.0
1669834834	0.00	176.06	0.0	?	1.7	1.7	90.0
1671835835	0.00	175.45	0.0	?	2.0	2.0	90.0
1673836836	0.00	175.20	0.0	?	2.1	2.1	90.0
1675837837	0.00	174.21	0.0	?	2.5	2.5	90.0
1677838838	0.00	173.77	0.0	?	2.7	2.7	90.0
1679839839	0.00	173.04	0.0	?	3.0	3.0	90.0
1681840840	0.00	172.44	0.0	?	3.3	3.3	90.0
1683841841	0.00	171.88	0.0	?	3.5	3.5	90.0
1685842842	0.00	170.76	0.0	?	4.0	4.0	90.0
1687843843	0.00	170.07	0.0	?	4.3	4.3	90.0
1689844844	0.00	169.18	0.0	?	4.7	4.7	90.0
1691845845	0.00	168.75	0.0	?	4.9	4.9	90.0
1693846846	0.00	167.66	0.0	?	5.4	5.4	90.0
1695847847	0.00	167.28	0.0	?	5.6	5.6	90.0
1697848848	0.00	166.62	0.0	?	5.9	5.9	90.0
1699849849	0.00	165.94	0.0	?	6.2	6.2	90.0
1701850850	0.00	165.14	0.0	?	6.5	6.5	90.0
1703851851	0.00	164.61	0.0	?	6.8	6.8	90.0
1705852852	0.00	163.95	0.0	?	7.1	7.1	90.0
1707853853	0.00	163.26	0.0	?	7.4	7.4	90.0
1709854854	0.00	162.90	0.0	?	7.5	7.5	90.0
1711855855	0.00	162.51	0.0	?	7.7	7.7	90.0
1713856856	0.00	161.85	0.0	?	8.0	8.0	90.0
1715857857	0.00	161.42	0.0	?	8.2	8.2	90.0
1717858858	0.00	160.78	0.0	?	8.5	8.5	90.0
1719859859	0.00	160.78	0.0	?	8.5	8.5	90.0
1721860860	0.00	160.32	0.0	?	8.7	8.7	90.0
1723861861	0.00	160.01	0.0	?	8.8	8.8	90.0
1725862862	0.00	159.32	0.0	?	9.1	9.1	90.0
1727863863	0.00	158.84	0.0	?	9.3	9.3	90.0
1729864864	0.00	158.12	0.0	?	9.7	9.7	90.0
1731865865	0.00	157.42	0.0	?	10.0	10.0	90.0
1733866866	0.00	156.39	0.0	?	10.4	10.4	90.0
1735867867	0.00	155.18	0.0	?	11.0	11.0	90.0
1737868868	0.00	154.12	0.0	?	11.5	11.5	90.0
1739869869	0.00	152.89	0.0	?	12.1	12.1	90.0
1741870870	0.00	151.89	0.0	?	12.5	12.5	90.0
1743871871	0.00	150.08	0.0	?	13.4	13.4	90.0
1745872872	0.00	148.67	0.0	?	14.0	14.0	90.0
1747873873	0.00	147.22	0.0	?	14.7	14.7	90.0
1749874874	0.00	146.12	0.0	?	15.2	15.2	90.0
1751875875	0.00	144.05	0.0	?	16.2	16.2	90.0
1753876876	0.00	142.59	0.0	?	16.9	16.9	90.0
1755877877	0.00	141.02	0.0	?	17.7	17.7	90.0
1757878878	0.00	139.24	0.0	?	18.6	18.6	90.0
1759879879	0.00	137.33	0.0	?	19.5	19.5	90.0
1761880880	0.00	135.72	0.0	?	20.3	20.3	90.0
1763881881	0.00	134.30	0.0	?	21.1	21.1	90.0
1765882882	0.00	132.45	0.0	?	22.0	22.0	90.0
1767883883	0.00	130.32	0.0	?	23.1	23.1	90.0
1769884884	0.00	128.79	0.0	?	24.0	24.0	90.0
1771885885	0.00	127.10	0.0	?	24.9	24.9	90.0
1773886886	0.00	124.94	0.0	?	26.1	26.1	90.0
1775887887	0.00	123.70	0.0	?	26.8	26.8	90.0
1777888888	0.00	121.79	0.0	?	27.8	27.8	90.0
1779889889	0.00	119.80	0.0	?	29.0	29.0	90.0
1781890890	0.00	118.45	0.0	?	29.8	29.8	90.0
1783891891	0.00	116.44	0.0	?	31.0	31.0	90.0
1785892892	0.00	114.72	0.0	?	32.0	32.0	90.0
1787893893	0.00	112.88	0.0	?	33.2	33.2	90.0
1789894894	0.00	111.25	0.0	?	34.2	34.2	90.0
1791895895	0.00	108.91	0.0	?	35.7	35.7	90.0
1793896896	0.00	107.35	0.0	?	36.8	36.8	90.0
1795897897	0.00	105.57	0.0	?	38.0	38.0	90.0
1797898898	0.00	103.80	0.0	?	39.2	39.2	90.0
1799899899	0.00	101.91	0.0	?	40.6	40.6	90.0
1801900900	0.00	100.41	0.0	?	41.7	41.7	90.0
1803901901	0.00	98.04	0.0	?	43.4	43.4	90.0
1805902902	0.00	96.52	0.0	?	44.6	44.6	90.0
1807903903	0.00	94.49	0.0	?	46.2	46.2	90.0
1809904904	0.00	92.58	0.0	?	47.8	47.8	90.0
1811905905	0.00	90.67	0.0	?	49.4	49.4	90.0
1813906906	0.00	88.79	0.0	?	51.1	51.1	90.0
1815907907	0.00	86.69	0.0	?	53.0	53.0	90.0
1817908908	0.00	85.10	0.0	?	54.5	54.5	90.0
1819909909	0.00	82.84	0.0	?	56.7	56.7	90.0
1821910910	0.00	80.83	0.0	?	58.7	58.7	90.0
1823911911	-0.13	78.63	0.9	138.76	61.0	61.1	89.2
1825912912	-0.40	76.92	2.9	43.93	62.9	62.9	87.3
1827913913	-0.68	74.58	5.3	25.66	65.4	65.6	85.4
1829914914	-0.91	72.43	7.4	19.17	67.7	68.2	83.7
1831915915	-1.19	70.26	10.2	14.66	70.1	70.8	81.7
1833916916	-1.39	68.13	12.6	12.49	72.5	73.5	80.1
1835917917	-1.72	65.76	16.4	10.12	74.8	76.6	77.7
1837918918	-2.03	63.22	20.4	8.61	77.4	80.0	75.2
1839919919	-2.19	61.07	23.3	7.97	79.8	83.1	73.8
1841920920	-2.47	58.73	27.6	7.09	81.9	86.5	71.4
1843921921	-2.74	56.37	32.3	6.39	83.9	89.9	68.9
1845922922	-2.97	54.27	36.7	5.90	85.4	93.0	66.7
1847923923	-3.26	51.60	42.7	5.39	87.0	96.9	63.9
1849924924	-3.53	48.88	49.0	4.99	88.4	101.1	61.0
1851925925	-3.70	46.14	54.9	4.77	90.3	105.7	58.7
1853926926	-3.99	43.86	61.6	4.43	89.6	108.8	55.5
1855927927	-4.20	41.08	68.8	4.22	89.9	113.2	52.6
1857928928	-4.49	38.38	76.6	3.95	88.0	116.6	49.0
1859929929	-4.57	35.43	84.3	3.89	88.7	122.3	46.5
1861930930	-4.78	32.76	92.0	3.72	86.0	126.0	43.1
1863931931	-4.99	29.93	100.1	3.58	82.4	129.6	39.4
1865932932	-5.18	26.86	108.6	3.45	77.7	133.5	35.6
1867933933	-5.33	23.88	116.7	3.36	72.4	137.3	31.8
1869934934	-5.41	21.17	123.9	3.31	67.4	141.1	28.5
1871935935	-5.55	18.73	129.4	3.24	60.8	142.9	25.2
1873936936	-5.70	15.71	135.3	3.16	52.0	144.9	21.0
1875937937	-5.85	12.46	140.0	3.08	41.6	146.1	16.6
1877938938	-5.93	9.75	143.6	3.04	33.0	147.4	13.0
1879939939	-5.99	6.87	146.5	3.02	23.5	148.4	9.1
1881940940	-6.14	3.86	146.1	2.95	12.8	146.7	5.0
1883941941	-6.14	1.06	147.2	2.95	3.5	147.2	1.4
1885942942	-6.30	-1.75	143.6	2.88	-5.6	143.7	-2.2
1887943943	-6.34	-4.71	141.4	2.86	-14.6	142.1	-5.9
1889944944	-6.36	-7.55	138.4	2.85	-22.8	140.3	-9.3
1891945945	-6.47	-10.22	133.1	2.81	-28.9	136.2	-12.3
1893946946	-6.54	-13.12	127.8	2.78	-35.1	132.5	-15.4
1895947947	-6.65	-15.82	122.0	2.74	-39.5	128.2	-17.9
1897948948	-6.70	-18.46	116.8	2.72	-43.5	124.6	-20.4
1899949949	-6.75	-20.90	111.9	2.70	-46.5	121.2	-22.6
1901950950	-6.95	-23.20	106.2	2.63	-47.1	116.2	-23.9
1903951951	-7.02	-25.53	101.6	2.61	-48.7	112.7	-25.6
1905952952	-7.19	-28.13	96.3	2.55	-49.1	108.1	-27.0
1907953953	-7.38	-30.06	92.3	2.49	-48.4	104.2	-27.7
1909954954	-7.53	-31.15	90.0	2.45	-47.6	101.8	-27.9
1911955955	-7.75	-31.89	88.1	2.39	-45.9	99.3	-27.5
1913956956	-7.78	-32.53	87.1	2.38	-45.9	98.5	-27.8
1915957957	-7.86	-33.10	86.1	2.36	-45.5	97.3	-27.8
1917958958	-7.80	-33.19	86.1	2.37	-46.1	97.7	-28.1
1919959959	-7.80	-33.06	86.3	2.37	-46.0	97.8	-28.0
1921960960	-7.64	-33.38	86.4	2.42	-47.6	98.6	-28.9
1923961961	-7.45	-32.99	87.6	2.47	-49.3	100.5	-29.4
1925962962	-7.24	-33.59	87.2	2.54	-51.7	101.4	-30.7
1927963963	-7.04	-34.05	87.0	2.60	-54.1	102.5	-31.8
1929964964	-6.86	-34.87	86.1	2.66	-56.2	102.8	-33.2
1931965965	-6.67	-35.78	84.8	2.73	-58.6	103.1	-34.6
1933966966	-6.46	-37.17	82.6	2.81	-61.3	102.9	-36.6
1935967967	-6.28	-38.06	81.1	2.89	-63.5	103.0	-38.0
1937968968	-6.07	-39.50	78.4	2.98	-65.9	102.4	-40.0
1939969969	-5.89	-40.58	76.3	3.06	-67.9	102.1	-41.7
1941970970	-5.72	-41.86	73.7	3.15	-69.5	101.3	-43.4
1943971971	-5.52	-42.67	71.7	3.25	-71.5	101.3	-44.9
1945972972	-5.45	-44.08	69.0	3.29	-71.7	99.5	-46.1
1947973973	-5.32	-44.85	67.2	3.37	-72.8	99.1	-47.3
1949974974	-5.15	-45.95	64.7	3.47	-74.0	98.3	-48.8
1951975975	-5.04	-47.02	62.4	3.54	-74.5	97.2	-50.0
1953976976	-4.87	-48.41	59.3	3.66	-75.2	95.8	-51.7
1955977977	-4.74	-49.04	57.6	3.76	-76.0	95.4	-52.8
1957978978	-4.66	-50.43	55.1	3.82	-75.5	93.5	-53.9
1959979979	-4.51	-51.97	52.0	3.94	-75.5	91.7	-55.4
1961980980	-4.39	-52.49	50.5	4.04	-76.1	91.3	-56.4
1963981981	-4.30	-53.40	48.7	4.12	-75.9	90.2	-57.3
1965982982	-4.17	-54.52	46.4	4.25	-75.8	88.9	-58.5
1967983983	-4.05	-55.12	44.8	4.37	-76.2	88.4	-59.5
1969984984	-3.93	-56.13	42.8	4.49	-75.9	87.1	-60.6
1971985985	-3.91	-56.72	42.0	4.52	-75.4	86.3	-60.9
1973986986	-3.79	-57.96	39.8	4.65	-74.8	84.7	-62.0
1975987987	-3.68	-58.60	38.3	4.79	-74.8	84.1	-62.9
1977988988	-3.55	-59.44	36.4	4.97	-74.7	83.1	-64.0
1979989989	-3.50	-59.77	35.7	5.04	-74.7	82.8	-64.4
1981990990	-3.48	-60.66	34.8	5.05	-73.7	81.5	-64.7
1983991991	-3.40	-61.60	33.3	5.18	-73.1	80.3	-65.5
1985992992	-3.31	-62.43	31.9	5.32	-72.6	79.3	-66.3
1987993993	-3.25	-62.59	31.4	5.40	-72.7	79.2	-66.7
1989994994	-3.17	-63.28	30.2	5.53	-72.3	78.3	-67.3
1991995995	-3.14	-63.82	29.5	5.60	-71.8	77.7	-67.6
1993996996	-3.09	-64.28	28.8	5.68	-71.5	77.1	-68.0
1995997997	-3.03	-65.26	27.7	5.78	-70.6	75.9	-68.6
1997998998	-2.99	-65.95	26.9	5.87	-70.0	75.0	-69.0
1999999999	-2.89	-66.22	25.9	6.07	-70.1	74.8	-69.7
