1000000	-0.80	87.95	4.8	21.69	51.6	51.8	84.7
3001001	0.00	82.44	0.0	?	57.1	57.1	90.0
5002002	0.00	76.90	0.0	?	63.0	63.0	90.0
7003003	0.00	72.80	0.0	?	67.8	67.8	90.0
9004004	0.00	69.29	0.0	?	72.4	72.4	90.0
11005005	0.00	67.23	0.0	?	75.2	75.2	90.0
13006006	0.00	65.00	0.0	?	78.5	78.5	90.0
15007007	-0.19	62.19	2.1	89.44	82.9	82.9	88.6
17008008	-0.26	60.43	2.9	67.24	85.8	85.8	88.0
19009009	-0.37	58.66	4.5	46.55	88.8	88.9	87.1
21010010	-0.42	57.03	5.3	40.95	91.8	91.9	86.7
23011011	-0.48	55.45	6.3	36.56	94.8	95.0	86.2
25012012	-0.53	53.92	7.4	32.69	97.8	98.1	85.7
27013013	-0.57	52.45	8.4	30.36	100.9	101.3	85.2
29014014	-0.61	51.01	9.4	28.54	104.1	104.5	84.8
31015015	-0.64	49.79	10.3	27.31	106.9	107.4	84.5
33016016	-0.66	48.60	11.2	26.16	109.8	110.4	84.2
35017017	-0.67	47.58	11.8	25.95	112.4	113.0	84.0
37018018	-0.66	46.46	12.1	26.39	115.4	116.0	84.0
39019019	-0.64	45.33	12.4	26.96	118.6	119.3	84.0
41020020	-0.64	44.21	12.9	27.14	121.9	122.6	84.0
43021021	-0.64	43.10	13.6	27.02	125.3	126.1	83.8
45022022	-0.66	42.14	14.5	26.39	128.3	129.2	83.5
47023023	-0.66	41.21	15.3	26.14	131.4	132.3	83.4
49024024	-0.67	40.35	16.1	25.85	134.4	135.4	83.2
51025025	-0.67	39.49	16.8	25.75	137.5	138.5	83.0
53026026	-0.69	38.66	17.9	25.22	140.5	141.7	82.8
55027027	-0.71	37.88	19.1	24.56	143.4	144.7	82.4
57028028	-0.73	37.13	20.4	23.84	146.3	147.8	82.1
59029029	-0.74	36.38	21.6	23.38	149.4	150.9	81.8
61030030	-0.78	35.70	23.4	22.34	152.0	153.8	81.3
63031031	-0.81	35.04	25.1	21.50	154.7	156.7	80.8
65032032	-0.85	34.37	27.3	20.47	157.4	159.7	80.2
67033033	-0.89	33.69	29.7	19.48	160.1	162.8	79.5
69034034	-0.93	33.05	32.1	18.68	162.8	165.9	78.9
71035035	-0.99	32.36	35.1	17.65	165.5	169.2	78.0
73036036	-1.05	31.66	38.7	16.60	168.1	172.5	77.0
75037037	-1.10	30.99	42.2	15.77	170.7	175.8	76.1
77038038	-1.17	30.27	46.5	14.86	173.3	179.4	75.0
79039039	-1.25	29.56	51.3	13.96	175.6	182.9	73.7
81040040	-1.32	28.86	56.4	13.14	177.7	186.4	72.4
83041041	-1.41	28.17	61.9	12.36	179.3	189.7	71.0
85042042	-1.49	27.47	67.7	11.65	180.7	193.0	69.5
87043043	-1.57	26.82	73.3	11.10	182.1	196.2	68.1
89044044	-1.63	25.99	79.5	10.68	184.4	200.8	66.7
91045045	-1.71	25.07	87.3	10.18	186.4	205.8	64.9
93046046	-1.80	24.19	95.4	9.70	187.5	210.3	63.0
95047047	-1.89	23.29	104.4	9.20	187.6	214.7	60.9
97048048	-1.98	22.46	112.9	8.80	187.3	218.7	58.9
99049049	-2.05	21.49	122.1	8.53	188.1	224.2	57.0
101050050	-2.11	20.39	133.0	8.26	188.5	230.7	54.8
103051051	-2.18	19.15	145.8	8.01	188.6	238.4	52.3
105052052	-2.25	17.83	160.2	7.75	186.9	246.2	49.4
107053053	-2.33	16.56	174.7	7.50	183.5	253.4	46.4
109054054	-2.42	15.24	190.2	7.23	177.3	260.0	43.0
111055055	-2.49	13.88	205.9	7.03	170.2	267.1	39.6
113056056	-2.56	12.50	221.6	6.83	160.3	273.4	35.9
115057057	-2.64	11.01	237.7	6.64	147.3	279.7	31.8
117058058	-2.70	9.46	253.4	6.48	131.7	285.6	27.5
119059059	-2.77	7.87	266.9	6.32	112.5	289.7	22.9
121060060	-2.83	6.26	278.8	6.20	91.8	293.5	18.2
123061061	-2.89	4.49	287.7	6.07	66.6	295.3	13.0
125062062	-2.95	2.77	291.8	5.95	40.7	294.6	8.0
127063063	-3.01	1.07	291.0	5.84	15.5	291.4	3.0
129064064	-3.04	-0.72	288.3	5.77	-10.2	288.5	-2.0
131065065	-3.07	-2.51	281.6	5.72	-34.2	283.7	-6.9
133066066	-3.09	-4.41	271.2	5.67	-57.3	277.1	-11.9
135067067	-3.10	-6.31	258.7	5.66	-77.9	270.2	-16.8
137068068	-3.11	-8.34	242.7	5.65	-96.3	261.1	-21.6
139069069	-3.10	-10.34	226.0	5.66	-111.2	251.9	-26.2
141070070	-3.09	-12.49	207.3	5.68	-123.4	241.2	-30.8
143071071	-3.08	-14.69	188.2	5.71	-132.0	229.9	-35.0
145072072	-3.07	-16.82	170.4	5.72	-136.8	218.5	-38.8
147073073	-3.05	-19.09	152.8	5.76	-139.6	206.9	-42.4
149074074	-3.02	-21.42	136.3	5.80	-140.2	195.5	-45.8
151075075	-2.99	-23.70	121.8	5.86	-139.3	185.0	-48.9
153076076	-2.95	-26.14	107.9	5.94	-137.2	174.5	-51.8
155077077	-2.91	-28.46	96.1	6.02	-134.2	165.1	-54.4
157078078	-2.88	-30.91	85.5	6.09	-130.1	155.6	-56.7
159079079	-2.85	-33.41	76.0	6.15	-125.4	146.7	-58.8
161080080	-2.82	-35.91	67.9	6.21	-120.5	138.4	-60.6
163081081	-2.79	-38.41	60.9	6.27	-115.7	130.7	-62.2
165082082	-2.77	-40.87	55.0	6.32	-110.8	123.7	-63.6
167083083	-2.74	-43.28	49.7	6.40	-106.4	117.5	-65.0
169084084	-2.70	-45.67	45.1	6.49	-102.3	111.8	-66.2
171085085	-2.65	-48.08	40.9	6.61	-98.2	106.4	-67.4
173086086	-2.58	-50.71	36.7	6.77	-94.1	101.0	-68.7
175087087	-2.53	-53.43	33.0	6.92	-89.9	95.7	-69.8
177088088	-2.49	-56.27	29.9	7.02	-85.5	90.6	-70.7
179089089	-2.44	-59.27	26.9	7.17	-81.3	85.6	-71.7
181090090	-2.40	-62.31	24.4	7.29	-77.2	80.9	-72.5
183091091	-2.37	-65.48	22.2	7.37	-73.1	76.4	-73.1
185092092	-2.34	-68.83	20.2	7.46	-69.0	71.9	-73.7
187093093	-2.33	-72.53	18.5	7.49	-64.8	67.4	-74.1
189094094	-2.30	-76.27	16.8	7.59	-60.9	63.1	-74.6
191095095	-2.27	-80.67	15.1	7.71	-56.6	58.6	-75.0
193096096	-2.28	-85.73	13.8	7.67	-51.9	53.7	-75.1
195097097	-2.36	-91.14	13.0	7.42	-47.3	49.0	-74.6
197098098	-2.46	-96.83	12.4	7.11	-42.8	44.6	-73.9
199099099	-2.56	-103.15	11.8	6.83	-38.3	40.1	-72.9
201100100	-2.70	-110.30	11.3	6.48	-33.6	35.5	-71.4
203101101	-2.88	-118.27	11.0	6.10	-28.8	30.8	-69.1
205102102	-3.13	-127.68	11.0	5.62	-23.6	26.0	-65.1
207103103	-3.46	-137.63	11.2	5.09	-18.5	21.7	-58.7
209104104	-3.86	-148.63	11.7	4.58	-13.3	17.8	-48.6
211105105	-4.34	-160.92	12.6	4.09	-7.9	14.8	-32.1
213106106	-4.93	-174.87	13.9	3.62	-2.1	14.0	-8.5
215107107	-5.66	169.61	15.9	3.18	4.1	16.4	14.5
217108108	-6.40	152.69	18.5	2.84	10.6	21.3	29.7
219109109	-7.00	134.49	21.9	2.62	17.5	28.0	38.5
221110110	-7.26	116.16	25.9	2.53	24.8	35.8	43.8
223111111	-7.16	98.73	30.5	2.56	32.7	44.7	47.0
225112112	-6.77	83.22	35.8	2.69	41.3	54.7	49.1
227113113	-6.18	70.26	41.7	2.93	50.8	65.8	50.6
229114114	-5.54	59.09	48.9	3.24	61.6	78.7	51.5
231115115	-4.91	49.33	58.1	3.63	74.1	94.1	51.9
233116116	-4.31	40.84	70.0	4.11	88.5	112.9	51.7
235117117	-3.79	33.28	86.4	4.65	105.1	136.1	50.6
237118118	-3.35	26.49	109.7	5.24	123.6	165.2	48.4
239119119	-3.01	20.19	144.8	5.83	141.3	202.3	44.3
241120120	-2.78	14.41	195.9	6.31	149.8	246.6	37.4
243121121	-2.58	9.17	263.4	6.79	139.4	298.0	27.9
245122122	-2.42	4.35	336.2	7.22	90.3	348.1	15.0
247123123	-2.30	-0.11	379.1	7.58	-2.7	379.1	-0.4
249124124	-2.21	-4.26	364.6	7.91	-105.5	379.6	-16.1
251125125	-2.16	-8.19	304.0	8.07	-172.3	349.5	-29.5
253126126	-2.11	-11.94	239.1	8.27	-201.5	312.7	-40.1
255127127	-2.08	-15.50	185.4	8.39	-204.9	276.3	-47.9
257128128	-2.05	-18.86	145.9	8.51	-197.8	245.8	-53.6
259129129	-2.04	-21.83	119.1	8.57	-187.2	221.9	-57.5
261130130	-2.00	-24.77	97.8	8.74	-176.7	202.0	-61.0
263131131	-1.95	-27.65	81.1	8.95	-166.4	185.1	-64.0
265132132	-1.89	-30.48	67.6	9.24	-156.7	170.6	-66.7
267133133	-1.82	-33.35	56.6	9.56	-147.1	157.7	-69.0
269134134	-1.77	-36.19	47.9	9.87	-138.2	146.2	-70.9
271135135	-1.72	-38.95	41.2	10.12	-129.9	136.3	-72.4
273136136	-1.68	-41.67	35.7	10.39	-122.3	127.5	-73.7
275137137	-1.64	-44.32	31.3	10.65	-115.5	119.7	-74.8
277138138	-1.59	-46.92	27.6	10.96	-109.4	112.8	-75.9
279139139	-1.56	-49.46	24.6	11.19	-103.8	106.7	-76.7
281140140	-1.52	-51.88	22.1	11.44	-98.8	101.3	-77.4
283141141	-1.47	-54.25	19.8	11.81	-94.3	96.4	-78.1
285142142	-1.44	-56.48	18.0	12.10	-90.3	92.1	-78.7
287143143	-1.38	-58.70	16.2	12.59	-86.6	88.1	-79.4
289144144	-1.33	-60.88	14.6	13.08	-83.2	84.5	-80.0
291145145	-1.28	-62.92	13.3	13.57	-80.1	81.2	-80.6
293146146	-1.23	-65.09	12.0	14.19	-77.0	77.9	-81.1
295147147	-1.18	-67.12	11.0	14.74	-74.2	75.1	-81.6
297148148	-1.14	-69.16	10.1	15.21	-71.6	72.3	-82.0
299149149	-1.10	-71.06	9.3	15.79	-69.2	69.8	-82.3
301150150	-1.06	-72.91	8.6	16.45	-67.0	67.5	-82.7
303151151	-1.02	-74.75	7.9	17.07	-64.8	65.3	-83.1
305152152	-0.99	-76.56	7.4	17.55	-62.8	63.3	-83.3
307153153	-0.95	-78.43	6.8	18.23	-60.8	61.2	-83.6
309154154	-0.94	-80.29	6.5	18.47	-58.9	59.2	-83.7
311155155	-0.94	-82.04	6.3	18.47	-57.1	57.4	-83.7
313156156	-0.93	-83.79	6.0	18.66	-55.4	55.7	-83.8
315157157	-0.96	-85.39	6.0	18.09	-53.8	54.2	-83.7
317158158	-1.00	-86.86	6.0	17.44	-52.5	52.8	-83.4
319159159	-1.00	-88.01	5.9	17.39	-51.4	51.8	-83.4
321160160	-0.98	-89.23	5.7	17.74	-50.4	50.7	-83.5
323161161	-0.93	-90.51	5.3	18.66	-49.3	49.6	-83.9
325162162	-0.89	-91.94	4.9	19.52	-48.1	48.3	-84.1
327163163	-0.85	-93.44	4.6	20.35	-46.9	47.1	-84.4
329164164	-0.83	-94.98	4.4	20.87	-45.6	45.8	-84.5
331165165	-0.80	-96.56	4.1	21.64	-44.4	44.6	-84.7
333166166	-0.79	-98.17	4.0	21.99	-43.2	43.4	-84.7
335167167	-0.79	-99.79	3.9	22.04	-42.0	42.1	-84.7
337168168	-0.80	-101.33	3.8	21.77	-40.8	41.0	-84.6
339169169	-0.81	-102.85	3.8	21.42	-39.7	39.9	-84.5
341170170	-0.82	-104.51	3.8	21.10	-38.6	38.8	-84.4
343171171	-0.83	-106.10	3.8	20.85	-37.5	37.7	-84.3
345172172	-0.85	-107.66	3.8	20.42	-36.4	36.6	-84.1
347173173	-0.86	-109.20	3.7	20.13	-35.4	35.6	-84.0
349174174	-0.87	-110.74	3.7	19.90	-34.4	34.6	-83.8
351175175	-0.89	-112.34	3.7	19.59	-33.4	33.6	-83.7
353176176	-0.90	-113.92	3.7	19.27	-32.4	32.6	-83.5
355177177	-0.92	-115.41	3.7	18.85	-31.5	31.7	-83.3
357178178	-0.94	-116.95	3.7	18.54	-30.5	30.8	-83.1
359179179	-0.95	-118.50	3.7	18.25	-29.6	29.9	-82.9
361180180	-0.97	-120.11	3.7	17.91	-28.7	28.9	-82.6
363181181	-0.98	-121.65	3.7	17.67	-27.8	28.0	-82.4
365182182	-1.00	-123.23	3.7	17.36	-26.9	27.2	-82.1
367183183	-1.01	-124.81	3.7	17.16	-26.0	26.3	-81.9
369184184	-1.02	-126.34	3.7	17.07	-25.2	25.4	-81.7
371185185	-1.02	-127.86	3.6	17.00	-24.4	24.6	-81.5
373186186	-1.03	-129.36	3.6	16.94	-23.6	23.8	-81.3
375187187	-1.03	-130.92	3.6	16.83	-22.7	23.0	-81.0
377188188	-1.03	-132.41	3.5	16.86	-22.0	22.2	-80.8
379189189	-1.03	-133.88	3.5	16.84	-21.2	21.5	-80.6
381190190	-1.02	-135.29	3.4	17.01	-20.5	20.8	-80.5
383191191	-1.02	-136.74	3.4	17.05	-19.7	20.0	-80.3
385192192	-1.02	-138.20	3.3	17.10	-19.0	19.3	-80.0
387193193	-1.01	-139.62	3.3	17.21	-18.3	18.6	-79.8
389194194	-1.00	-141.00	3.2	17.35	-17.6	17.9	-79.6
391195195	-1.00	-142.33	3.2	17.45	-17.0	17.3	-79.3
393196196	-0.99	-143.68	3.1	17.64	-16.3	16.6	-79.1
395197197	-0.98	-145.00	3.1	17.77	-15.7	16.0	-78.9
397198198	-0.96	-146.32	3.0	18.02	-15.1	15.4	-78.6
399199199	-0.96	-147.53	3.0	18.12	-14.5	14.8	-78.3
401200200	-0.95	-148.75	2.9	18.29	-13.9	14.2	-78.1
403201201	-0.94	-149.98	2.9	18.50	-13.4	13.7	-77.8
405202202	-0.93	-151.18	2.9	18.60	-12.8	13.1	-77.4
407203203	-0.93	-152.33	2.8	18.77	-12.3	12.6	-77.0
409204204	-0.91	-153.51	2.8	19.14	-11.7	12.1	-76.8
411205205	-0.91	-154.60	2.7	19.13	-11.2	11.6	-76.3
413206206	-0.91	-155.68	2.7	19.08	-10.7	11.1	-75.7
415207207	-0.91	-156.78	2.7	19.07	-10.2	10.6	-75.1
417208208	-0.91	-157.82	2.7	19.10	-9.8	10.1	-74.5
419209209	-0.91	-158.84	2.7	19.09	-9.3	9.7	-73.8
421210210	-0.92	-159.86	2.7	18.87	-8.9	9.3	-72.8
423211211	-0.92	-160.83	2.7	18.92	-8.4	8.8	-72.1
425212212	-0.93	-161.81	2.7	18.71	-8.0	8.4	-71.0
427213213	-0.95	-162.83	2.8	18.34	-7.5	8.0	-69.7
429214214	-0.95	-163.76	2.8	18.24	-7.1	7.6	-68.5
431215215	-0.98	-164.70	2.9	17.82	-6.7	7.3	-66.9
433216216	-0.99	-165.68	2.9	17.52	-6.3	6.9	-65.1
435217217	-1.01	-166.57	2.9	17.23	-5.9	6.6	-63.4
437218218	-1.03	-167.47	3.0	16.95	-5.5	6.2	-61.4
439219219	-1.05	-168.42	3.1	16.54	-5.1	5.9	-58.8
441220220	-1.07	-169.32	3.1	16.23	-4.7	5.6	-56.3
443221221	-1.10	-170.27	3.2	15.82	-4.2	5.3	-53.1
445222222	-1.12	-171.16	3.2	15.50	-3.8	5.0	-49.9
447223223	-1.15	-172.09	3.3	15.06	-3.4	4.8	-45.9
449224224	-1.18	-173.02	3.4	14.69	-3.0	4.6	-41.6
451225225	-1.22	-173.97	3.5	14.24	-2.6	4.4	-36.7
453226226	-1.25	-174.94	3.6	13.95	-2.2	4.2	-31.5
455227227	-1.28	-175.86	3.7	13.60	-1.8	4.1	-26.0
457228228	-1.32	-176.82	3.8	13.20	-1.4	4.0	-20.0
459229229	-1.34	-177.79	3.9	12.99	-1.0	4.0	-14.0
461230230	-1.37	-178.76	3.9	12.71	-0.5	4.0	-7.8
463231231	-1.40	-179.77	4.0	12.40	-0.1	4.0	-1.4
465232232	-1.43	179.25	4.1	12.16	0.3	4.1	4.5
467233233	-1.46	178.24	4.2	11.96	0.8	4.3	10.3
469234234	-1.48	177.23	4.3	11.73	1.2	4.4	15.7
471235235	-1.51	176.15	4.3	11.52	1.7	4.7	21.0
473236236	-1.54	175.10	4.4	11.30	2.1	4.9	25.6
475237237	-1.56	174.09	4.5	11.15	2.6	5.2	29.6
477238238	-1.58	173.06	4.6	11.03	3.0	5.5	33.4
479239239	-1.60	172.01	4.6	10.90	3.5	5.8	36.9
481240240	-1.61	170.96	4.7	10.80	3.9	6.1	40.1
483241241	-1.63	169.83	4.7	10.68	4.4	6.5	43.1
485242242	-1.65	168.80	4.8	10.58	4.9	6.8	45.5
487243243	-1.65	167.74	4.8	10.54	5.3	7.2	48.0
489244244	-1.66	166.66	4.8	10.49	5.8	7.5	50.2
491245245	-1.68	165.60	4.9	10.38	6.3	7.9	52.0
493246246	-1.68	164.53	4.9	10.37	6.7	8.3	53.9
495247247	-1.68	163.47	4.9	10.37	7.2	8.7	55.6
497248248	-1.69	162.42	5.0	10.30	7.7	9.1	57.0
499249249	-1.68	161.34	5.0	10.37	8.1	9.5	58.7
501250250	-1.68	160.20	5.0	10.38	8.6	10.0	60.1
503251251	-1.67	159.11	5.0	10.41	9.1	10.4	61.5
505252252	-1.67	158.06	5.0	10.44	9.6	10.8	62.6
507253253	-1.67	157.02	5.0	10.45	10.1	11.2	63.7
509254254	-1.66	155.94	5.0	10.52	10.6	11.7	64.8
511255255	-1.66	154.86	5.0	10.50	11.0	12.1	65.6
513256256	-1.65	153.72	5.0	10.56	11.6	12.6	66.7
515257257	-1.64	152.70	5.0	10.60	12.0	13.0	67.5
517258258	-1.63	151.62	5.0	10.67	12.5	13.5	68.3
519259259	-1.63	150.57	5.0	10.71	13.0	13.9	69.0
521260260	-1.62	149.48	5.0	10.75	13.5	14.4	69.7
523261261	-1.62	148.36	5.0	10.78	14.0	14.9	70.4
525262262	-1.61	147.29	5.0	10.81	14.5	15.4	70.9
527263263	-1.60	146.19	5.0	10.86	15.1	15.9	71.5
529264264	-1.61	145.09	5.1	10.85	15.6	16.4	72.0
531265265	-1.60	144.02	5.1	10.87	16.1	16.9	72.5
533266266	-1.60	142.81	5.1	10.92	16.7	17.4	73.0
535267267	-1.60	141.72	5.1	10.88	17.2	17.9	73.3
537268268	-1.60	140.61	5.2	10.92	17.7	18.5	73.8
539269269	-1.58	139.46	5.2	10.99	18.3	19.0	74.2
541270270	-1.58	138.27	5.2	11.01	18.9	19.6	74.6
543271271	-1.59	137.12	5.3	10.93	19.4	20.1	74.8
545272272	-1.60	136.02	5.3	10.86	20.0	20.7	75.0
547273273	-1.62	134.68	5.4	10.76	20.7	21.4	75.2
549274274	-1.62	133.48	5.5	10.74	21.3	22.0	75.5
551275275	-1.63	132.25	5.6	10.67	21.9	22.6	75.7
553276276	-1.66	130.97	5.7	10.49	22.6	23.3	75.7
555277277	-1.68	129.71	5.9	10.40	23.2	23.9	75.8
557278278	-1.69	128.44	6.0	10.30	23.9	24.6	76.0
559279279	-1.71	127.21	6.1	10.18	24.5	25.3	76.0
561280280	-1.73	125.81	6.2	10.07	25.3	26.0	76.1
563281281	-1.77	124.36	6.5	9.84	26.0	26.8	76.0
565282282	-1.78	123.04	6.6	9.81	26.8	27.6	76.2
567283283	-1.82	121.70	6.8	9.57	27.5	28.3	76.0
569284284	-1.86	120.40	7.0	9.39	28.2	29.1	76.0
571285285	-1.89	118.92	7.3	9.25	29.0	29.9	76.0
573286286	-1.93	117.41	7.5	9.04	29.9	30.8	75.8
575287287	-1.97	116.00	7.8	8.86	30.7	31.7	75.7
577288288	-2.00	114.66	8.0	8.73	31.5	32.5	75.7
579289289	-2.05	113.11	8.4	8.50	32.4	33.4	75.5
581290290	-2.11	111.60	8.8	8.29	33.3	34.4	75.2
583291291	-2.15	110.23	9.1	8.13	34.1	35.3	75.1
585292292	-2.20	108.69	9.5	7.94	35.0	36.3	74.9
587293293	-2.27	107.08	9.9	7.71	36.0	37.3	74.6
589294294	-2.31	105.61	10.3	7.57	36.9	38.3	74.4
591295295	-2.37	104.06	10.8	7.38	37.9	39.4	74.1
593296296	-2.42	102.57	11.3	7.21	38.8	40.4	73.8
595297297	-2.50	101.08	11.8	7.01	39.8	41.5	73.5
597298298	-2.55	99.67	12.3	6.86	40.7	42.5	73.2
599299299	-2.64	98.36	12.9	6.64	41.5	43.5	72.7
601300300	-2.70	96.95	13.5	6.48	42.4	44.5	72.3
603301301	-2.77	95.62	14.1	6.33	43.3	45.5	72.0
605302302	-2.85	94.37	14.8	6.16	44.1	46.5	71.5
607303303	-2.92	93.15	15.4	6.01	44.9	47.5	71.1
609304304	-2.99	92.11	16.0	5.87	45.6	48.3	70.7
611305305	-3.08	91.19	16.7	5.70	46.1	49.0	70.1
613306306	-3.15	90.36	17.3	5.57	46.6	49.7	69.6
615307307	-3.21	89.56	17.8	5.48	47.1	50.4	69.3
617308308	-3.25	88.87	18.2	5.40	47.6	50.9	69.0
619309309	-3.29	88.31	18.6	5.34	47.9	51.4	68.8
621310310	-3.31	87.77	18.9	5.31	48.3	51.8	68.7
623311311	-3.30	87.25	19.0	5.33	48.7	52.3	68.7
625312312	-3.28	86.77	19.1	5.35	49.1	52.7	68.8
627313313	-3.25	86.24	19.1	5.40	49.6	53.2	69.0
629314314	-3.21	85.65	19.0	5.48	50.2	53.7	69.3
631315315	-3.14	84.93	18.9	5.60	50.9	54.3	69.7
633316316	-3.08	84.35	18.8	5.69	51.5	54.9	70.0
635317317	-2.99	83.61	18.5	5.86	52.4	55.6	70.5
637318318	-2.92	82.80	18.4	6.00	53.2	56.3	70.9
639319319	-2.82	81.94	18.1	6.21	54.2	57.2	71.5
641320320	-2.72	81.00	17.8	6.44	55.3	58.1	72.1
643321321	-2.63	79.99	17.6	6.65	56.4	59.1	72.6
645322322	-2.54	78.94	17.4	6.88	57.6	60.2	73.2
647323323	-2.47	77.72	17.4	7.09	59.0	61.5	73.6
649324324	-2.37	76.59	17.2	7.37	60.4	62.8	74.1
651325325	-2.32	75.45	17.2	7.55	61.7	64.0	74.4
653326326	-2.26	74.22	17.2	7.74	63.1	65.5	74.7
655327327	-2.19	73.00	17.2	7.98	64.7	66.9	75.1
657328328	-2.16	71.74	17.5	8.09	66.2	68.4	75.2
659329329	-2.11	70.34	17.7	8.28	67.9	70.2	75.4
661330330	-2.07	68.75	18.0	8.44	70.0	72.3	75.5
663331331	-2.03	67.28	18.4	8.58	71.9	74.2	75.6
665332332	-2.00	65.98	18.8	8.71	73.7	76.1	75.7
667333333	-2.00	64.63	19.4	8.74	75.5	78.0	75.6
669334334	-1.99	63.17	20.1	8.77	77.6	80.2	75.5
671335335	-1.97	61.78	20.6	8.88	79.7	82.3	75.5
673336336	-1.96	60.35	21.5	8.89	81.8	84.6	75.3
675337337	-1.96	58.96	22.3	8.89	84.0	86.9	75.1
677338338	-1.99	57.41	23.7	8.75	86.4	89.6	74.6
679339339	-2.01	56.01	24.9	8.69	88.6	92.1	74.3
681340340	-2.02	54.65	26.2	8.63	90.9	94.6	73.9
683341341	-2.05	53.01	27.9	8.52	93.7	97.8	73.4
685342342	-2.07	51.34	29.8	8.44	96.7	101.2	72.9
687343343	-2.10	49.68	31.9	8.32	99.7	104.7	72.3
689344344	-2.14	48.14	34.2	8.16	102.5	108.1	71.5
691345345	-2.17	46.21	37.1	8.06	106.4	112.7	70.8
693346346	-2.22	44.45	40.5	7.87	109.8	117.0	69.8
695347347	-2.27	42.55	44.4	7.69	113.6	122.0	68.6
697348348	-2.31	40.66	48.6	7.57	117.6	127.3	67.6
699349349	-2.37	38.64	53.8	7.39	121.8	133.2	66.2
701350350	-2.43	36.68	59.7	7.19	125.8	139.2	64.6
703351351	-2.48	34.70	66.2	7.04	130.0	145.9	63.0
705352352	-2.55	32.65	74.0	6.86	133.9	153.0	61.1
707353353	-2.62	30.56	82.8	6.69	137.7	160.7	59.0
709354354	-2.69	28.33	93.6	6.51	141.2	169.4	56.5
711355355	-2.75	26.22	105.0	6.36	143.8	178.0	53.9
713356356	-2.82	24.06	118.0	6.21	145.4	187.3	51.0
715357357	-2.90	22.00	131.7	6.05	145.3	196.1	47.8
717358358	-2.96	19.89	146.8	5.93	143.9	205.6	44.4
719359359	-3.04	17.92	161.8	5.77	139.3	213.5	40.7
721360360	-3.09	15.83	178.3	5.69	134.0	223.1	36.9
723361361	-3.14	13.62	196.0	5.58	124.7	232.4	32.5
725362362	-3.19	11.70	211.2	5.51	114.1	240.0	28.4
727363363	-3.23	9.70	226.1	5.45	100.2	247.3	23.9
729364364	-3.26	7.62	240.0	5.40	82.9	253.9	19.1
731365365	-3.28	5.53	251.4	5.35	62.6	259.1	14.0
733366366	-3.31	3.63	258.8	5.32	42.0	262.2	9.2
735367367	-3.30	1.61	264.7	5.32	19.1	265.4	4.1
737368368	-3.31	-0.43	265.3	5.31	-5.0	265.3	-1.1
739369369	-3.32	-2.56	261.5	5.30	-29.9	263.2	-6.5
741370370	-3.33	-4.60	253.3	5.29	-51.8	258.6	-11.6
743371371	-3.31	-6.66	243.5	5.32	-72.5	254.1	-16.6
745372372	-3.32	-8.83	228.2	5.30	-89.5	245.1	-21.4
747373373	-3.31	-10.90	213.2	5.31	-103.1	236.8	-25.8
749374374	-3.32	-13.02	196.5	5.29	-113.0	226.6	-29.9
751375375	-3.32	-15.11	180.5	5.30	-120.3	216.9	-33.7
753376376	-3.31	-17.27	164.5	5.30	-125.0	206.6	-37.2
755377377	-3.33	-19.31	150.4	5.28	-126.5	196.5	-40.1
757378378	-3.32	-21.36	137.3	5.30	-127.7	187.5	-42.9
759379379	-3.34	-23.43	125.3	5.27	-126.5	178.1	-45.3
761380380	-3.35	-25.68	113.5	5.25	-124.4	168.5	-47.6
763381381	-3.36	-27.84	103.6	5.23	-121.8	159.9	-49.6
765382382	-3.38	-29.89	95.1	5.21	-118.9	152.3	-51.3
767383383	-3.38	-31.99	87.3	5.21	-115.9	145.1	-53.0
769384384	-3.42	-34.21	80.3	5.15	-111.8	137.6	-54.3
771385385	-3.47	-36.52	74.0	5.08	-107.4	130.4	-55.4
773386386	-3.51	-38.75	68.5	5.02	-103.3	124.0	-56.4
775387387	-3.58	-40.95	64.0	4.93	-99.1	118.0	-57.1
777388388	-3.64	-43.20	59.9	4.85	-95.1	112.4	-57.8
779389389	-3.74	-45.40	56.6	4.72	-90.8	107.0	-58.1
781390390	-3.81	-47.55	53.5	4.64	-87.3	102.4	-58.5
783391391	-3.93	-49.67	51.2	4.49	-83.4	97.9	-58.4
785392392	-4.03	-51.81	48.9	4.39	-80.0	93.8	-58.6
787393393	-4.15	-53.69	47.3	4.27	-76.9	90.3	-58.4
789394394	-4.27	-55.66	45.8	4.15	-73.8	86.8	-58.2
791395395	-4.41	-57.28	44.8	4.02	-71.2	84.1	-57.8
793396396	-4.52	-58.82	43.8	3.93	-68.9	81.7	-57.6
795397397	-4.62	-60.03	43.2	3.85	-67.1	79.8	-57.2
797398398	-4.65	-61.15	42.3	3.82	-65.9	78.3	-57.3
799399399	-4.59	-61.97	41.1	3.87	-65.6	77.4	-57.9
801400400	-4.47	-63.01	39.4	3.97	-65.4	76.4	-58.9
803401401	-4.32	-64.53	37.2	4.11	-64.9	74.8	-60.2
805402402	-4.11	-66.59	34.2	4.31	-64.0	72.6	-61.9
807403403	-3.91	-69.23	31.1	4.51	-62.4	69.8	-63.5
809404404	-3.76	-72.41	28.1	4.70	-60.1	66.4	-64.9
811405405	-3.64	-75.74	25.6	4.85	-57.5	62.9	-66.0
813406406	-3.58	-79.22	23.6	4.92	-54.6	59.5	-66.7
815407407	-3.55	-82.64	21.9	4.97	-51.8	56.3	-67.1
817408408	-3.52	-85.96	20.6	5.00	-49.2	53.4	-67.3
819409409	-3.52	-89.17	19.5	5.00	-46.8	50.7	-67.4
821410410	-3.54	-92.24	18.6	4.98	-44.5	48.2	-67.3
823411411	-3.54	-95.35	17.8	4.98	-42.3	45.9	-67.2
825412412	-3.55	-98.28	17.1	4.97	-40.3	43.7	-67.0
827413413	-3.56	-100.99	16.5	4.94	-38.5	41.9	-66.7
829414414	-3.56	-103.82	15.9	4.95	-36.7	40.0	-66.5
831415415	-3.57	-106.42	15.5	4.93	-35.0	38.3	-66.2
833416416	-3.60	-108.95	15.1	4.90	-33.5	36.7	-65.7
835417417	-3.59	-111.52	14.6	4.90	-32.0	35.2	-65.4
837418418	-3.62	-113.97	14.3	4.87	-30.6	33.8	-64.9
839419419	-3.63	-116.32	14.0	4.86	-29.3	32.4	-64.4
841420420	-3.62	-118.64	13.7	4.86	-28.0	31.2	-63.9
843421421	-3.63	-120.96	13.4	4.86	-26.8	29.9	-63.4
845422422	-3.64	-123.14	13.2	4.84	-25.6	28.8	-62.7
847423423	-3.68	-125.22	13.1	4.79	-24.5	27.8	-61.9
849424424	-3.69	-127.34	12.9	4.78	-23.4	26.7	-61.2
851425425	-3.70	-129.44	12.7	4.77	-22.4	25.7	-60.4
853426426	-3.70	-131.55	12.5	4.77	-21.3	24.7	-59.6
855427427	-3.73	-133.53	12.4	4.73	-20.3	23.8	-58.6
857428428	-3.77	-135.53	12.4	4.68	-19.4	23.0	-57.4
859429429	-3.79	-137.45	12.3	4.65	-18.4	22.2	-56.3
861430430	-3.82	-139.48	12.2	4.62	-17.5	21.3	-55.1
863431431	-3.84	-141.45	12.1	4.60	-16.6	20.5	-53.8
865432432	-3.85	-143.33	12.0	4.58	-15.7	19.8	-52.5
867433433	-3.89	-145.24	12.0	4.54	-14.8	19.1	-50.9
869434434	-3.93	-147.18	12.0	4.50	-13.9	18.4	-49.2
871435435	-3.96	-149.09	12.0	4.46	-13.1	17.8	-47.4
873436436	-3.97	-150.88	11.9	4.45	-12.3	17.1	-45.8
875437437	-4.00	-152.82	11.9	4.42	-11.4	16.5	-43.8
877438438	-4.01	-154.76	11.9	4.40	-10.6	15.9	-41.7
879439439	-4.03	-156.65	11.9	4.38	-9.8	15.4	-39.5
881440440	-4.07	-158.42	11.9	4.35	-9.0	14.9	-37.2
883441441	-4.06	-160.17	11.8	4.35	-8.3	14.4	-35.0
885442442	-4.07	-162.02	11.8	4.35	-7.5	13.9	-32.4
887443443	-4.06	-163.77	11.7	4.35	-6.7	13.5	-30.0
889444444	-4.06	-165.43	11.6	4.36	-6.1	13.1	-27.5
891445445	-4.05	-167.25	11.6	4.37	-5.3	12.7	-24.5
893446446	-4.03	-169.12	11.5	4.38	-4.5	12.4	-21.4
895447447	-4.02	-170.74	11.4	4.40	-3.8	12.1	-18.6
897448448	-3.99	-172.50	11.3	4.43	-3.1	11.8	-15.3
899449449	-3.97	-174.14	11.3	4.45	-2.4	11.5	-12.2
901450450	-3.93	-175.82	11.1	4.49	-1.7	11.3	-8.8
903451451	-3.90	-177.57	11.0	4.53	-1.0	11.1	-5.2
905452452	-3.86	-179.06	10.9	4.57	-0.4	10.9	-2.0
907453453	-3.82	179.33	10.8	4.62	0.3	10.8	1.5
909454454	-3.77	177.83	10.7	4.68	0.9	10.7	4.8
911455455	-3.72	176.22	10.6	4.74	1.6	10.7	8.5
913456456	-3.62	174.71	10.3	4.87	2.2	10.5	12.1
915457457	-3.60	173.23	10.2	4.90	2.8	10.6	15.5
917458458	-3.55	171.75	10.1	4.96	3.5	10.7	18.8
919459459	-3.50	170.27	10.0	5.03	4.1	10.8	22.2
921460460	-3.44	168.84	9.8	5.12	4.7	10.9	25.5
923461461	-3.38	167.38	9.7	5.20	5.3	11.1	28.7
925462462	-3.32	165.92	9.6	5.30	6.0	11.3	31.9
927463463	-3.27	164.58	9.5	5.38	6.5	11.5	34.6
929464464	-3.21	163.20	9.3	5.48	7.1	11.7	37.4
931465465	-3.15	161.75	9.2	5.58	7.8	12.0	40.2
933466466	-3.10	160.42	9.1	5.66	8.3	12.3	42.6
935467467	-3.06	159.16	9.0	5.74	8.9	12.7	44.7
937468468	-2.99	157.80	8.8	5.87	9.5	13.0	47.1
939469469	-2.95	156.44	8.8	5.95	10.1	13.4	49.1
941470470	-2.89	155.11	8.6	6.07	10.7	13.8	51.2
943471471	-2.84	153.72	8.5	6.17	11.4	14.2	53.1
945472472	-2.80	152.38	8.5	6.26	12.0	14.6	54.7
947473473	-2.74	151.09	8.3	6.39	12.6	15.1	56.4
949474474	-2.69	149.71	8.2	6.50	13.2	15.6	58.0
951475475	-2.64	148.20	8.1	6.63	13.9	16.1	59.6
953476476	-2.59	146.75	8.0	6.76	14.6	16.6	61.1
955477477	-2.55	145.37	8.0	6.86	15.2	17.2	62.3
957478478	-2.51	143.86	7.9	6.96	15.9	17.8	63.5
959479479	-2.47	142.43	7.9	7.07	16.6	18.4	64.7
961480480	-2.44	140.84	7.8	7.16	17.4	19.1	65.7
963481481	-2.40	139.32	7.8	7.28	18.1	19.7	66.8
965482482	-2.38	137.81	7.8	7.33	18.9	20.4	67.5
967483483	-2.35	136.11	7.8	7.42	19.7	21.2	68.4
969484484	-2.31	134.56	7.8	7.56	20.5	21.9	69.3
971485485	-2.28	132.78	7.7	7.67	21.4	22.8	70.1
973486486	-2.24	131.03	7.7	7.81	22.3	23.6	71.0
975487487	-2.20	129.24	7.7	7.95	23.3	24.5	71.7
977488488	-2.19	127.44	7.8	7.96	24.2	25.4	72.2
979489489	-2.17	125.31	7.8	8.06	25.4	26.5	72.8
981490490	-2.14	123.39	7.9	8.16	26.4	27.6	73.4
983491491	-2.12	121.53	8.0	8.22	27.4	28.6	73.8
985492492	-2.12	119.49	8.1	8.25	28.6	29.7	74.2
987493493	-2.07	117.39	8.1	8.45	29.8	30.9	74.9
989494494	-2.08	115.34	8.3	8.41	31.0	32.1	75.1
991495495	-2.05	113.03	8.4	8.51	32.4	33.5	75.5
993496496	-2.02	110.75	8.5	8.65	33.8	34.9	75.9
995497497	-2.03	108.49	8.7	8.62	35.3	36.3	76.1
997498498	-2.04	106.28	9.1	8.56	36.7	37.8	76.1
999499499	-2.03	103.90	9.3	8.60	38.3	39.4	76.4
1001500500	-2.03	101.62	9.6	8.58	39.8	41.0	76.4
1003501501	-2.06	99.13	10.1	8.49	41.6	42.8	76.4
1005502502	-2.09	96.73	10.6	8.34	43.3	44.6	76.2
1007503503	-2.13	94.31	11.2	8.19	45.1	46.5	76.0
1009504504	-2.15	91.68	11.8	8.11	47.1	48.6	75.9
1011505505	-2.20	89.12	12.6	7.94	49.2	50.8	75.6
1013506506	-2.24	86.55	13.4	7.79	51.3	53.0	75.3
1015507507	-2.33	83.95	14.6	7.49	53.4	55.4	74.7
1017508508	-2.44	81.34	16.0	7.18	55.6	57.9	74.0
1019509509	-2.54	78.73	17.5	6.90	57.9	60.4	73.2
1021510510	-2.69	76.14	19.5	6.51	60.0	63.1	72.0
1023511511	-2.87	73.66	21.8	6.10	62.0	65.7	70.7
1025512512	-3.02	71.01	24.1	5.81	64.3	68.6	69.4
1027513513	-3.23	68.38	27.1	5.43	66.2	71.6	67.7
1029514514	-3.43	65.71	30.4	5.13	68.3	74.7	66.0
1031515515	-3.68	63.12	34.1	4.79	69.8	77.7	63.9
1033516516	-3.98	60.32	38.8	4.44	71.0	80.9	61.4
1035517517	-4.30	57.84	43.5	4.12	71.4	83.6	58.7
1037518518	-4.64	55.30	48.5	3.83	71.3	86.2	55.7
1039519519	-4.95	52.50	53.9	3.60	71.1	89.2	52.8
1041520520	-5.33	49.87	59.4	3.36	69.5	91.4	49.5
1043521521	-5.75	47.17	65.0	3.13	67.0	93.3	45.9
1045522522	-3.50	114.93	13.8	5.03	30.1	33.1	65.5
1047523523	-3.23	92.65	17.1	5.44	44.7	47.9	69.1
1049524524	-7.51	35.98	83.0	2.46	49.9	96.8	31.0
1051525525	-8.73	28.20	88.6	2.15	35.3	95.4	21.8
1053526526	-9.27	24.97	89.1	2.05	29.3	93.8	18.2
1055527527	-9.80	21.33	89.2	1.96	23.4	92.2	14.7
1057528528	-10.33	17.88	88.4	1.88	18.2	90.3	11.6
1059529529	-10.89	13.99	87.1	1.80	13.1	88.0	8.5
1061530530	-11.51	9.87	85.0	1.72	8.3	85.4	5.6
1063531531	-12.15	5.05	82.5	1.66	3.8	82.6	2.7
1065532532	-12.81	0.19	79.7	1.59	0.1	79.7	0.1
1067533533	-13.47	-6.22	76.6	1.54	-3.7	76.7	-2.8
1069534534	-14.26	-12.16	73.0	1.48	-6.2	73.3	-4.8
1071535535	-14.97	-19.88	69.5	1.43	-8.7	70.1	-7.1
1073536536	-15.52	-27.64	66.4	1.40	-10.6	67.3	-9.1
1075537537	-16.17	-37.25	62.8	1.37	-12.1	64.0	-10.9
1077538538	-16.61	-47.62	59.5	1.35	-13.3	60.9	-12.6
1079539539	-16.69	-58.12	56.4	1.34	-14.3	58.2	-14.3
1081540540	-16.66	-69.99	53.1	1.34	-15.0	55.2	-15.8
1083541541	-16.44	-81.58	49.9	1.35	-15.2	52.2	-17.0
1085542542	-15.95	-91.91	47.0	1.38	-15.4	49.5	-18.1
1087543543	-15.38	-100.88	44.4	1.41	-15.3	47.0	-19.0
1089544544	-14.78	-109.02	42.0	1.45	-15.0	44.5	-19.6
1091545545	-14.12	-115.42	39.8	1.49	-14.7	42.4	-20.3
1093546546	-13.39	-121.36	37.6	1.54	-14.4	40.3	-21.0
1095547547	-12.67	-126.08	35.6	1.61	-14.2	38.3	-21.7
1097548548	-12.05	-131.05	33.7	1.67	-13.5	36.3	-21.9
1099549549	-11.38	-135.08	31.9	1.74	-13.1	34.5	-22.3
1101550550	-10.79	-138.73	30.2	1.81	-12.6	32.7	-22.6
1103551551	-10.24	-142.44	28.6	1.89	-11.9	31.0	-22.5
1105552552	-9.72	-145.45	27.2	1.97	-11.3	29.4	-22.5
1107553553	-9.27	-148.70	25.8	2.05	-10.5	27.9	-22.1
1109554554	-8.79	-151.37	24.5	2.14	-9.8	26.4	-21.9
1111555555	-8.35	-154.18	23.3	2.24	-9.1	25.0	-21.3
1113556556	-7.95	-156.82	22.1	2.34	-8.3	23.7	-20.6
1115557557	-7.59	-159.29	21.1	2.43	-7.5	22.4	-19.7
1117558558	-7.28	-161.52	20.2	2.53	-6.8	21.4	-18.6
1119559559	-6.93	-163.83	19.3	2.64	-6.1	20.2	-17.4
1121560560	-6.62	-166.23	18.4	2.75	-5.2	19.1	-15.8
1123561561	-6.27	-168.37	17.5	2.89	-4.5	18.0	-14.4
1125562562	-5.97	-170.65	16.6	3.02	-3.6	17.0	-12.3
1127563563	-5.67	-172.78	15.8	3.17	-2.8	16.1	-10.2
1129564564	-5.41	-175.30	15.1	3.32	-1.9	15.2	-7.0
1131565565	-5.13	-177.39	14.4	3.49	-1.0	14.4	-4.2
1133566566	-4.88	-179.61	13.7	3.66	-0.2	13.7	-0.7
1135567567	-4.57	178.25	12.9	3.88	0.7	12.9	3.2
1137568568	-4.36	176.27	12.3	4.07	1.5	12.4	7.1
1139569569	-4.15	174.25	11.7	4.27	2.4	12.0	11.4
1141570570	-3.89	172.20	11.1	4.54	3.2	11.5	16.4
1143571571	-3.65	169.99	10.4	4.82	4.2	11.3	21.9
1145572572	-3.39	167.89	9.7	5.19	5.1	11.0	27.7
1147573573	-3.17	166.04	9.1	5.55	5.9	10.9	32.9
1149574574	-2.97	164.08	8.6	5.91	6.8	11.0	38.2
1151575575	-2.73	162.04	8.0	6.42	7.7	11.1	44.0
1153576576	-2.52	160.15	7.4	6.94	8.6	11.3	49.1
1155577577	-2.32	158.25	6.9	7.52	9.4	11.7	53.8
1157578578	-2.14	156.24	6.4	8.17	10.4	12.2	58.3
1159579579	-1.94	154.44	5.8	8.99	11.2	12.6	62.4
1161580580	-1.77	152.54	5.4	9.82	12.1	13.2	66.0
1163581581	-1.57	150.68	4.8	11.09	13.0	13.8	69.6
1165582582	-1.41	148.75	4.4	12.32	13.9	14.6	72.5
1167583583	-1.27	146.91	4.0	13.74	14.8	15.3	75.0
1169584584	-1.10	144.98	3.5	15.85	15.7	16.1	77.5
1171585585	-0.97	143.13	3.1	17.98	16.6	16.9	79.5
1173586586	-0.82	140.97	2.7	21.18	17.7	17.9	81.5
1175587587	-0.69	139.23	2.3	25.16	18.5	18.7	83.0
1177588588	-0.59	137.30	2.0	29.55	19.5	19.6	84.3
1179589589	-0.45	135.41	1.5	38.62	20.5	20.5	85.8
1181590590	-0.35	133.66	1.2	50.16	21.4	21.4	86.8
1183591591	-0.23	131.52	0.8	75.54	22.5	22.5	88.0
1185592592	-0.13	129.51	0.5	135.35	23.6	23.6	88.9
1187593593	-0.03	127.63	0.1	559.57	24.6	24.6	89.7
1189594594	0.00	125.59	0.0	?	25.7	25.7	90.0
1191595595	0.00	123.67	0.0	?	26.8	26.8	90.0
1193596596	0.00	121.51	0.0	?	28.0	28.0	90.0
1195597597	0.00	119.35	0.0	?	29.2	29.2	90.0
1197598598	0.00	117.25	0.0	?	30.5	30.5	90.0
1199599599	0.00	114.58	0.0	?	32.1	32.1	90.0
1201600600	0.00	112.11	0.0	?	33.7	33.7	90.0
1203601601	0.00	109.78	0.0	?	35.2	35.2	90.0
1205602602	0.00	107.08	0.0	?	36.9	36.9	90.0
1207603603	0.00	104.35	0.0	?	38.8	38.8	90.0
1209604604	0.00	101.59	0.0	?	40.8	40.8	90.0
1211605605	0.00	98.69	0.0	?	42.9	42.9	90.0
1213606606	0.00	95.47	0.0	?	45.4	45.4	90.0
1215607607	0.00	92.19	0.0	?	48.1	48.1	90.0
1217608608	0.00	89.30	0.0	?	50.6	50.6	90.0
1219609609	0.00	86.11	0.0	?	53.5	53.5	90.0
1221610610	0.00	82.62	0.0	?	56.9	56.9	90.0
1223611611	0.00	79.32	0.0	?	60.3	60.3	90.0
1225612612	0.00	75.88	0.0	?	64.1	64.1	90.0
1227613613	0.00	72.24	0.0	?	68.5	68.5	90.0
1229614614	0.00	68.51	0.0	?	73.4	73.4	90.0
1231615615	0.00	65.11	0.0	?	78.3	78.3	90.0
1233616616	0.00	61.43	0.0	?	84.2	84.2	90.0
1235617617	0.00	57.93	0.0	?	90.3	90.3	90.0
1237618618	0.00	54.15	0.0	?	97.8	97.8	90.0
1239619619	0.00	50.35	0.0	?	106.4	106.4	90.0
1241620620	0.00	46.94	0.0	?	115.1	115.1	90.0
1243621621	0.00	42.97	0.0	?	127.0	127.0	90.0
1245622622	0.00	39.25	0.0	?	140.2	140.2	90.0
1247623623	0.00	35.65	0.0	?	155.5	155.5	90.0
1249624624	0.00	32.23	0.0	?	173.0	173.0	90.0
1251625625	0.00	28.93	0.0	?	193.8	193.8	90.0
1253626626	0.00	25.23	0.0	?	223.4	223.4	90.0
1255627627	0.00	22.02	0.0	?	257.0	257.0	90.0
1257628628	-0.07	18.46	8.2	237.44	307.4	307.5	88.5
1259629629	-0.21	15.18	33.7	84.41	372.3	373.8	84.8
1261630630	-0.33	11.98	84.5	52.61	461.3	469.0	79.6
1263631631	-0.45	8.81	198.6	38.29	581.8	614.7	71.2
1265632632	-0.60	5.83	458.3	28.78	669.1	811.0	55.6
1267633633	-0.78	2.89	848.6	22.36	477.5	973.7	29.4
1269634634	-0.95	-0.27	914.8	18.33	-39.2	915.7	-2.5
1271635635	-1.09	-3.35	654.5	15.91	-303.0	721.3	-24.8
1273636636	-1.25	-6.01	455.1	13.94	-330.5	562.4	-36.0
1275637637	-1.42	-9.08	316.7	12.25	-304.1	439.1	-43.8
1277638638	-1.62	-11.91	240.8	10.75	-264.7	357.8	-47.7
1279639639	-1.78	-14.58	193.7	9.77	-235.7	305.1	-50.6
1281640640	-1.97	-17.28	161.2	8.85	-209.2	264.1	-52.4
1283641641	-2.14	-19.93	137.8	8.14	-188.3	233.3	-53.8
1285642642	-2.35	-22.76	119.4	7.45	-168.8	206.7	-54.7
1287643643	-2.54	-25.65	104.7	6.89	-152.9	185.3	-55.6
1289644644	-2.69	-28.27	93.9	6.50	-141.2	169.6	-56.4
1291645645	-2.90	-31.21	84.6	6.05	-129.0	154.3	-56.8
1293646646	-3.06	-34.01	76.9	5.74	-119.7	142.3	-57.3
1295647647	-3.23	-36.53	71.4	5.44	-111.8	132.6	-57.4
1297648648	-3.41	-39.23	66.3	5.16	-104.3	123.6	-57.5
1299649649	-3.55	-41.94	61.6	4.96	-98.0	115.8	-57.8
1301650650	-3.72	-45.03	57.1	4.74	-91.5	107.9	-58.0
1303651651	-3.83	-47.75	53.4	4.61	-86.8	101.9	-58.4
1305652652	-4.00	-50.62	50.3	4.42	-81.7	95.9	-58.4
1307653653	-4.07	-53.25	47.3	4.35	-78.1	91.3	-58.8
1309654654	-4.20	-56.08	44.8	4.22	-73.9	86.4	-58.8
1311655655	-4.30	-58.79	42.5	4.12	-70.5	82.3	-58.9
1313656656	-4.42	-61.61	40.4	4.02	-67.0	78.2	-58.9
1315657657	-4.46	-64.26	38.3	3.98	-64.3	74.8	-59.3
1317658658	-4.50	-66.68	36.5	3.94	-61.9	71.9	-59.4
1319659659	-4.54	-69.70	34.5	3.91	-59.2	68.5	-59.8
1321660660	-4.57	-72.06	33.0	3.89	-57.1	65.9	-60.0
1323661661	-4.61	-74.54	31.7	3.86	-54.9	63.4	-60.0
1325662662	-4.61	-76.99	30.3	3.86	-53.0	61.0	-60.3
1327663663	-4.62	-79.44	29.0	3.85	-51.1	58.8	-60.4
1329664664	-4.63	-81.53	28.0	3.84	-49.5	56.9	-60.5
1331665665	-4.61	-84.00	26.7	3.86	-47.8	54.8	-60.8
1333666666	-4.60	-86.09	25.8	3.86	-46.4	53.1	-60.9
1335667667	-4.58	-88.08	24.9	3.88	-45.1	51.5	-61.1
1337668668	-4.55	-89.96	24.0	3.91	-43.9	50.0	-61.3
1339669669	-4.52	-91.93	23.2	3.93	-42.6	48.5	-61.4
1341670670	-4.48	-94.01	22.3	3.96	-41.4	47.0	-61.6
1343671671	-4.47	-95.71	21.8	3.97	-40.3	45.8	-61.6
1345672672	-4.41	-97.71	20.9	4.03	-39.2	44.4	-61.9
1347673673	-4.35	-99.38	20.2	4.08	-38.2	43.2	-62.1
1349674674	-4.30	-100.78	19.7	4.12	-37.4	42.3	-62.3
1351675675	-4.28	-102.44	19.1	4.14	-36.5	41.2	-62.3
1353676676	-4.24	-103.92	18.6	4.18	-35.6	40.2	-62.4
1355677677	-4.17	-105.52	18.0	4.25	-34.8	39.2	-62.6
1357678678	-4.12	-107.04	17.5	4.29	-34.0	38.2	-62.7
1359679679	-4.08	-108.57	17.0	4.34	-33.1	37.2	-62.8
1361680680	-4.05	-109.84	16.7	4.37	-32.4	36.5	-62.8
1363681681	-4.00	-111.07	16.3	4.41	-31.8	35.7	-62.9
1365682682	-3.95	-112.45	15.8	4.47	-31.1	34.9	-63.0
1367683683	-3.88	-113.84	15.3	4.55	-30.4	34.0	-63.2
1369684684	-3.84	-115.19	15.0	4.60	-29.7	33.2	-63.3
1371685685	-3.79	-116.38	14.6	4.65	-29.1	32.5	-63.3
1373686686	-3.74	-117.37	14.3	4.71	-28.6	32.0	-63.4
1375687687	-3.71	-118.61	14.0	4.75	-27.9	31.2	-63.4
1377688688	-3.66	-119.88	13.7	4.81	-27.3	30.5	-63.4
1379689689	-3.57	-121.05	13.2	4.93	-26.7	29.8	-63.7
1381690690	-3.54	-122.12	12.9	4.98	-26.2	29.2	-63.7
1383691691	-3.50	-123.10	12.7	5.03	-25.7	28.7	-63.7
1385692692	-3.44	-124.26	12.4	5.12	-25.2	28.0	-63.8
1387693693	-3.39	-125.39	12.1	5.18	-24.6	27.4	-63.8
1389694694	-3.35	-126.46	11.8	5.25	-24.1	26.8	-63.8
1391695695	-3.27	-127.33	11.5	5.37	-23.7	26.3	-64.1
1393696696	-3.22	-128.42	11.2	5.46	-23.2	25.7	-64.2
1395697697	-3.15	-129.32	10.9	5.57	-22.7	25.2	-64.4
1397698698	-3.09	-130.34	10.6	5.68	-22.3	24.7	-64.5
1399699699	-3.02	-131.21	10.3	5.80	-21.9	24.2	-64.7
1401700700	-2.97	-132.05	10.1	5.90	-21.5	23.7	-64.8
1403701701	-2.89	-133.04	9.8	6.06	-21.0	23.2	-65.1
1405702702	-2.83	-133.80	9.5	6.20	-20.7	22.7	-65.3
1407703703	-2.77	-134.64	9.3	6.32	-20.3	22.3	-65.5
1409704704	-2.69	-135.46	8.9	6.50	-19.9	21.8	-65.8
1411705705	-2.66	-136.16	8.8	6.58	-19.6	21.5	-65.8
1413706706	-2.58	-136.91	8.5	6.79	-19.2	21.0	-66.2
1415707707	-2.52	-137.63	8.2	6.95	-18.9	20.6	-66.4
1417708708	-2.45	-138.30	8.0	7.15	-18.6	20.3	-66.8
1419709709	-2.37	-138.93	7.7	7.37	-18.3	19.9	-67.2
1421710710	-2.32	-139.63	7.5	7.55	-18.0	19.5	-67.4
1423711711	-2.23	-140.38	7.2	7.83	-17.7	19.1	-67.8
1425712712	-2.16	-140.93	6.9	8.10	-17.4	18.8	-68.3
1427713713	-2.08	-141.38	6.7	8.38	-17.2	18.5	-68.8
1429714714	-2.01	-141.99	6.4	8.69	-17.0	18.1	-69.3
1431715715	-1.93	-142.54	6.2	9.02	-16.7	17.8	-69.7
1433716716	-1.88	-142.90	6.0	9.28	-16.6	17.6	-70.1
1435717717	-1.83	-143.35	5.8	9.53	-16.4	17.4	-70.4
1437718718	-1.77	-143.96	5.6	9.85	-16.1	17.0	-70.8
1439719719	-1.71	-144.43	5.4	10.21	-15.9	16.8	-71.2
1441720720	-1.62	-144.77	5.1	10.77	-15.7	16.5	-72.0
1443721721	-1.52	-145.07	4.8	11.42	-15.6	16.3	-72.9
1445722722	-1.48	-145.35	4.7	11.75	-15.5	16.2	-73.2
1447723723	-1.41	-145.77	4.4	12.38	-15.3	15.9	-73.9
1449724724	-1.38	-146.14	4.3	12.60	-15.1	15.7	-74.0
1451725725	-1.31	-146.47	4.1	13.25	-15.0	15.5	-74.6
1453726726	-1.28	-146.80	4.0	13.62	-14.8	15.3	-74.9
1455727727	-1.22	-146.96	3.8	14.26	-14.7	15.2	-75.5
1457728728	-1.18	-147.23	3.7	14.71	-14.6	15.1	-75.8
1459729729	-1.12	-147.51	3.5	15.51	-14.5	14.9	-76.5
1461730730	-1.09	-147.82	3.4	15.92	-14.4	14.8	-76.7
1463731731	-1.05	-148.00	3.3	16.60	-14.3	14.6	-77.1
1465732732	-1.00	-148.16	3.1	17.38	-14.2	14.5	-77.7
1467733733	-0.96	-148.49	3.0	18.10	-14.1	14.4	-78.0
1469734734	-0.92	-148.58	2.9	18.83	-14.0	14.3	-78.5
1471735735	-0.91	-148.71	2.8	19.12	-14.0	14.2	-78.6
1473736736	-0.90	-148.88	2.8	19.34	-13.9	14.2	-78.7
1475737737	-0.87	-149.05	2.7	19.88	-13.8	14.1	-78.9
1477738738	-0.82	-149.29	2.5	21.25	-13.7	13.9	-79.5
1479739739	-0.79	-149.39	2.4	22.13	-13.7	13.9	-79.9
1481740740	-0.78	-149.50	2.4	22.43	-13.6	13.8	-80.0
1483741741	-0.76	-149.70	2.3	23.01	-13.5	13.7	-80.2
1485742742	-0.78	-149.90	2.4	22.36	-13.4	13.6	-79.9
1487743743	-0.74	-150.18	2.3	23.46	-13.3	13.5	-80.3
1489744744	-0.74	-150.28	2.3	23.35	-13.2	13.4	-80.2
1491745745	-0.74	-150.51	2.3	23.55	-13.1	13.3	-80.2
1493746746	-0.72	-150.83	2.2	24.17	-13.0	13.2	-80.3
1495747747	-0.72	-150.77	2.2	24.22	-13.0	13.2	-80.4
1497748748	-0.74	-150.98	2.3	23.40	-12.9	13.1	-80.0
1499749749	-0.73	-151.09	2.2	23.91	-12.9	13.1	-80.2
1501750750	-0.72	-151.40	2.2	24.15	-12.7	12.9	-80.2
1503751751	-0.71	-151.69	2.2	24.54	-12.6	12.8	-80.2
1505752752	-0.70	-152.03	2.2	24.66	-12.4	12.6	-80.2
1507753753	-0.72	-152.45	2.2	24.15	-12.2	12.4	-79.8
1509754754	-0.73	-152.60	2.2	23.94	-12.2	12.4	-79.7
1511755755	-0.71	-152.89	2.2	24.31	-12.0	12.2	-79.8
1513756756	-0.74	-153.14	2.2	23.63	-11.9	12.1	-79.4
1515757757	-0.75	-153.55	2.3	23.09	-11.7	11.9	-79.0
1517758758	-0.73	-153.62	2.2	23.70	-11.7	11.9	-79.2
1519759759	-0.73	-153.96	2.2	23.68	-11.5	11.8	-79.1
1521760760	-0.75	-154.39	2.3	23.10	-11.3	11.6	-78.7
1523761761	-0.73	-154.75	2.2	23.92	-11.2	11.4	-78.9
1525762762	-0.71	-155.74	2.1	24.60	-10.7	10.9	-78.8
1527763763	-0.65	-157.15	2.0	26.62	-10.1	10.3	-79.0
1529764764	-0.70	-155.92	2.1	24.94	-10.6	10.9	-78.9
1531765765	-0.72	-155.79	2.2	23.99	-10.7	10.9	-78.5
1533766766	-0.75	-156.26	2.2	23.24	-10.5	10.7	-77.9
1535767767	-0.74	-156.44	2.2	23.57	-10.4	10.6	-78.0
1537768768	-0.71	-156.81	2.1	24.34	-10.2	10.5	-78.2
1539769769	-0.71	-157.40	2.1	24.62	-10.0	10.2	-78.0
1541770770	-0.74	-157.96	2.2	23.62	-9.7	10.0	-77.3
1543771771	-0.72	-158.13	2.2	24.00	-9.6	9.9	-77.4
1545772772	-0.71	-158.38	2.1	24.31	-9.5	9.8	-77.4
1547773773	-0.69	-159.00	2.1	25.10	-9.3	9.5	-77.4
1549774774	-0.69	-159.41	2.0	25.32	-9.1	9.3	-77.3
1551775775	-0.70	-159.80	2.1	24.74	-8.9	9.1	-76.8
1553776776	-0.68	-160.00	2.0	25.58	-8.8	9.0	-77.1
1555777777	-0.67	-160.57	2.0	25.77	-8.5	8.8	-76.9
1557778778	-0.66	-160.90	1.9	26.41	-8.4	8.6	-77.0
1559779779	-0.65	-161.38	1.9	26.91	-8.2	8.4	-76.9
1561780780	-0.60	-161.76	1.8	29.11	-8.0	8.2	-77.6
1563781781	-0.62	-162.08	1.8	28.25	-7.9	8.1	-77.0
1565782782	-0.54	-162.57	1.6	31.97	-7.7	7.8	-78.2
1567783783	-0.51	-162.92	1.5	33.84	-7.5	7.7	-78.6
1569784784	-0.47	-163.28	1.4	36.79	-7.3	7.5	-79.3
1571785785	-0.45	-163.60	1.3	39.03	-7.2	7.3	-79.7
1573786786	-0.42	-163.96	1.2	40.98	-7.0	7.2	-80.0
1575787787	-0.37	-164.28	1.1	46.73	-6.9	7.0	-81.0
1577788788	-0.32	-164.54	0.9	55.06	-6.8	6.8	-82.2
1579789789	-0.26	-165.04	0.8	66.81	-6.6	6.6	-83.4
1581790790	-0.21	-165.40	0.6	82.11	-6.4	6.4	-84.5
1583791791	-0.16	-165.68	0.5	111.52	-6.3	6.3	-85.9
1585792792	-0.09	-166.12	0.2	203.62	-6.1	6.1	-87.7
1587793793	-0.03	-166.70	0.1	659.62	-5.8	5.8	-89.2
1589794794	0.00	-167.00	0.0	?	-5.7	5.7	-90.0
1591795795	0.00	-167.35	0.0	?	-5.5	5.5	-90.0
1593796796	0.00	-167.73	0.0	?	-5.4	5.4	-90.0
1595797797	0.00	-168.06	0.0	?	-5.2	5.2	-90.0
1597798798	0.00	-168.44	0.0	?	-5.1	5.1	-90.0
1599799799	0.00	-168.91	0.0	?	-4.9	4.9	-90.0
1601800800	0.00	-169.45	0.0	?	-4.6	4.6	-90.0
1603801801	0.00	-169.67	0.0	?	-4.5	4.5	-90.0
1605802802	0.00	-169.99	0.0	?	-4.4	4.4	-90.0
1607803803	0.00	-170.52	0.0	?	-4.1	4.1	-90.0
1609804804	0.00	-170.79	0.0	?	-4.0	4.0	-90.0
1611805805	0.00	-171.20	0.0	?	-3.8	3.8	-90.0
1613806806	0.00	-171.55	0.0	?	-3.7	3.7	-90.0
1615807807	0.00	-172.15	0.0	?	-3.4	3.4	-90.0
1617808808	0.00	-172.52	0.0	?	-3.3	3.3	-90.0
1619809809	0.00	-173.12	0.0	?	-3.0	3.0	-90.0
1621810810	0.00	-173.61	0.0	?	-2.8	2.8	-90.0
1623811811	0.00	-173.68	0.0	?	-2.8	2.8	-90.0
1625812812	0.00	-174.15	0.0	?	-2.6	2.6	-90.0
1627813813	0.00	-174.57	0.0	?	-2.4	2.4	-90.0
1629814814	0.00	-174.83	0.0	?	-2.3	2.3	-90.0
1631815815	0.00	-175.09	0.0	?	-2.1	2.1	-90.0
1633816816	0.00	-175.69	0.0	?	-1.9	1.9	-90.0
1635817817	0.00	-176.09	0.0	?	-1.7	1.7	-90.0
1637818818	0.00	-176.53	0.0	?	-1.5	1.5	-90.0
1639819819	0.00	-176.98	0.0	?	-1.3	1.3	-90.0
1641820820	0.00	-177.32	0.0	?	-1.2	1.2	-90.0
1643821821	0.00	-177.88	0.0	?	-0.9	0.9	-90.0
1645822822	0.00	-178.43	0.0	?	-0.7	0.7	-90.0
1647823823	0.00	-178.74	0.0	?	-0.5	0.5	-90.0
1649824824	0.00	-179.32	0.0	?	-0.3	0.3	-90.0
1651825825	0.00	-179.64	0.0	?	-0.2	0.2	-90.0
1653826826	0.00	-179.97	0.0	?	-0.0	0.0	-90.0
1655827827	0.00	179.55	0.0	?	0.2	0.2	90.0
1657828828	0.00	178.87	0.0	?	0.5	0.5	90.0
1659829829	0.00	178.46	0.0	?	0.7	0.7	90.0
1661830830	0.00	178.04	0.0	?	0.9	0.9	90.0
1663831831	0.00	177.45	0.0	?	1.1	1.1	90.0
1665832832	0.00	177.25	0.0	?	1.2	1.2	90.0
1667833833	0.00	176.40	0.0	?	1.6	1.6	90.0
1669834834	0.00	175.77	0.0	?	1.8	1.8	90.0
1671835835	0.00	175.34	0.0	?	2.0	2.0	90.0
1673836836	0.00	174.66	0.0	?	2.3	2.3	90.0
1675837837	0.00	173.87	0.0	?	2.7	2.7	90.0
1677838838	0.00	173.35	0.0	?	2.9	2.9	90.0
1679839839	0.00	172.55	0.0	?	3.3	3.3	90.0
1681840840	0.00	172.06	0.0	?	3.5	3.5	90.0
1683841841	0.00	171.37	0.0	?	3.8	3.8	90.0
1685842842	0.00	170.33	0.0	?	4.2	4.2	90.0
1687843843	0.00	169.65	0.0	?	4.5	4.5	90.0
1689844844	0.00	169.01	0.0	?	4.8	4.8	90.0
1691845845	0.00	168.38	0.0	?	5.1	5.1	90.0
1693846846	0.00	167.59	0.0	?	5.4	5.4	90.0
1695847847	0.00	166.60	0.0	?	5.9	5.9	90.0
1697848848	0.00	166.17	0.0	?	6.1	6.1	90.0
1699849849	0.00	165.63	0.0	?	6.3	6.3	90.0
1701850850	0.00	164.88	0.0	?	6.6	6.6	90.0
1703851851	0.00	164.12	0.0	?	7.0	7.0	90.0
1705852852	0.00	163.24	0.0	?	7.4	7.4	90.0
1707853853	0.00	162.60	0.0	?	7.7	7.7	90.0
1709854854	0.00	162.42	0.0	?	7.7	7.7	90.0
1711855855	0.00	162.03	0.0	?	7.9	7.9	90.0
1713856856	0.00	161.28	0.0	?	8.2	8.2	90.0
1715857857	0.00	161.13	0.0	?	8.3	8.3	90.0
1717858858	0.00	160.62	0.0	?	8.5	8.5	90.0
1719859859	0.00	161.03	0.0	?	8.4	8.4	90.0
1721860860	0.00	160.28	0.0	?	8.7	8.7	90.0
1723861861	0.00	159.75	0.0	?	8.9	8.9	90.0
1725862862	0.00	159.41	0.0	?	9.1	9.1	90.0
1727863863	0.00	158.57	0.0	?	9.5	9.5	90.0
1729864864	0.00	157.85	0.0	?	9.8	9.8	90.0
1731865865	0.00	157.31	0.0	?	10.0	10.0	90.0
1733866866	0.00	156.14	0.0	?	10.6	10.6	90.0
1735867867	0.00	154.87	0.0	?	11.1	11.1	90.0
1737868868	0.00	154.05	0.0	?	11.5	11.5	90.0
1739869869	0.00	153.05	0.0	?	12.0	12.0	90.0
1741870870	0.00	151.54	0.0	?	12.7	12.7	90.0
1743871871	0.00	149.75	0.0	?	13.5	13.5	90.0
1745872872	0.00	148.20	0.0	?	14.2	14.2	90.0
1747873873	0.00	147.00	0.0	?	14.8	14.8	90.0
1749874874	0.00	146.17	0.0	?	15.2	15.2	90.0
1751875875	0.00	144.22	0.0	?	16.1	16.1	90.0
1753876876	0.00	142.59	0.0	?	16.9	16.9	90.0
1755877877	0.00	140.83	0.0	?	17.8	17.8	90.0
1757878878	0.00	139.11	0.0	?	18.6	18.6	90.0
1759879879	0.00	136.90	0.0	?	19.7	19.7	90.0
1761880880	0.00	135.71	0.0	?	20.3	20.3	90.0
1763881881	0.00	134.18	0.0	?	21.1	21.1	90.0
1765882882	0.00	132.25	0.0	?	22.1	22.1	90.0
1767883883	0.00	130.40	0.0	?	23.1	23.1	90.0
1769884884	0.00	128.72	0.0	?	24.0	24.0	90.0
1771885885	0.00	127.04	0.0	?	24.9	24.9	90.0
1773886886	0.00	124.92	0.0	?	26.1	26.1	90.0
1775887887	0.00	123.55	0.0	?	26.8	26.8	90.0
1777888888	0.00	121.50	0.0	?	28.0	28.0	90.0
1779889889	0.00	119.37	0.0	?	29.2	29.2	90.0
1781890890	0.00	117.86	0.0	?	30.1	30.1	90.0
1783891891	0.00	116.34	0.0	?	31.0	31.0	90.0
1785892892	0.00	114.50	0.0	?	32.2	32.2	90.0
1787893893	0.00	112.85	0.0	?	33.2	33.2	90.0
1789894894	0.00	110.81	0.0	?	34.5	34.5	90.0
1791895895	0.00	108.91	0.0	?	35.7	35.7	90.0
1793896896	0.00	107.10	0.0	?	36.9	36.9	90.0
1795897897	0.00	105.28	0.0	?	38.2	38.2	90.0
1797898898	0.00	103.50	0.0	?	39.4	39.4	90.0
1799899899	0.00	101.96	0.0	?	40.5	40.5	90.0
1801900900	0.00	100.08	0.0	?	41.9	41.9	90.0
1803901901	0.00	98.30	0.0	?	43.2	43.2	90.0
1805902902	0.00	96.48	0.0	?	44.6	44.6	90.0
1807903903	0.00	94.35	0.0	?	46.3	46.3	90.0
1809904904	0.00	92.09	0.0	?	48.2	48.2	90.0
1811905905	0.00	90.55	0.0	?	49.5	49.5	90.0
1813906906	0.00	88.50	0.0	?	51.3	51.3	90.0
1815907907	0.00	86.65	0.0	?	53.0	53.0	90.0
1817908908	0.00	84.90	0.0	?	54.7	54.7	90.0
1819909909	0.00	82.75	0.0	?	56.8	56.8	90.0
1821910910	0.00	80.58	0.0	?	59.0	59.0	90.0
1823911911	-0.11	78.72	0.8	155.75	61.0	61.0	89.2
1825912912	-0.37	76.77	2.8	46.86	63.0	63.1	87.5
1827913913	-0.63	74.33	5.0	27.48	65.7	65.9	85.7
1829914914	-0.90	72.22	7.4	19.32	68.0	68.4	83.8
1831915915	-1.14	70.32	9.8	15.27	70.1	70.8	82.0
1833916916	-1.38	67.99	12.5	12.59	72.7	73.7	80.2
1835917917	-1.69	65.77	16.1	10.28	74.9	76.6	77.9
1837918918	-1.91	63.48	19.1	9.15	77.5	79.8	76.1
1839919919	-2.15	61.20	22.7	8.14	79.8	83.0	74.1
1841920920	-2.44	58.79	27.3	7.16	82.0	86.4	71.6
1843921921	-2.71	56.63	31.7	6.47	83.7	89.5	69.2
1845922922	-2.97	54.46	36.5	5.91	85.2	92.6	66.8
1847923923	-3.21	51.55	42.3	5.47	87.6	97.2	64.2
1849924924	-3.46	49.29	47.7	5.09	88.6	100.6	61.7
1851925925	-3.69	46.29	54.6	4.78	90.2	105.5	58.8
1853926926	-3.95	43.30	62.3	4.47	90.9	110.2	55.5
1855927927	-4.19	41.21	68.4	4.23	89.9	113.0	52.7
1857928928	-4.37	38.04	76.8	4.06	90.2	118.4	49.6
1859929929	-4.55	35.48	84.1	3.90	88.9	122.4	46.6
1861930930	-4.76	32.87	91.7	3.74	86.3	125.9	43.3
1863931931	-4.96	30.08	99.7	3.60	83.0	129.7	39.8
1865932932	-5.17	26.69	109.2	3.46	77.8	134.0	35.5
1867933933	-5.32	24.01	116.3	3.37	72.7	137.2	32.0
1869934934	-5.40	21.58	122.8	3.32	68.2	140.5	29.0
1871935935	-5.60	18.93	128.2	3.21	60.2	141.6	25.2
1873936936	-5.71	15.98	134.4	3.15	52.4	144.2	21.3
1875937937	-5.80	12.67	140.6	3.11	42.9	147.0	17.0
1877938938	-5.91	9.71	144.0	3.05	33.1	147.8	12.9
1879939939	-5.98	6.60	147.0	3.02	22.7	148.7	8.8
1881940940	-6.09	3.78	147.2	2.97	12.8	147.8	5.0
1883941941	-6.19	0.92	146.1	2.92	3.0	146.1	1.2
1885942942	-6.28	-1.72	143.9	2.88	-5.5	144.0	-2.2
1887943943	-6.36	-4.92	140.7	2.85	-15.1	141.5	-6.1
1889944944	-6.33	-7.35	139.1	2.86	-22.4	140.9	-9.1
1891945945	-6.47	-10.51	132.8	2.81	-29.7	136.1	-12.6
1893946946	-6.53	-12.92	128.2	2.78	-34.8	132.9	-15.2
1895947947	-6.64	-15.97	121.8	2.74	-39.9	128.2	-18.1
1897948948	-6.70	-18.46	116.8	2.72	-43.5	124.7	-20.4
1899949949	-6.78	-21.11	111.3	2.69	-46.5	120.6	-22.7
1901950950	-6.89	-23.51	106.1	2.65	-48.2	116.5	-24.4
1903951951	-6.98	-25.91	101.2	2.62	-49.5	112.6	-26.1
1905952952	-7.23	-28.36	95.7	2.54	-48.8	107.4	-27.0
1907953953	-7.37	-29.99	92.4	2.50	-48.4	104.3	-27.6
1909954954	-7.55	-30.80	90.5	2.44	-47.1	102.0	-27.5
1911955955	-7.71	-31.69	88.5	2.40	-46.1	99.8	-27.5
1913956956	-7.79	-33.07	86.3	2.38	-46.1	97.9	-28.1
1915957957	-7.83	-33.61	85.5	2.37	-46.0	97.1	-28.3
1917958958	-7.76	-33.50	85.8	2.39	-46.6	97.6	-28.5
1919959959	-7.80	-33.80	85.3	2.38	-46.4	97.1	-28.5
1921960960	-7.62	-33.28	86.6	2.43	-47.8	98.9	-28.9
1923961961	-7.43	-33.48	86.9	2.48	-49.7	100.1	-29.8
1925962962	-7.20	-33.81	87.0	2.55	-52.2	101.5	-31.0
1927963963	-7.02	-34.20	86.8	2.61	-54.3	102.4	-32.0
1929964964	-6.80	-35.24	85.6	2.68	-57.0	102.8	-33.7
1931965965	-6.64	-36.28	84.0	2.74	-59.2	102.8	-35.1
1933966966	-6.42	-37.45	82.2	2.83	-61.8	102.8	-36.9
1935967967	-6.26	-38.82	79.7	2.90	-63.7	102.1	-38.6
1937968968	-6.02	-39.65	78.1	3.00	-66.5	102.6	-40.4
1939969969	-5.85	-40.65	76.1	3.08	-68.3	102.2	-41.9
1941970970	-5.70	-42.00	73.4	3.16	-69.7	101.2	-43.5
1943971971	-5.53	-43.19	70.8	3.25	-71.2	100.4	-45.2
1945972972	-5.41	-44.22	68.6	3.31	-72.1	99.5	-46.4
1947973973	-5.27	-44.96	66.8	3.40	-73.3	99.2	-47.6
1949974974	-5.11	-46.33	63.9	3.49	-74.1	97.9	-49.2
1951975975	-4.97	-47.39	61.5	3.59	-74.9	96.9	-50.6
1953976976	-4.81	-48.37	59.1	3.70	-75.8	96.1	-52.1
1955977977	-4.69	-49.53	56.6	3.79	-76.0	94.8	-53.3
1957978978	-4.59	-50.80	54.2	3.87	-75.8	93.2	-54.5
1959979979	-4.45	-52.07	51.5	3.99	-76.0	91.8	-55.9
1961980980	-4.38	-53.02	49.8	4.05	-75.6	90.5	-56.6
1963981981	-4.22	-53.52	48.0	4.20	-76.5	90.3	-57.9
1965982982	-4.12	-54.79	45.8	4.29	-75.9	88.6	-58.9
1967983983	-4.00	-55.40	44.2	4.42	-76.2	88.1	-59.9
1969984984	-3.91	-55.88	43.0	4.52	-76.3	87.6	-60.6
1971985985	-3.89	-57.06	41.4	4.54	-75.2	85.9	-61.1
1973986986	-3.74	-58.01	39.3	4.72	-75.2	84.8	-62.4
1975987987	-3.62	-58.73	37.7	4.87	-75.1	84.0	-63.4
1977988988	-3.51	-59.34	36.2	5.02	-75.1	83.4	-64.3
1979989989	-3.46	-59.62	35.6	5.08	-75.0	83.1	-64.6
1981990990	-3.43	-60.82	34.3	5.13	-73.8	81.4	-65.1
1983991991	-3.37	-61.73	33.0	5.22	-73.1	80.2	-65.7
1985992992	-3.23	-62.51	31.3	5.44	-72.9	79.3	-66.8
1987993993	-3.17	-62.63	30.7	5.54	-73.1	79.3	-67.2
1989994994	-3.12	-63.33	29.8	5.63	-72.5	78.4	-67.7
1991995995	-3.08	-63.95	29.0	5.70	-72.0	77.6	-68.1
1993996996	-3.01	-64.56	28.0	5.83	-71.5	76.8	-68.6
1995997997	-2.98	-65.36	27.3	5.88	-70.7	75.8	-68.9
1997998998	-2.92	-66.02	26.4	6.00	-70.2	75.0	-69.4
1999999999	-2.89	-66.32	25.9	6.07	-70.0	74.6	-69.7
