1000000	-0.71	87.61	4.3	24.43	52.0	52.1	85.3
3001001	0.00	82.30	0.0	?	57.2	57.2	90.0
5002002	0.00	76.90	0.0	?	63.0	63.0	90.0
7003003	0.00	72.98	0.0	?	67.6	67.6	90.0
9004004	0.00	69.55	0.0	?	72.0	72.0	90.0
11005005	0.00	67.56	0.0	?	74.7	74.7	90.0
13006006	0.00	65.43	0.0	?	77.8	77.8	90.0
15007007	-0.17	62.69	1.8	104.08	82.1	82.1	88.8
17008008	-0.24	60.92	2.7	72.53	85.0	85.0	88.2
19009009	-0.35	59.19	4.1	49.79	87.9	88.0	87.3
21010010	-0.41	57.58	5.1	41.99	90.8	90.9	86.8
23011011	-0.47	55.99	6.2	36.76	93.7	93.9	86.2
25012012	-0.54	54.50	7.3	32.37	96.6	96.9	85.7
27013013	-0.58	53.02	8.3	30.10	99.7	100.0	85.2
29014014	-0.62	51.63	9.3	28.09	102.7	103.1	84.8
31015015	-0.65	50.32	10.3	26.65	105.6	106.1	84.4
33016016	-0.67	49.07	11.1	25.84	108.6	109.2	84.1
35017017	-0.69	47.95	11.9	25.33	111.4	112.0	83.9
37018018	-0.69	46.83	12.5	25.20	114.3	115.0	83.8
39019019	-0.69	45.71	13.0	25.37	117.4	118.1	83.7
41020020	-0.68	44.55	13.5	25.60	120.8	121.5	83.6
43021021	-0.68	43.46	14.1	25.64	124.1	124.9	83.5
45022022	-0.69	42.47	15.0	25.15	127.1	128.0	83.3
47023023	-0.70	41.53	15.9	24.78	130.2	131.1	83.0
49024024	-0.71	40.66	16.7	24.47	133.1	134.2	82.8
51025025	-0.71	39.78	17.5	24.36	136.2	137.3	82.7
53026026	-0.72	38.96	18.5	23.99	139.2	140.4	82.4
55027027	-0.74	38.18	19.7	23.38	142.1	143.4	82.1
57028028	-0.75	37.42	20.7	23.07	145.0	146.5	81.9
59029029	-0.77	36.72	22.0	22.47	147.7	149.3	81.5
61030030	-0.80	36.02	23.6	21.73	150.5	152.3	81.1
63031031	-0.83	35.34	25.2	21.03	153.2	155.2	80.6
65032032	-0.86	34.69	27.2	20.20	155.8	158.1	80.1
67033033	-0.90	34.01	29.6	19.22	158.5	161.2	79.4
69034034	-0.93	33.34	31.6	18.62	161.3	164.4	78.9
71035035	-0.98	32.67	34.4	17.70	164.0	167.5	78.1
73036036	-1.04	31.97	37.7	16.79	166.7	170.9	77.3
75037037	-1.09	31.29	41.0	15.97	169.4	174.3	76.4
77038038	-1.15	30.58	44.8	15.17	172.1	177.8	75.4
79039039	-1.22	29.88	49.2	14.32	174.5	181.3	74.3
81040040	-1.29	29.16	54.0	13.51	176.8	184.9	73.0
83041041	-1.37	28.37	59.7	12.72	179.3	188.9	71.6
85042042	-1.46	27.65	65.6	11.96	180.9	192.4	70.1
87043043	-1.53	26.97	71.3	11.37	182.3	195.8	68.6
89044044	-1.60	26.20	77.5	10.86	184.2	199.9	67.2
91045045	-1.68	25.33	84.7	10.37	186.1	204.5	65.5
93046046	-1.76	24.49	92.2	9.92	187.6	209.0	63.8
95047047	-1.84	23.53	101.0	9.48	188.9	214.2	61.9
97048048	-1.93	22.65	109.8	9.04	189.0	218.6	59.8
99049049	-1.99	21.69	119.0	8.75	190.0	224.2	57.9
101050050	-2.06	20.61	129.7	8.48	190.9	230.8	55.8
103051051	-2.13	19.41	142.3	8.18	190.6	237.9	53.2
105052052	-2.21	18.14	156.3	7.91	189.5	245.6	50.5
107053053	-2.28	16.91	170.5	7.66	186.7	252.8	47.6
109054054	-2.37	15.67	185.1	7.39	181.3	259.1	44.4
111055055	-2.44	14.35	200.7	7.18	175.1	266.4	41.1
113056056	-2.51	12.98	216.8	6.98	166.5	273.4	37.5
115057057	-2.58	11.61	232.3	6.79	155.3	279.5	33.8
117058058	-2.64	10.05	249.3	6.63	140.8	286.3	29.5
119059059	-2.69	8.59	263.8	6.50	125.0	292.0	25.4
121060060	-2.75	6.95	278.2	6.37	104.6	297.3	20.6
123061061	-2.79	5.34	289.4	6.27	82.3	300.9	15.9
125062062	-2.86	3.63	295.8	6.13	55.8	301.1	10.7
127063063	-2.91	1.99	297.9	6.02	30.2	299.4	5.8
129064064	-2.95	0.30	297.4	5.95	4.5	297.5	0.9
131065065	-2.97	-1.47	293.7	5.91	-21.7	294.5	-4.2
133066066	-2.99	-3.23	285.8	5.87	-45.9	289.5	-9.1
135067067	-3.01	-5.05	274.1	5.83	-68.3	282.4	-14.0
137068068	-3.01	-6.95	260.0	5.83	-89.1	274.8	-18.9
139069069	-3.01	-8.89	243.4	5.83	-106.4	265.6	-23.6
141070070	-3.00	-10.91	224.8	5.84	-120.7	255.2	-28.2
143071071	-2.98	-12.96	205.9	5.88	-131.8	244.5	-32.6
145072072	-2.98	-14.97	187.4	5.89	-138.6	233.0	-36.5
147073073	-2.95	-17.08	169.2	5.95	-143.7	222.0	-40.3
149074074	-2.92	-19.28	151.4	6.00	-145.8	210.2	-43.9
151075075	-2.89	-21.46	135.4	6.06	-145.9	199.0	-47.1
153076076	-2.85	-23.74	120.2	6.14	-144.7	188.1	-50.3
155077077	-2.82	-25.96	107.2	6.21	-142.0	177.9	-53.0
157078078	-2.78	-28.27	95.2	6.30	-138.5	168.1	-55.5
159079079	-2.75	-30.66	84.6	6.37	-134.0	158.4	-57.7
161080080	-2.71	-33.06	75.2	6.46	-129.2	149.5	-59.8
163081081	-2.68	-35.45	67.2	6.53	-124.2	141.2	-61.6
165082082	-2.64	-37.87	60.1	6.62	-119.3	133.6	-63.3
167083083	-2.62	-40.30	54.0	6.69	-114.3	126.4	-64.7
169084084	-2.57	-42.60	48.7	6.81	-109.9	120.2	-66.1
171085085	-2.53	-44.91	44.1	6.92	-105.6	114.4	-67.3
173086086	-2.46	-47.39	39.5	7.10	-101.3	108.7	-68.7
175087087	-2.42	-50.07	35.5	7.23	-96.5	102.9	-69.8
177088088	-2.37	-52.85	31.8	7.39	-92.0	97.3	-70.9
179089089	-2.31	-55.93	28.3	7.56	-87.1	91.6	-72.0
181090090	-2.27	-58.98	25.4	7.70	-82.6	86.4	-72.9
183091091	-2.23	-61.86	23.1	7.82	-78.5	81.8	-73.6
185092092	-2.22	-64.97	21.2	7.86	-74.3	77.3	-74.1
187093093	-2.21	-68.08	19.5	7.89	-70.4	73.0	-74.5
189094094	-2.17	-71.22	17.8	8.06	-66.7	69.1	-75.1
191095095	-2.09	-75.05	15.7	8.36	-62.7	64.6	-75.9
193096096	-2.07	-79.56	14.2	8.44	-58.0	59.7	-76.3
195097097	-2.12	-84.40	13.2	8.25	-53.4	55.0	-76.1
197098098	-2.21	-89.47	12.6	7.91	-48.9	50.4	-75.6
199099099	-2.31	-94.95	12.0	7.58	-44.4	46.0	-74.9
201100100	-2.39	-101.12	11.3	7.31	-39.9	41.4	-74.1
203101101	-2.51	-108.20	10.8	6.97	-35.1	36.7	-72.8
205102102	-2.70	-116.62	10.6	6.48	-29.9	31.7	-70.5
207103103	-2.99	-125.76	10.7	5.86	-24.7	26.9	-66.6
209104104	-3.37	-135.92	11.1	5.22	-19.4	22.3	-60.2
211105105	-3.87	-147.36	11.8	4.57	-13.9	18.2	-49.5
213106106	-4.50	-160.14	13.0	3.95	-8.2	15.4	-32.1
215107107	-5.35	-174.27	15.0	3.35	-2.3	15.1	-8.7
217108108	-6.33	169.96	17.6	2.86	3.9	18.0	12.4
219109109	-7.31	152.63	20.9	2.51	10.2	23.2	25.9
221110110	-8.10	133.89	24.8	2.30	16.7	29.9	33.9
223111111	-8.45	115.16	29.3	2.22	23.4	37.4	38.6
225112112	-8.35	98.01	34.1	2.24	30.2	45.5	41.6
227113113	-7.73	83.31	38.7	2.39	38.0	54.3	44.5
229114114	-6.87	70.76	43.8	2.66	47.2	64.4	47.1
231115115	-5.99	59.79	50.1	3.01	58.1	76.7	49.2
233116116	-5.16	49.79	58.7	3.47	71.3	92.3	50.5
235117117	-4.40	41.17	69.8	4.03	87.0	111.6	51.2
237118118	-3.80	33.40	86.0	4.65	105.0	135.7	50.7
239119119	-3.33	26.21	110.9	5.28	124.5	166.7	48.3
241120120	-3.00	19.82	147.4	5.84	141.8	204.5	43.9
243121121	-2.73	13.96	201.3	6.41	151.8	252.1	37.0
245122122	-2.53	8.71	272.5	6.93	140.0	306.3	27.2
247123123	-2.37	3.88	347.7	7.38	85.2	358.0	13.8
249124124	-2.27	-0.60	384.9	7.71	-15.3	385.2	-2.3
251125125	-2.18	-4.77	360.5	8.00	-118.0	379.4	-18.1
253126126	-2.12	-8.68	297.7	8.23	-182.2	349.0	-31.5
255127127	-2.06	-12.52	230.0	8.45	-207.8	310.0	-42.1
257128128	-2.03	-16.12	176.7	8.58	-207.6	272.6	-49.6
259129129	-2.00	-19.46	138.7	8.73	-199.0	242.6	-55.1
261130130	-1.95	-22.83	109.2	8.95	-187.2	216.7	-59.7
263131131	-1.92	-26.29	87.1	9.08	-173.0	193.7	-63.3
265132132	-1.90	-29.44	71.9	9.20	-160.6	175.9	-65.9
267133133	-1.88	-32.52	60.4	9.29	-149.1	160.9	-67.9
269134134	-1.84	-35.49	51.2	9.47	-139.4	148.5	-69.8
271135135	-1.81	-38.32	44.2	9.63	-130.7	138.0	-71.3
273136136	-1.78	-41.12	38.6	9.77	-122.8	128.7	-72.5
275137137	-1.75	-43.79	33.9	9.99	-116.0	120.8	-73.7
277138138	-1.70	-46.41	29.9	10.23	-109.8	113.8	-74.8
279139139	-1.67	-48.95	26.8	10.41	-104.2	107.6	-75.6
281140140	-1.64	-51.37	24.1	10.62	-99.2	102.1	-76.3
283141141	-1.60	-53.77	21.8	10.87	-94.7	97.1	-77.0
285142142	-1.55	-56.03	19.7	11.22	-90.7	92.8	-77.8
287143143	-1.50	-58.25	17.8	11.59	-87.0	88.8	-78.4
289144144	-1.44	-60.36	16.0	12.12	-83.7	85.2	-79.2
291145145	-1.37	-62.55	14.4	12.69	-80.5	81.7	-79.9
293146146	-1.31	-64.67	13.0	13.29	-77.4	78.5	-80.5
295147147	-1.26	-66.75	11.8	13.86	-74.6	75.5	-81.0
297148148	-1.21	-68.80	10.8	14.41	-71.9	72.7	-81.5
299149149	-1.17	-70.80	9.9	14.91	-69.4	70.1	-81.9
301150150	-1.11	-72.76	9.0	15.65	-67.1	67.7	-82.3
303151151	-1.08	-74.58	8.4	16.04	-65.0	65.5	-82.6
305152152	-1.05	-76.47	7.8	16.60	-62.9	63.3	-82.9
307153153	-1.02	-78.27	7.3	17.01	-60.9	61.4	-83.1
309154154	-1.01	-80.07	7.0	17.23	-59.0	59.4	-83.3
311155155	-1.00	-81.80	6.7	17.35	-57.3	57.7	-83.3
313156156	-1.00	-83.47	6.5	17.40	-55.6	56.0	-83.4
315157157	-1.01	-85.00	6.3	17.28	-54.2	54.5	-83.3
317158158	-1.01	-86.51	6.2	17.24	-52.8	53.1	-83.3
319159159	-1.00	-87.89	5.9	17.43	-51.5	51.9	-83.4
321160160	-0.98	-89.19	5.7	17.83	-50.4	50.7	-83.6
323161161	-0.94	-90.54	5.4	18.44	-49.2	49.5	-83.8
325162162	-0.91	-91.91	5.0	19.14	-48.1	48.4	-84.0
327163163	-0.88	-93.45	4.8	19.75	-46.8	47.1	-84.2
329164164	-0.85	-94.96	4.5	20.38	-45.6	45.9	-84.4
331165165	-0.82	-96.53	4.3	21.07	-44.4	44.6	-84.5
333166166	-0.81	-98.09	4.1	21.46	-43.2	43.4	-84.6
335167167	-0.81	-99.71	4.0	21.44	-42.0	42.2	-84.6
337168168	-0.81	-101.22	3.9	21.34	-40.9	41.1	-84.5
339169169	-0.82	-102.82	3.8	21.33	-39.8	39.9	-84.5
341170170	-0.82	-104.41	3.8	21.10	-38.6	38.8	-84.4
343171171	-0.84	-106.05	3.8	20.72	-37.5	37.7	-84.2
345172172	-0.85	-107.56	3.7	20.50	-36.5	36.7	-84.1
347173173	-0.85	-109.08	3.7	20.37	-35.5	35.7	-84.1
349174174	-0.87	-110.66	3.7	20.08	-34.5	34.7	-83.9
351175175	-0.88	-112.24	3.7	19.84	-33.4	33.6	-83.8
353176176	-0.88	-113.82	3.6	19.68	-32.5	32.7	-83.6
355177177	-0.91	-115.35	3.6	19.19	-31.5	31.7	-83.4
357178178	-0.91	-116.85	3.6	19.00	-30.6	30.8	-83.3
359179179	-0.93	-118.41	3.6	18.67	-29.7	29.9	-83.0
361180180	-0.94	-120.03	3.6	18.46	-28.7	29.0	-82.8
363181181	-0.95	-121.53	3.6	18.32	-27.9	28.1	-82.7
365182182	-0.97	-123.11	3.6	18.00	-27.0	27.2	-82.4
367183183	-0.97	-124.69	3.6	17.87	-26.1	26.3	-82.2
369184184	-0.97	-126.23	3.5	17.91	-25.3	25.5	-82.1
371185185	-0.98	-127.70	3.5	17.70	-24.5	24.7	-81.8
373186186	-0.98	-129.22	3.5	17.66	-23.6	23.9	-81.7
375187187	-0.98	-130.74	3.4	17.72	-22.8	23.1	-81.5
377188188	-0.98	-132.19	3.4	17.74	-22.1	22.3	-81.3
379189189	-0.97	-133.68	3.3	17.85	-21.3	21.6	-81.2
381190190	-0.97	-135.11	3.3	17.93	-20.6	20.8	-81.0
383191191	-0.96	-136.54	3.2	18.04	-19.9	20.1	-80.8
385192192	-0.95	-137.96	3.1	18.24	-19.1	19.4	-80.7
387193193	-0.95	-139.38	3.1	18.37	-18.4	18.7	-80.5
389194194	-0.94	-140.72	3.0	18.51	-17.8	18.0	-80.3
391195195	-0.93	-142.08	3.0	18.72	-17.1	17.4	-80.1
393196196	-0.92	-143.37	2.9	18.89	-16.5	16.8	-79.9
395197197	-0.91	-144.62	2.9	19.04	-15.9	16.2	-79.7
397198198	-0.90	-145.95	2.8	19.39	-15.3	15.5	-79.5
399199199	-0.88	-147.15	2.7	19.80	-14.7	15.0	-79.4
401200200	-0.87	-148.35	2.7	19.94	-14.1	14.4	-79.2
403201201	-0.86	-149.54	2.7	20.11	-13.6	13.8	-78.9
405202202	-0.86	-150.72	2.6	20.32	-13.0	13.3	-78.6
407203203	-0.85	-151.90	2.6	20.56	-12.5	12.7	-78.3
409204204	-0.83	-153.02	2.5	20.83	-12.0	12.2	-78.0
411205205	-0.83	-154.08	2.5	20.89	-11.5	11.8	-77.6
413206206	-0.83	-155.12	2.5	20.97	-11.0	11.3	-77.2
415207207	-0.83	-156.19	2.5	21.02	-10.5	10.8	-76.7
417208208	-0.82	-157.21	2.5	21.10	-10.1	10.4	-76.2
419209209	-0.82	-158.22	2.5	21.08	-9.6	9.9	-75.6
421210210	-0.83	-159.19	2.5	20.94	-9.2	9.5	-74.9
423211211	-0.83	-160.14	2.5	20.91	-8.7	9.1	-74.2
425212212	-0.84	-161.08	2.5	20.74	-8.3	8.7	-73.4
427213213	-0.85	-162.06	2.5	20.40	-7.9	8.3	-72.3
429214214	-0.86	-163.01	2.5	20.20	-7.4	7.9	-71.2
431215215	-0.88	-163.92	2.6	19.85	-7.0	7.5	-70.0
433216216	-0.89	-164.84	2.6	19.45	-6.6	7.1	-68.5
435217217	-0.91	-165.73	2.7	19.06	-6.2	6.8	-66.9
437218218	-0.93	-166.56	2.7	18.66	-5.9	6.5	-65.2
439219219	-0.96	-167.45	2.8	18.19	-5.5	6.1	-63.1
441220220	-0.98	-168.38	2.8	17.81	-5.1	5.8	-60.8
443221221	-1.00	-169.26	2.9	17.32	-4.7	5.5	-58.1
445222222	-1.03	-170.15	3.0	16.88	-4.3	5.2	-55.2
447223223	-1.06	-171.03	3.1	16.44	-3.9	5.0	-51.9
449224224	-1.09	-171.92	3.2	15.95	-3.5	4.7	-48.2
451225225	-1.12	-172.86	3.2	15.49	-3.1	4.5	-43.8
453226226	-1.15	-173.77	3.3	15.14	-2.7	4.3	-39.3
455227227	-1.19	-174.63	3.4	14.66	-2.3	4.1	-34.3
457228228	-1.22	-175.56	3.5	14.24	-1.9	4.0	-28.7
459229229	-1.25	-176.50	3.6	13.89	-1.5	3.9	-22.9
461230230	-1.29	-177.40	3.7	13.53	-1.1	3.9	-17.0
463231231	-1.32	-178.40	3.8	13.18	-0.7	3.9	-10.4
465232232	-1.35	-179.34	3.9	12.89	-0.3	3.9	-4.2
467233233	-1.38	179.68	4.0	12.63	0.1	4.0	2.0
469234234	-1.41	178.68	4.1	12.34	0.6	4.1	8.0
471235235	-1.44	177.67	4.1	12.11	1.0	4.3	13.7
473236236	-1.47	176.66	4.2	11.86	1.4	4.5	18.9
475237237	-1.49	175.66	4.3	11.66	1.9	4.7	23.6
477238238	-1.52	174.61	4.4	11.48	2.3	4.9	28.1
479239239	-1.53	173.62	4.4	11.35	2.8	5.2	32.0
481240240	-1.56	172.58	4.5	11.16	3.2	5.5	35.6
483241241	-1.58	171.50	4.6	11.03	3.7	5.9	39.0
485242242	-1.59	170.43	4.6	10.95	4.2	6.2	42.1
487243243	-1.61	169.35	4.7	10.84	4.6	6.6	44.8
489244244	-1.62	168.32	4.7	10.77	5.1	6.9	47.2
491245245	-1.63	167.27	4.7	10.67	5.5	7.3	49.4
493246246	-1.64	166.18	4.8	10.63	6.0	7.7	51.5
495247247	-1.64	165.07	4.8	10.61	6.5	8.1	53.6
497248248	-1.66	164.06	4.8	10.52	6.9	8.5	55.0
499249249	-1.66	162.96	4.9	10.52	7.4	8.9	56.8
501250250	-1.64	161.87	4.8	10.60	7.9	9.3	58.5
503251251	-1.64	160.77	4.9	10.60	8.4	9.7	60.0
505252252	-1.63	159.70	4.8	10.67	8.9	10.1	61.4
507253253	-1.63	158.61	4.9	10.67	9.4	10.5	62.6
509254254	-1.63	157.58	4.9	10.68	9.8	11.0	63.7
511255255	-1.63	156.52	4.9	10.66	10.3	11.4	64.6
513256256	-1.62	155.33	4.9	10.77	10.8	11.9	65.8
515257257	-1.62	154.30	4.9	10.75	11.3	12.3	66.6
517258258	-1.61	153.27	4.9	10.83	11.8	12.7	67.5
519259259	-1.60	152.16	4.9	10.89	12.3	13.2	68.4
521260260	-1.60	151.11	4.9	10.87	12.8	13.7	69.0
523261261	-1.60	150.00	4.9	10.90	13.3	14.2	69.7
525262262	-1.58	148.96	4.9	11.03	13.8	14.6	70.5
527263263	-1.58	147.85	4.9	11.02	14.3	15.1	71.0
529264264	-1.57	146.76	4.9	11.06	14.8	15.6	71.6
531265265	-1.57	145.63	4.9	11.10	15.3	16.1	72.2
533266266	-1.56	144.46	4.9	11.14	15.9	16.6	72.7
535267267	-1.56	143.39	5.0	11.15	16.4	17.1	73.1
537268268	-1.55	142.30	5.0	11.23	16.9	17.6	73.6
539269269	-1.55	141.10	5.0	11.24	17.5	18.2	74.1
541270270	-1.55	139.95	5.0	11.26	18.1	18.7	74.5
543271271	-1.55	138.88	5.1	11.20	18.6	19.3	74.7
545272272	-1.56	137.75	5.1	11.17	19.1	19.8	75.0
547273273	-1.57	136.49	5.2	11.11	19.8	20.4	75.2
549274274	-1.58	135.32	5.3	11.05	20.4	21.0	75.5
551275275	-1.59	134.11	5.4	10.98	21.0	21.6	75.6
553276276	-1.60	132.87	5.5	10.90	21.6	22.3	75.8
555277277	-1.61	131.61	5.6	10.81	22.2	22.9	76.0
557278278	-1.62	130.42	5.6	10.76	22.9	23.5	76.2
559279279	-1.63	129.18	5.7	10.68	23.5	24.2	76.3
561280280	-1.65	127.91	5.8	10.58	24.2	24.9	76.4
563281281	-1.67	126.57	6.0	10.45	24.9	25.6	76.5
565282282	-1.69	125.23	6.1	10.34	25.6	26.3	76.6
567283283	-1.71	123.94	6.3	10.20	26.3	27.0	76.6
569284284	-1.74	122.72	6.5	10.00	27.0	27.7	76.5
571285285	-1.75	121.20	6.6	9.94	27.8	28.6	76.6
573286286	-1.79	119.80	6.8	9.74	28.6	29.4	76.5
575287287	-1.82	118.49	7.0	9.58	29.3	30.2	76.5
577288288	-1.86	117.08	7.3	9.39	30.1	31.0	76.4
579289289	-1.88	115.67	7.5	9.25	30.9	31.8	76.4
581290290	-1.92	114.15	7.8	9.07	31.8	32.8	76.3
583291291	-1.95	112.83	8.0	8.95	32.6	33.6	76.2
585292292	-2.00	111.32	8.3	8.74	33.5	34.5	76.0
587293293	-2.04	109.81	8.7	8.55	34.4	35.5	75.8
589294294	-2.08	108.31	9.0	8.40	35.3	36.5	75.7
591295295	-2.12	106.83	9.3	8.25	36.3	37.5	75.6
593296296	-2.17	105.30	9.7	8.05	37.2	38.5	75.3
595297297	-2.21	103.87	10.1	7.90	38.2	39.5	75.1
597298298	-2.26	102.37	10.5	7.72	39.1	40.5	74.9
599299299	-2.32	100.98	11.0	7.53	40.0	41.5	74.6
601300300	-2.38	99.42	11.6	7.34	41.1	42.6	74.3
603301301	-2.45	98.05	12.1	7.14	42.0	43.7	73.9
605302302	-2.53	96.77	12.7	6.91	42.8	44.6	73.4
607303303	-2.60	95.51	13.3	6.74	43.6	45.6	73.1
609304304	-2.67	94.38	13.9	6.56	44.4	46.5	72.6
611305305	-2.78	93.34	14.7	6.31	45.0	47.3	71.9
613306306	-2.85	92.41	15.2	6.16	45.6	48.0	71.5
615307307	-2.93	91.64	15.9	5.98	46.0	48.7	71.0
617308308	-3.00	90.93	16.3	5.85	46.4	49.2	70.6
619309309	-3.04	90.53	16.7	5.77	46.7	49.6	70.3
621310310	-3.08	90.15	17.0	5.69	46.9	49.9	70.1
623311311	-3.10	89.74	17.2	5.67	47.2	50.2	70.0
625312312	-3.10	89.49	17.3	5.66	47.4	50.4	70.0
627313313	-3.06	89.09	17.2	5.74	47.8	50.8	70.2
629314314	-3.01	88.58	17.1	5.82	48.3	51.2	70.5
631315315	-2.95	88.21	16.8	5.95	48.7	51.5	70.9
633316316	-2.87	87.65	16.6	6.11	49.3	52.0	71.4
635317317	-2.79	87.14	16.3	6.29	49.8	52.4	71.9
637318318	-2.67	86.43	15.9	6.55	50.6	53.1	72.6
639319319	-2.57	85.66	15.5	6.81	51.5	53.8	73.3
641320320	-2.47	84.66	15.2	7.09	52.5	54.7	73.9
643321321	-2.38	83.87	14.9	7.36	53.4	55.4	74.4
645322322	-2.30	82.84	14.7	7.59	54.5	56.4	74.9
647323323	-2.21	81.74	14.5	7.91	55.7	57.5	75.4
649324324	-2.13	80.73	14.2	8.20	56.8	58.5	75.9
651325325	-2.05	79.64	14.1	8.51	58.0	59.7	76.4
653326326	-2.00	78.53	14.1	8.71	59.2	60.8	76.6
655327327	-1.95	77.43	14.0	8.96	60.4	62.0	77.0
657328328	-1.89	76.37	13.9	9.23	61.7	63.2	77.3
659329329	-1.85	75.15	14.0	9.44	63.1	64.6	77.5
661330330	-1.81	73.70	14.1	9.64	64.8	66.3	77.7
663331331	-1.77	72.40	14.3	9.85	66.3	67.9	77.9
665332332	-1.73	71.23	14.4	10.07	67.8	69.3	78.0
667333333	-1.73	70.00	14.8	10.09	69.3	70.9	78.0
669334334	-1.72	68.84	15.1	10.16	70.8	72.4	78.0
671335335	-1.69	67.61	15.3	10.33	72.5	74.1	78.1
673336336	-1.67	66.29	15.7	10.42	74.3	75.9	78.1
675337337	-1.67	65.06	16.2	10.41	76.0	77.7	77.9
677338338	-1.70	63.84	17.0	10.26	77.6	79.4	77.6
679339339	-1.70	62.58	17.7	10.23	79.4	81.4	77.5
681340340	-1.71	61.48	18.3	10.17	81.1	83.1	77.3
683341341	-1.73	60.20	19.2	10.05	83.0	85.2	77.0
685342342	-1.74	58.80	20.1	10.03	85.2	87.5	76.8
687343343	-1.76	57.46	21.2	9.88	87.3	89.8	76.4
689344344	-1.79	55.95	22.5	9.72	89.8	92.5	75.9
691345345	-1.81	54.58	23.7	9.64	92.1	95.1	75.6
693346346	-1.83	53.05	25.2	9.52	94.9	98.2	75.1
695347347	-1.87	51.47	27.1	9.31	97.7	101.4	74.5
697348348	-1.91	49.67	29.3	9.15	101.1	105.3	73.8
699349349	-1.95	47.93	31.9	8.94	104.5	109.2	73.0
701350350	-1.99	46.27	34.6	8.75	107.8	113.2	72.2
703351351	-2.03	44.55	37.4	8.62	111.5	117.6	71.5
705352352	-2.07	42.73	40.9	8.43	115.4	122.5	70.5
707353353	-2.12	40.80	45.2	8.23	119.7	127.9	69.3
709354354	-2.17	38.88	49.9	8.05	124.1	133.8	68.1
711355355	-2.21	36.96	55.1	7.89	128.7	140.0	66.8
713356356	-2.26	34.84	61.7	7.74	134.0	147.5	65.3
715357357	-2.30	32.80	68.8	7.60	139.1	155.2	63.7
717358358	-2.36	30.91	76.7	7.42	143.5	162.7	61.9
719359359	-2.43	28.81	86.9	7.20	147.7	171.3	59.5
721360360	-2.48	26.76	97.8	7.04	151.9	180.6	57.2
723361361	-2.53	24.60	110.6	6.93	156.1	191.3	54.7
725362362	-2.57	22.50	124.9	6.80	159.0	202.2	51.8
727363363	-2.63	20.56	139.8	6.66	160.0	212.5	48.8
729364364	-2.67	18.45	157.7	6.56	159.8	224.5	45.4
731365365	-2.71	16.31	177.5	6.46	157.1	237.0	41.5
733366366	-2.76	14.52	195.0	6.35	151.4	246.9	37.8
735367367	-2.79	12.49	215.8	6.28	142.9	258.8	33.5
737368368	-2.82	10.43	237.0	6.21	129.8	270.2	28.7
739369369	-2.83	8.36	258.1	6.18	112.9	281.7	23.6
741370370	-2.85	6.52	275.0	6.16	93.5	290.5	18.8
743371371	-2.87	4.58	288.7	6.11	68.6	296.8	13.4
745372372	-2.88	2.64	299.0	6.09	40.8	301.8	7.8
747373373	-2.89	0.68	303.1	6.07	10.6	303.3	2.0
749374374	-2.89	-1.39	301.5	6.06	-21.5	302.3	-4.1
751375375	-2.90	-3.25	294.1	6.05	-49.1	298.2	-9.5
753376376	-2.89	-5.28	281.9	6.07	-76.5	292.1	-15.2
755377377	-2.88	-7.17	266.6	6.08	-98.5	284.2	-20.3
757378378	-2.87	-9.19	247.8	6.12	-117.8	274.4	-25.4
759379379	-2.86	-11.16	227.8	6.13	-131.4	263.0	-30.0
761380380	-2.86	-13.24	206.2	6.12	-140.6	249.5	-34.3
763381381	-2.87	-15.26	186.1	6.10	-145.4	236.2	-38.0
765382382	-2.88	-17.25	168.0	6.08	-147.3	223.5	-41.2
767383383	-2.88	-19.19	152.0	6.09	-148.2	212.3	-44.3
769384384	-2.90	-21.28	136.7	6.04	-145.7	199.8	-46.8
771385385	-2.93	-23.41	123.0	5.98	-142.1	187.9	-49.1
773386386	-2.98	-25.38	112.1	5.89	-137.5	177.5	-50.8
775387387	-3.03	-27.52	101.9	5.80	-132.5	167.1	-52.4
777388388	-3.11	-29.44	94.3	5.64	-126.7	158.0	-53.3
779389389	-3.18	-31.37	87.5	5.52	-121.6	149.8	-54.3
781390390	-3.27	-33.26	81.8	5.37	-116.4	142.3	-54.9
783391391	-3.35	-35.10	76.9	5.25	-111.8	135.7	-55.5
785392392	-3.45	-36.89	72.8	5.10	-107.2	129.5	-55.8
787393393	-3.57	-38.59	69.5	4.94	-102.6	123.9	-55.9
789394394	-3.68	-40.24	66.6	4.79	-98.5	118.9	-55.9
791395395	-3.82	-41.81	64.4	4.62	-94.4	114.3	-55.7
793396396	-3.96	-43.14	62.7	4.47	-91.0	110.5	-55.4
795397397	-4.08	-44.26	61.5	4.34	-88.1	107.4	-55.1
797398398	-4.20	-45.04	60.9	4.22	-85.8	105.2	-54.6
799399399	-4.26	-45.71	60.1	4.16	-84.4	103.6	-54.5
801400400	-4.29	-45.96	59.9	4.13	-83.7	102.9	-54.4
803401401	-4.26	-46.21	59.3	4.16	-83.8	102.6	-54.7
805402402	-4.13	-46.45	57.9	4.28	-85.0	102.9	-55.7
807403403	-3.92	-47.42	54.7	4.51	-86.2	102.1	-57.6
809404404	-3.67	-48.64	50.6	4.81	-87.3	100.9	-59.9
811405405	-3.41	-50.30	45.8	5.17	-87.6	98.9	-62.4
813406406	-3.16	-52.67	40.4	5.56	-86.4	95.3	-64.9
815407407	-2.97	-55.50	35.4	5.90	-83.6	90.8	-67.1
817408408	-2.80	-58.48	30.9	6.27	-80.5	86.2	-69.0
819409409	-2.69	-61.53	27.5	6.51	-76.9	81.7	-70.3
821410410	-2.62	-64.63	24.8	6.67	-73.2	77.3	-71.3
823411411	-2.56	-67.89	22.4	6.83	-69.4	72.9	-72.1
825412412	-2.54	-71.12	20.6	6.88	-65.7	68.9	-72.6
827413413	-2.52	-74.07	19.2	6.93	-62.6	65.5	-73.0
829414414	-2.52	-77.11	17.9	6.95	-59.5	62.1	-73.2
831415415	-2.53	-80.00	17.0	6.92	-56.7	59.1	-73.3
833416416	-2.53	-82.84	16.1	6.90	-54.0	56.4	-73.4
835417417	-2.56	-85.59	15.4	6.85	-51.6	53.8	-73.3
837418418	-2.56	-88.30	14.7	6.84	-49.3	51.4	-73.4
839419419	-2.57	-90.92	14.2	6.81	-47.2	49.2	-73.3
841420420	-2.57	-93.50	13.6	6.80	-45.1	47.2	-73.2
843421421	-2.58	-96.00	13.1	6.78	-43.3	45.2	-73.1
845422422	-2.59	-98.33	12.7	6.76	-41.6	43.5	-73.0
847423423	-2.60	-100.54	12.4	6.73	-40.0	41.9	-72.8
849424424	-2.62	-102.80	12.1	6.68	-38.5	40.3	-72.6
851425425	-2.61	-105.08	11.7	6.69	-37.0	38.8	-72.4
853426426	-2.62	-107.27	11.4	6.68	-35.6	37.3	-72.2
855427427	-2.64	-109.39	11.2	6.63	-34.2	36.0	-71.9
857428428	-2.66	-111.37	11.0	6.58	-33.0	34.8	-71.5
859429429	-2.67	-113.39	10.8	6.57	-31.8	33.6	-71.2
861430430	-2.69	-115.33	10.6	6.52	-30.6	32.4	-70.8
863431431	-2.70	-117.28	10.5	6.49	-29.5	31.3	-70.4
865432432	-2.69	-119.14	10.2	6.51	-28.4	30.2	-70.2
867433433	-2.71	-121.05	10.1	6.47	-27.4	29.2	-69.7
869434434	-2.75	-122.93	10.1	6.37	-26.3	28.2	-69.0
871435435	-2.77	-124.69	10.0	6.33	-25.4	27.3	-68.5
873436436	-2.81	-126.46	10.0	6.25	-24.4	26.4	-67.8
875437437	-2.84	-128.32	9.9	6.18	-23.4	25.5	-67.0
877438438	-2.85	-130.13	9.8	6.14	-22.5	24.6	-66.4
879439439	-2.89	-131.87	9.8	6.06	-21.6	23.7	-65.5
881440440	-2.93	-133.56	9.9	5.98	-20.7	23.0	-64.6
883441441	-2.95	-135.38	9.8	5.94	-19.8	22.1	-63.7
885442442	-2.98	-137.04	9.8	5.89	-19.0	21.4	-62.9
887443443	-2.99	-138.71	9.7	5.86	-18.2	20.6	-62.0
889444444	-3.01	-140.60	9.6	5.82	-17.3	19.8	-60.9
891445445	-3.05	-142.40	9.6	5.76	-16.4	19.1	-59.6
893446446	-3.06	-144.23	9.6	5.73	-15.6	18.3	-58.4
895447447	-3.08	-145.99	9.6	5.70	-14.8	17.6	-57.1
897448448	-3.10	-147.73	9.5	5.67	-14.0	16.9	-55.7
899449449	-3.11	-149.51	9.5	5.64	-13.2	16.2	-54.2
901450450	-3.12	-151.19	9.5	5.62	-12.4	15.6	-52.7
903451451	-3.13	-152.99	9.4	5.61	-11.6	14.9	-51.0
905452452	-3.13	-154.77	9.4	5.60	-10.8	14.3	-49.1
907453453	-3.12	-156.51	9.2	5.63	-10.1	13.7	-47.4
909454454	-3.11	-158.18	9.2	5.65	-9.3	13.1	-45.5
911455455	-3.10	-159.89	9.1	5.67	-8.6	12.5	-43.4
913456456	-3.08	-161.68	9.0	5.70	-7.8	11.9	-41.0
915457457	-3.05	-163.23	8.9	5.75	-7.1	11.4	-38.8
917458458	-3.02	-164.81	8.7	5.82	-6.5	10.9	-36.5
919459459	-2.99	-166.39	8.7	5.86	-5.8	10.4	-33.8
921460460	-2.96	-167.95	8.5	5.93	-5.1	9.9	-31.0
923461461	-2.91	-169.50	8.4	6.02	-4.5	9.5	-28.1
925462462	-2.87	-170.95	8.2	6.11	-3.9	9.1	-25.1
927463463	-2.83	-172.42	8.1	6.19	-3.2	8.7	-21.7
929464464	-2.78	-173.87	8.0	6.30	-2.6	8.4	-18.2
931465465	-2.73	-175.33	7.8	6.42	-2.0	8.1	-14.3
933466466	-2.68	-176.67	7.7	6.52	-1.4	7.8	-10.5
935467467	-2.64	-177.97	7.5	6.63	-0.9	7.6	-6.6
937468468	-2.57	-179.36	7.4	6.80	-0.3	7.4	-2.1
939469469	-2.52	179.33	7.2	6.94	0.3	7.2	2.3
941470470	-2.46	178.10	7.0	7.11	0.8	7.1	6.6
943471471	-2.40	176.82	6.9	7.27	1.4	7.0	11.2
945472472	-2.35	175.59	6.7	7.44	1.9	7.0	15.7
947473473	-2.29	174.42	6.6	7.64	2.4	7.0	20.0
949474474	-2.23	173.23	6.4	7.82	2.9	7.0	24.4
951475475	-2.17	172.03	6.2	8.06	3.4	7.1	28.8
953476476	-2.12	170.90	6.1	8.25	3.9	7.2	32.7
955477477	-2.07	169.81	6.0	8.43	4.4	7.4	36.3
957478478	-2.01	168.72	5.8	8.69	4.9	7.6	40.0
959479479	-1.93	167.53	5.6	9.02	5.4	7.8	43.9
961480480	-1.89	166.46	5.5	9.22	5.9	8.0	46.9
963481481	-1.84	165.41	5.4	9.46	6.3	8.3	49.7
965482482	-1.79	164.40	5.2	9.73	6.8	8.6	52.3
967483483	-1.74	163.23	5.1	10.05	7.3	8.9	55.1
969484484	-1.68	162.19	4.9	10.39	7.8	9.2	57.6
971485485	-1.61	161.11	4.8	10.80	8.2	9.5	60.0
973486486	-1.55	160.01	4.6	11.21	8.7	9.9	62.3
975487487	-1.50	158.93	4.5	11.57	9.2	10.3	64.2
977488488	-1.46	157.74	4.4	11.90	9.8	10.7	65.9
979489489	-1.39	156.64	4.1	12.57	10.3	11.1	68.0
981490490	-1.34	155.45	4.0	12.95	10.8	11.5	69.5
983491491	-1.30	154.42	3.9	13.37	11.3	12.0	70.8
985492492	-1.24	153.34	3.8	14.07	11.8	12.4	72.3
987493493	-1.18	152.17	3.6	14.77	12.3	12.8	73.8
989494494	-1.13	150.97	3.5	15.45	12.9	13.3	75.0
991495495	-1.07	149.84	3.3	16.23	13.4	13.8	76.2
993496496	-1.01	148.48	3.1	17.14	14.1	14.4	77.4
995497497	-0.97	147.40	3.0	17.88	14.6	14.9	78.2
997498498	-0.91	146.15	2.9	19.08	15.2	15.4	79.3
999499499	-0.86	144.91	2.7	20.23	15.8	16.0	80.2
1001500500	-0.79	143.77	2.5	22.13	16.3	16.5	81.3
1003501501	-0.73	142.52	2.3	23.83	16.9	17.1	82.1
1005502502	-0.68	141.23	2.2	25.70	17.6	17.7	82.9
1007503503	-0.61	139.92	2.0	28.31	18.2	18.3	83.7
1009504504	-0.54	138.68	1.8	32.36	18.8	18.9	84.6
1011505505	-0.46	137.30	1.5	37.68	19.5	19.6	85.5
1013506506	-0.37	135.99	1.3	46.44	20.2	20.2	86.5
1015507507	-0.32	134.53	1.1	53.68	20.9	21.0	87.0
1017508508	-0.24	133.20	0.8	72.27	21.6	21.6	87.8
1019509509	-0.18	131.87	0.6	96.58	22.3	22.3	88.4
1021510510	-0.11	130.56	0.4	161.40	23.0	23.0	89.1
1023511511	-0.04	129.17	0.1	459.88	23.8	23.8	89.7
1025512512	0.00	127.77	0.0	?	24.5	24.5	90.0
1027513513	0.00	126.32	0.0	?	25.3	25.3	90.0
1029514514	0.00	124.87	0.0	?	26.1	26.1	90.0
1031515515	0.00	123.55	0.0	?	26.8	26.8	90.0
1033516516	0.00	122.19	0.0	?	27.6	27.6	90.0
1035517517	0.00	120.80	0.0	?	28.4	28.4	90.0
1037518518	0.00	119.33	0.0	?	29.3	29.3	90.0
1039519519	0.00	117.79	0.0	?	30.2	30.2	90.0
1041520520	0.00	116.36	0.0	?	31.0	31.0	90.0
1043521521	0.00	114.92	0.0	?	31.9	31.9	90.0
1045522522	-1.32	170.29	3.8	13.14	4.2	5.7	47.7
1047523523	0.00	156.81	0.0	?	10.3	10.3	90.0
1049524524	0.00	109.25	0.0	?	35.5	35.5	90.0
1051525525	-0.19	102.53	0.9	93.88	40.1	40.1	88.7
1053526526	-0.17	100.52	0.8	100.50	41.6	41.6	88.8
1055527527	-0.15	98.77	0.8	115.39	42.9	42.9	89.0
1057528528	-0.14	96.67	0.7	127.60	44.5	44.5	89.1
1059529529	-0.08	94.61	0.4	206.18	46.1	46.1	89.4
1061530530	-0.08	92.65	0.5	206.91	47.7	47.7	89.4
1063531531	-0.05	90.49	0.3	328.62	49.6	49.6	89.7
1065532532	-0.05	88.27	0.3	343.51	51.5	51.5	89.7
1067533533	-0.05	86.36	0.3	362.50	53.3	53.3	89.7
1069534534	-0.04	84.17	0.3	388.27	55.4	55.4	89.7
1071535535	-0.03	82.18	0.2	639.59	57.3	57.3	89.8
1073536536	-0.06	79.92	0.4	283.56	59.7	59.7	89.6
1075537537	-0.07	77.67	0.5	260.01	62.1	62.1	89.5
1077538538	-0.11	75.43	0.8	160.70	64.6	64.7	89.3
1079539539	-0.14	73.12	1.2	121.56	67.4	67.4	89.0
1081540540	-0.18	70.99	1.5	97.18	70.1	70.1	88.8
1083541541	-0.23	68.81	2.1	75.83	73.0	73.0	88.4
1085542542	-0.30	66.64	2.9	58.04	76.0	76.0	87.8
1087543543	-0.38	64.38	3.8	46.17	79.3	79.4	87.2
1089544544	-0.47	61.94	5.1	37.21	83.1	83.2	86.5
1091545545	-0.54	59.90	6.2	32.39	86.4	86.7	85.9
1093546546	-0.67	57.57	8.2	26.05	90.4	90.8	84.8
1095547547	-0.77	55.23	10.2	22.62	94.7	95.3	83.8
1097548548	-0.89	52.72	12.9	19.45	99.6	100.4	82.6
1099549549	-1.08	50.37	16.9	16.04	104.1	105.4	80.8
1101550550	-1.28	47.83	21.8	13.60	109.1	111.3	78.7
1103551551	-1.52	45.34	28.2	11.45	113.8	117.3	76.1
1105552552	-1.75	42.76	35.5	9.94	118.6	123.8	73.3
1107553553	-2.05	40.46	44.5	8.53	121.5	129.4	69.9
1109554554	-2.34	37.56	55.9	7.47	125.0	137.0	65.9
1111555555	-2.66	35.14	67.7	6.59	125.4	142.5	61.6
1113556556	-3.05	32.35	82.4	5.76	123.1	148.1	56.2
1115557557	-3.45	29.43	97.5	5.11	117.7	152.8	50.4
1117558558	-3.84	26.68	111.0	4.59	109.0	155.5	44.5
1119559559	-4.32	23.46	124.0	4.10	95.3	156.4	37.5
1121560560	-4.86	19.92	133.6	3.67	77.2	154.3	30.0
1123561561	-5.41	16.70	136.9	3.31	59.2	149.1	23.4
1125562562	-6.03	12.86	136.1	3.00	40.3	142.0	16.5
1127563563	-6.66	9.23	131.2	2.73	24.9	133.6	10.8
1129564564	-7.38	5.04	123.4	2.49	11.3	123.9	5.2
1131565565	-8.14	0.77	114.4	2.29	1.4	114.4	0.7
1133566566	-8.88	-3.91	105.7	2.12	-6.0	105.9	-3.2
1135567567	-9.72	-9.65	96.5	1.97	-11.8	97.3	-7.0
1137568568	-10.61	-15.77	87.9	1.84	-15.4	89.2	-9.9
1139569569	-11.51	-22.48	80.2	1.72	-17.5	82.1	-12.3
1141570570	-12.44	-30.34	73.1	1.63	-18.7	75.5	-14.4
1143571571	-13.34	-39.06	67.0	1.55	-19.0	69.6	-15.9
1145572572	-14.36	-48.64	61.5	1.47	-18.3	64.1	-16.6
1147573573	-15.19	-60.60	56.4	1.42	-17.6	59.1	-17.4
1149574574	-15.72	-73.96	52.0	1.39	-16.8	54.6	-17.9
1151575575	-16.02	-87.59	48.2	1.38	-15.6	50.7	-18.0
1153576576	-15.95	-100.41	45.0	1.38	-14.5	47.3	-17.8
1155577577	-15.61	-113.32	42.0	1.40	-13.1	44.0	-17.4
1157578578	-15.15	-125.58	39.3	1.42	-11.5	40.9	-16.3
1159579579	-14.41	-135.60	36.8	1.47	-10.2	38.2	-15.5
1161580580	-13.60	-144.48	34.6	1.53	-8.8	35.7	-14.2
1163581581	-12.85	-152.52	32.6	1.59	-7.2	33.3	-12.5
1165582582	-12.06	-159.87	30.6	1.66	-5.6	31.1	-10.4
1167583583	-11.39	-166.17	29.1	1.74	-4.0	29.3	-7.9
1169584584	-10.71	-171.86	27.5	1.82	-2.5	27.6	-5.2
1171585585	-10.06	-177.28	26.1	1.92	-0.9	26.1	-1.9
1173586586	-9.44	178.09	24.8	2.02	0.6	24.8	1.5
1175587587	-8.86	173.48	23.6	2.13	2.2	23.7	5.4
1177588588	-8.35	169.44	22.5	2.24	3.7	22.8	9.3
1179589589	-7.88	165.34	21.5	2.35	5.3	22.2	13.7
1181590590	-7.39	161.59	20.5	2.49	6.8	21.6	18.3
1183591591	-7.01	157.82	19.8	2.61	8.3	21.5	22.8
1185592592	-6.69	153.75	19.2	2.73	10.0	21.7	27.5
1187593593	-6.35	150.39	18.6	2.86	11.5	21.8	31.8
1189594594	-6.07	147.01	18.1	2.98	13.0	22.3	35.7
1191595595	-5.84	143.91	17.7	3.09	14.4	22.8	39.1
1193596596	-5.62	140.34	17.5	3.20	16.1	23.7	42.6
1195597597	-5.46	137.04	17.3	3.29	17.6	24.7	45.5
1197598598	-5.28	133.89	17.2	3.39	19.1	25.7	48.1
1199599599	-5.27	130.47	17.5	3.40	20.7	27.1	49.7
1201600600	-5.12	127.01	17.5	3.49	22.4	28.5	52.0
1203601601	-5.15	123.80	18.1	3.47	23.9	30.0	52.9
1205602602	-5.11	120.46	18.5	3.50	25.6	31.6	54.2
1207603603	-5.19	117.06	19.3	3.45	27.2	33.3	54.6
1209604604	-5.27	113.83	20.2	3.40	28.7	35.1	54.8
1211605605	-5.42	110.29	21.5	3.31	30.3	37.1	54.6
1213606606	-5.57	106.94	22.8	3.23	31.8	39.1	54.4
1215607607	-5.88	103.85	24.7	3.07	32.9	41.1	53.1
1217608608	-6.16	101.04	26.5	2.94	33.8	42.9	51.9
1219609609	-6.54	98.32	28.6	2.78	34.3	44.7	50.2
1221610610	-6.86	96.01	30.5	2.66	34.7	46.2	48.7
1223611611	-7.29	94.26	32.5	2.52	34.4	47.4	46.6
1225612612	-7.78	93.18	34.4	2.38	33.6	48.1	44.4
1227613613	-8.17	93.03	35.5	2.28	32.7	48.2	42.6
1229614614	-8.59	93.94	36.2	2.18	31.2	47.8	40.7
1231615615	-8.81	95.82	36.0	2.14	29.9	46.9	39.7
1233616616	-8.96	98.21	35.5	2.11	28.7	45.7	38.9
1235617617	-8.91	100.91	34.5	2.12	27.8	44.3	38.9
1237618618	-8.60	103.31	32.9	2.18	27.6	43.0	40.0
1239619619	-8.14	105.03	31.2	2.29	27.9	41.9	41.8
1241620620	-7.67	106.29	29.5	2.41	28.3	40.9	43.8
1243621621	-7.02	106.18	27.7	2.61	29.6	40.5	46.9
1245622622	-6.37	105.28	25.9	2.85	31.2	40.6	50.3
1247623623	-5.66	103.33	24.1	3.18	33.5	41.3	54.3
1249624624	-5.03	100.98	22.5	3.55	36.0	42.4	58.0
1251625625	-4.40	97.01	21.1	4.04	39.6	44.9	62.0
1253626626	-3.79	92.82	19.7	4.65	43.6	47.8	65.7
1255627627	-3.32	87.65	19.0	5.29	48.4	51.9	68.6
1257628628	-2.89	82.36	18.4	6.07	53.7	56.7	71.1
1259629629	-2.46	76.48	17.8	7.11	60.3	62.8	73.6
1261630630	-2.14	70.51	17.9	8.14	67.6	69.9	75.2
1263631631	-1.85	64.45	18.1	9.44	76.3	78.4	76.6
1265632632	-1.60	58.29	18.9	10.86	86.5	88.6	77.7
1267633633	-1.46	52.03	21.2	11.92	98.8	101.0	77.9
1269634634	-1.39	45.95	25.4	12.50	113.2	116.0	77.4
1271635635	-1.29	39.70	30.9	13.48	132.2	135.7	76.9
1273636636	-1.26	33.77	40.7	13.76	155.0	160.2	75.3
1275637637	-1.31	28.36	57.6	13.28	180.7	189.7	72.3
1277638638	-1.39	22.73	88.6	12.56	213.6	231.3	67.5
1279639639	-1.49	17.59	140.0	11.72	246.0	283.0	60.4
1281640640	-1.59	12.64	224.3	10.96	266.8	348.5	49.9
1283641641	-1.74	7.84	342.0	10.03	231.7	413.1	34.1
1285642642	-1.90	3.11	433.5	9.20	106.8	446.4	13.8
1287643643	-2.09	-1.46	413.4	8.36	-43.3	415.6	-6.0
1289644644	-2.24	-5.78	338.9	7.81	-131.0	363.3	-21.1
1291645645	-2.44	-10.11	257.8	7.18	-159.3	303.1	-31.7
1293646646	-2.64	-14.49	197.0	6.62	-159.4	253.4	-39.0
1295647647	-2.87	-18.23	159.8	6.10	-148.4	218.0	-42.9
1297648648	-3.05	-21.99	132.7	5.75	-138.5	191.8	-46.2
1299649649	-3.24	-26.02	111.1	5.42	-127.7	169.3	-49.0
1301650650	-3.46	-29.92	95.7	5.09	-116.8	151.0	-50.7
1303651651	-3.62	-33.82	83.4	4.86	-108.1	136.5	-52.3
1305652652	-3.82	-37.61	74.1	4.62	-99.7	124.3	-53.4
1307653653	-3.95	-41.31	66.4	4.48	-93.3	114.5	-54.5
1309654654	-4.11	-44.82	60.7	4.30	-87.0	106.1	-55.1
1311655655	-4.23	-48.49	55.3	4.18	-81.7	98.6	-55.9
1313656656	-4.34	-52.08	50.8	4.08	-76.9	92.1	-56.5
1315657657	-4.45	-55.42	47.2	3.99	-72.7	86.7	-57.0
1317658658	-4.50	-58.64	43.9	3.95	-69.2	82.0	-57.6
1319659659	-4.58	-61.98	41.1	3.88	-65.6	77.4	-58.0
1321660660	-4.64	-65.00	38.7	3.83	-62.6	73.6	-58.3
1323661661	-4.67	-68.08	36.4	3.81	-59.9	70.1	-58.7
1325662662	-4.66	-71.12	34.1	3.82	-57.5	66.8	-59.3
1327663663	-4.69	-73.96	32.5	3.79	-55.0	63.9	-59.5
1329664664	-4.69	-76.77	30.8	3.79	-52.9	61.2	-59.8
1331665665	-4.69	-79.40	29.3	3.79	-50.9	58.8	-60.0
1333666666	-4.66	-81.90	27.9	3.82	-49.2	56.6	-60.4
1335667667	-4.65	-84.25	26.8	3.83	-47.5	54.6	-60.6
1337668668	-4.60	-86.47	25.6	3.87	-46.1	52.8	-61.0
1339669669	-4.57	-88.75	24.6	3.89	-44.6	51.0	-61.1
1341670670	-4.53	-90.80	23.6	3.92	-43.4	49.4	-61.4
1343671671	-4.52	-92.95	22.9	3.93	-42.0	47.8	-61.4
1345672672	-4.46	-95.00	22.0	3.98	-40.8	46.3	-61.7
1347673673	-4.38	-96.81	21.1	4.05	-39.8	45.0	-62.1
1349674674	-4.32	-98.54	20.3	4.10	-38.8	43.8	-62.3
1351675675	-4.30	-100.25	19.8	4.12	-37.8	42.6	-62.4
1353676676	-4.27	-101.91	19.2	4.15	-36.8	41.5	-62.4
1355677677	-4.18	-103.42	18.5	4.24	-36.0	40.5	-62.8
1357678678	-4.12	-105.15	17.9	4.29	-35.1	39.4	-63.0
1359679679	-4.10	-106.68	17.5	4.31	-34.2	38.4	-62.9
1361680680	-4.07	-108.12	17.1	4.35	-33.4	37.5	-62.9
1363681681	-4.00	-109.47	16.5	4.42	-32.7	36.7	-63.2
1365682682	-3.96	-110.88	16.1	4.46	-32.0	35.8	-63.2
1367683683	-3.89	-112.39	15.6	4.54	-31.2	34.9	-63.4
1369684684	-3.87	-113.74	15.3	4.57	-30.4	34.1	-63.3
1371685685	-3.82	-114.93	14.9	4.62	-29.8	33.4	-63.4
1373686686	-3.77	-116.11	14.6	4.68	-29.2	32.7	-63.5
1375687687	-3.74	-117.30	14.3	4.72	-28.6	32.0	-63.5
1377688688	-3.70	-118.57	14.0	4.77	-28.0	31.3	-63.5
1379689689	-3.60	-119.87	13.5	4.89	-27.3	30.5	-63.8
1381690690	-3.56	-120.91	13.2	4.95	-26.8	29.9	-63.9
1383691691	-3.53	-122.00	12.9	4.99	-26.3	29.3	-63.8
1385692692	-3.49	-123.29	12.7	5.04	-25.6	28.6	-63.7
1387693693	-3.44	-124.28	12.4	5.11	-25.2	28.0	-63.8
1389694694	-3.40	-125.33	12.1	5.17	-24.6	27.5	-63.8
1391695695	-3.36	-126.36	11.9	5.23	-24.1	26.9	-63.8
1393696696	-3.31	-127.35	11.6	5.31	-23.7	26.4	-63.9
1395697697	-3.24	-128.42	11.3	5.43	-23.2	25.8	-64.0
1397698698	-3.18	-129.44	11.0	5.52	-22.7	25.2	-64.1
1399699699	-3.15	-130.36	10.8	5.58	-22.2	24.7	-64.1
1401700700	-3.07	-131.28	10.5	5.71	-21.8	24.2	-64.3
1403701701	-3.00	-132.31	10.2	5.85	-21.3	23.6	-64.5
1405702702	-2.95	-133.10	9.9	5.95	-21.0	23.2	-64.7
1407703703	-2.91	-134.00	9.7	6.03	-20.5	22.7	-64.6
1409704704	-2.83	-134.68	9.4	6.20	-20.2	22.3	-65.0
1411705705	-2.78	-135.63	9.2	6.31	-19.8	21.8	-65.1
1413706706	-2.72	-136.46	9.0	6.44	-19.4	21.4	-65.2
1415707707	-2.66	-137.14	8.7	6.58	-19.1	21.0	-65.4
1417708708	-2.57	-137.82	8.4	6.80	-18.8	20.6	-65.9
1419709709	-2.51	-138.50	8.2	6.98	-18.5	20.2	-66.2
1421710710	-2.45	-139.33	8.0	7.13	-18.1	19.8	-66.3
1423711711	-2.39	-139.94	7.7	7.33	-17.8	19.4	-66.6
1425712712	-2.32	-140.68	7.5	7.55	-17.5	19.0	-66.9
1427713713	-2.24	-141.23	7.2	7.79	-17.3	18.7	-67.4
1429714714	-2.17	-141.84	7.0	8.03	-17.0	18.4	-67.7
1431715715	-2.09	-142.47	6.7	8.34	-16.7	18.0	-68.2
1433716716	-2.04	-142.85	6.5	8.55	-16.5	17.8	-68.6
1435717717	-1.99	-143.37	6.3	8.79	-16.3	17.5	-68.9
1437718718	-1.92	-144.01	6.1	9.06	-16.0	17.1	-69.2
1439719719	-1.86	-144.47	5.9	9.37	-15.8	16.9	-69.6
1441720720	-1.77	-144.91	5.6	9.87	-15.6	16.6	-70.4
1443721721	-1.68	-145.21	5.3	10.34	-15.5	16.4	-71.1
1445722722	-1.63	-145.56	5.1	10.72	-15.3	16.2	-71.6
1447723723	-1.58	-146.00	5.0	11.04	-15.2	15.9	-71.9
1449724724	-1.54	-146.46	4.8	11.32	-14.9	15.7	-72.1
1451725725	-1.48	-146.83	4.6	11.76	-14.8	15.5	-72.6
1453726726	-1.43	-147.14	4.4	12.21	-14.6	15.3	-73.1
1455727727	-1.37	-147.31	4.3	12.71	-14.6	15.2	-73.7
1457728728	-1.33	-147.54	4.1	13.08	-14.5	15.0	-74.0
1459729729	-1.29	-147.87	4.0	13.45	-14.3	14.9	-74.3
1461730730	-1.24	-148.24	3.9	13.99	-14.1	14.7	-74.7
1463731731	-1.19	-148.53	3.7	14.61	-14.0	14.5	-75.2
1465732732	-1.15	-148.77	3.6	15.07	-13.9	14.4	-75.6
1467733733	-1.12	-148.94	3.5	15.60	-13.8	14.3	-76.0
1469734734	-1.07	-149.16	3.3	16.22	-13.7	14.1	-76.4
1471735735	-1.04	-149.37	3.2	16.68	-13.6	14.0	-76.7
1473736736	-1.03	-149.51	3.2	16.92	-13.6	13.9	-76.8
1475737737	-1.01	-149.68	3.1	17.27	-13.5	13.9	-77.0
1477738738	-0.94	-149.92	2.9	18.41	-13.4	13.7	-77.7
1479739739	-0.91	-150.11	2.8	19.03	-13.3	13.6	-78.1
1481740740	-0.89	-150.32	2.7	19.62	-13.2	13.5	-78.3
1483741741	-0.87	-150.46	2.7	19.88	-13.1	13.4	-78.4
1485742742	-0.89	-150.69	2.7	19.64	-13.0	13.3	-78.2
1487743743	-0.86	-150.91	2.6	20.20	-12.9	13.2	-78.5
1489744744	-0.85	-151.02	2.6	20.37	-12.9	13.2	-78.5
1491745745	-0.84	-151.27	2.6	20.66	-12.8	13.0	-78.6
1493746746	-0.81	-151.44	2.5	21.59	-12.7	12.9	-79.0
1495747747	-0.81	-151.67	2.5	21.52	-12.6	12.8	-78.9
1497748748	-0.83	-151.80	2.5	21.07	-12.5	12.8	-78.6
1499749749	-0.81	-151.96	2.5	21.34	-12.5	12.7	-78.7
1501750750	-0.77	-152.14	2.4	22.44	-12.4	12.6	-79.2
1503751751	-0.76	-152.52	2.3	22.76	-12.2	12.4	-79.2
1505752752	-0.75	-152.76	2.3	23.10	-12.1	12.3	-79.3
1507753753	-0.75	-153.20	2.3	23.04	-11.9	12.1	-79.1
1509754754	-0.76	-153.44	2.3	22.93	-11.8	12.0	-78.9
1511755755	-0.75	-153.62	2.3	23.09	-11.7	11.9	-79.0
1513756756	-0.77	-153.89	2.3	22.49	-11.6	11.8	-78.6
1515757757	-0.77	-154.41	2.3	22.56	-11.3	11.6	-78.4
1517758758	-0.75	-154.50	2.3	23.25	-11.3	11.5	-78.7
1519759759	-0.73	-154.74	2.2	23.66	-11.2	11.4	-78.8
1521760760	-0.73	-155.18	2.2	23.79	-11.0	11.2	-78.7
1523761761	-0.73	-155.59	2.2	23.77	-10.8	11.0	-78.5
1525762762	-0.67	-156.55	2.0	26.10	-10.4	10.6	-79.1
1527763763	-0.60	-157.87	1.8	28.87	-9.8	9.9	-79.6
1529764764	-0.65	-156.89	1.9	26.82	-10.2	10.4	-79.2
1531765765	-0.67	-156.63	2.0	25.83	-10.3	10.5	-78.9
1533766766	-0.67	-156.92	2.0	25.93	-10.2	10.4	-78.9
1535767767	-0.66	-157.17	2.0	26.23	-10.1	10.3	-78.9
1537768768	-0.63	-157.68	1.9	27.69	-9.8	10.0	-79.2
1539769769	-0.61	-158.06	1.8	28.59	-9.7	9.8	-79.4
1541770770	-0.61	-158.60	1.8	28.29	-9.4	9.6	-79.0
1543771771	-0.60	-158.81	1.8	29.07	-9.3	9.5	-79.2
1545772772	-0.58	-159.21	1.7	30.13	-9.2	9.3	-79.4
1547773773	-0.52	-159.73	1.6	33.19	-8.9	9.1	-80.1
1549774774	-0.52	-160.17	1.5	33.48	-8.7	8.9	-80.0
1551775775	-0.51	-160.56	1.5	33.86	-8.6	8.7	-79.9
1553776776	-0.48	-161.01	1.4	35.90	-8.4	8.5	-80.3
1555777777	-0.47	-161.39	1.4	37.21	-8.2	8.3	-80.4
1557778778	-0.43	-161.87	1.3	40.38	-8.0	8.1	-80.9
1559779779	-0.40	-162.20	1.2	43.78	-7.8	7.9	-81.5
1561780780	-0.38	-162.87	1.1	46.21	-7.5	7.6	-81.6
1563781781	-0.33	-163.25	1.0	52.19	-7.4	7.4	-82.4
1565782782	-0.30	-163.49	0.9	57.69	-7.3	7.3	-83.0
1567783783	-0.24	-164.01	0.7	72.04	-7.0	7.1	-84.2
1569784784	-0.22	-164.60	0.6	80.45	-6.8	6.8	-84.7
1571785785	-0.19	-164.82	0.6	89.99	-6.7	6.7	-85.1
1573786786	-0.13	-165.37	0.4	134.07	-6.4	6.4	-86.6
1575787787	-0.10	-165.73	0.3	169.12	-6.3	6.3	-87.3
1577788788	-0.04	-166.07	0.1	401.41	-6.1	6.1	-88.8
1579789789	0.00	-166.60	0.0	?	-5.9	5.9	-90.0
1581790790	0.00	-166.95	0.0	?	-5.7	5.7	-90.0
1583791791	0.00	-167.21	0.0	?	-5.6	5.6	-90.0
1585792792	0.00	-167.68	0.0	?	-5.4	5.4	-90.0
1587793793	0.00	-168.36	0.0	?	-5.1	5.1	-90.0
1589794794	0.00	-168.61	0.0	?	-5.0	5.0	-90.0
1591795795	0.00	-168.99	0.0	?	-4.8	4.8	-90.0
1593796796	0.00	-169.23	0.0	?	-4.7	4.7	-90.0
1595797797	0.00	-169.68	0.0	?	-4.5	4.5	-90.0
1597798798	0.00	-169.84	0.0	?	-4.4	4.4	-90.0
1599799799	0.00	-170.30	0.0	?	-4.2	4.2	-90.0
1601800800	0.00	-170.73	0.0	?	-4.1	4.1	-90.0
1603801801	0.00	-170.99	0.0	?	-3.9	3.9	-90.0
1605802802	0.00	-171.14	0.0	?	-3.9	3.9	-90.0
1607803803	0.00	-171.57	0.0	?	-3.7	3.7	-90.0
1609804804	0.00	-171.83	0.0	?	-3.6	3.6	-90.0
1611805805	0.00	-172.39	0.0	?	-3.3	3.3	-90.0
1613806806	0.00	-172.65	0.0	?	-3.2	3.2	-90.0
1615807807	0.00	-172.86	0.0	?	-3.1	3.1	-90.0
1617808808	0.00	-173.22	0.0	?	-3.0	3.0	-90.0
1619809809	0.00	-173.81	0.0	?	-2.7	2.7	-90.0
1621810810	0.00	-174.19	0.0	?	-2.5	2.5	-90.0
1623811811	0.00	-174.16	0.0	?	-2.6	2.6	-90.0
1625812812	0.00	-174.55	0.0	?	-2.4	2.4	-90.0
1627813813	0.00	-174.89	0.0	?	-2.2	2.2	-90.0
1629814814	0.00	-175.12	0.0	?	-2.1	2.1	-90.0
1631815815	0.00	-175.38	0.0	?	-2.0	2.0	-90.0
1633816816	0.00	-175.53	0.0	?	-2.0	2.0	-90.0
1635817817	0.00	-176.01	0.0	?	-1.7	1.7	-90.0
1637818818	0.00	-176.47	0.0	?	-1.5	1.5	-90.0
1639819819	0.00	-176.65	0.0	?	-1.5	1.5	-90.0
1641820820	0.00	-177.02	0.0	?	-1.3	1.3	-90.0
1643821821	0.00	-177.34	0.0	?	-1.2	1.2	-90.0
1645822822	0.00	-177.80	0.0	?	-1.0	1.0	-90.0
1647823823	0.00	-178.05	0.0	?	-0.9	0.9	-90.0
1649824824	0.00	-178.28	0.0	?	-0.7	0.7	-90.0
1651825825	0.00	-178.53	0.0	?	-0.6	0.6	-90.0
1653826826	0.00	-178.89	0.0	?	-0.5	0.5	-90.0
1655827827	0.00	-179.03	0.0	?	-0.4	0.4	-90.0
1657828828	0.00	-179.60	0.0	?	-0.2	0.2	-90.0
1659829829	0.00	-179.88	0.0	?	-0.1	0.1	-90.0
1661830830	0.00	179.85	0.0	?	0.1	0.1	90.0
1663831831	0.00	179.47	0.0	?	0.2	0.2	90.0
1665832832	0.00	179.33	0.0	?	0.3	0.3	90.0
1667833833	0.00	178.91	0.0	?	0.5	0.5	90.0
1669834834	0.00	178.21	0.0	?	0.8	0.8	90.0
1671835835	0.00	177.68	0.0	?	1.0	1.0	90.0
1673836836	0.00	177.36	0.0	?	1.2	1.2	90.0
1675837837	0.00	176.81	0.0	?	1.4	1.4	90.0
1677838838	0.00	176.42	0.0	?	1.6	1.6	90.0
1679839839	0.00	176.08	0.0	?	1.7	1.7	90.0
1681840840	0.00	175.73	0.0	?	1.9	1.9	90.0
1683841841	0.00	175.02	0.0	?	2.2	2.2	90.0
1685842842	0.00	174.53	0.0	?	2.4	2.4	90.0
1687843843	0.00	173.80	0.0	?	2.7	2.7	90.0
1689844844	0.00	173.18	0.0	?	3.0	3.0	90.0
1691845845	0.00	172.85	0.0	?	3.1	3.1	90.0
1693846846	0.00	172.17	0.0	?	3.4	3.4	90.0
1695847847	0.00	171.77	0.0	?	3.6	3.6	90.0
1697848848	0.00	171.03	0.0	?	3.9	3.9	90.0
1699849849	0.00	170.25	0.0	?	4.3	4.3	90.0
1701850850	0.00	169.70	0.0	?	4.5	4.5	90.0
1703851851	0.00	168.91	0.0	?	4.9	4.9	90.0
1705852852	0.00	168.45	0.0	?	5.1	5.1	90.0
1707853853	0.00	167.52	0.0	?	5.5	5.5	90.0
1709854854	0.00	167.02	0.0	?	5.7	5.7	90.0
1711855855	0.00	166.29	0.0	?	6.0	6.0	90.0
1713856856	0.00	165.60	0.0	?	6.3	6.3	90.0
1715857857	0.00	164.08	0.0	?	7.0	7.0	90.0
1717858858	0.00	163.22	0.0	?	7.4	7.4	90.0
1719859859	0.00	162.56	0.0	?	7.7	7.7	90.0
1721860860	0.00	161.34	0.0	?	8.2	8.2	90.0
1723861861	0.00	160.44	0.0	?	8.6	8.6	90.0
1725862862	0.00	159.29	0.0	?	9.1	9.1	90.0
1727863863	0.00	158.41	0.0	?	9.5	9.5	90.0
1729864864	0.00	157.04	0.0	?	10.2	10.2	90.0
1731865865	0.00	155.87	0.0	?	10.7	10.7	90.0
1733866866	0.00	154.55	0.0	?	11.3	11.3	90.0
1735867867	0.00	152.64	0.0	?	12.2	12.2	90.0
1737868868	0.00	151.56	0.0	?	12.7	12.7	90.0
1739869869	0.00	150.49	0.0	?	13.2	13.2	90.0
1741870870	0.00	148.77	0.0	?	14.0	14.0	90.0
1743871871	0.00	147.14	0.0	?	14.7	14.7	90.0
1745872872	0.00	145.56	0.0	?	15.5	15.5	90.0
1747873873	0.00	144.16	0.0	?	16.2	16.2	90.0
1749874874	0.00	142.80	0.0	?	16.8	16.8	90.0
1751875875	0.00	141.16	0.0	?	17.6	17.6	90.0
1753876876	0.00	139.27	0.0	?	18.6	18.6	90.0
1755877877	0.00	137.80	0.0	?	19.3	19.3	90.0
1757878878	0.00	135.89	0.0	?	20.3	20.3	90.0
1759879879	0.00	134.09	0.0	?	21.2	21.2	90.0
1761880880	0.00	132.68	0.0	?	21.9	21.9	90.0
1763881881	0.00	130.87	0.0	?	22.9	22.9	90.0
1765882882	0.00	129.68	0.0	?	23.5	23.5	90.0
1767883883	0.00	127.61	0.0	?	24.6	24.6	90.0
1769884884	0.00	126.31	0.0	?	25.3	25.3	90.0
1771885885	0.00	124.55	0.0	?	26.3	26.3	90.0
1773886886	0.00	122.80	0.0	?	27.3	27.3	90.0
1775887887	0.00	121.35	0.0	?	28.1	28.1	90.0
1777888888	0.00	119.72	0.0	?	29.0	29.0	90.0
1779889889	0.00	117.64	0.0	?	30.3	30.3	90.0
1781890890	0.00	116.46	0.0	?	31.0	31.0	90.0
1783891891	0.00	115.03	0.0	?	31.8	31.8	90.0
1785892892	0.00	113.04	0.0	?	33.1	33.1	90.0
1787893893	0.00	111.40	0.0	?	34.1	34.1	90.0
1789894894	0.00	109.30	0.0	?	35.5	35.5	90.0
1791895895	0.00	107.20	0.0	?	36.9	36.9	90.0
1793896896	0.00	106.02	0.0	?	37.7	37.7	90.0
1795897897	0.00	103.95	0.0	?	39.1	39.1	90.0
1797898898	0.00	102.40	0.0	?	40.2	40.2	90.0
1799899899	0.00	100.54	0.0	?	41.6	41.6	90.0
1801900900	0.00	98.96	0.0	?	42.7	42.7	90.0
1803901901	0.00	97.38	0.0	?	43.9	43.9	90.0
1805902902	0.00	95.08	0.0	?	45.7	45.7	90.0
1807903903	0.00	93.25	0.0	?	47.2	47.2	90.0
1809904904	0.00	91.16	0.0	?	49.0	49.0	90.0
1811905905	0.00	89.05	0.0	?	50.8	50.8	90.0
1813906906	0.00	87.26	0.0	?	52.5	52.5	90.0
1815907907	0.00	85.32	0.0	?	54.3	54.3	90.0
1817908908	-0.10	83.37	0.6	179.26	56.1	56.1	89.4
1819909909	-0.28	81.39	1.9	63.09	58.1	58.1	88.2
1821910910	-0.52	79.21	3.7	33.45	60.3	60.4	86.5
1823911911	-0.77	77.24	5.7	22.59	62.3	62.5	84.8
1825912912	-1.00	75.25	7.7	17.32	64.3	64.8	83.2
1827913913	-1.21	73.01	9.8	14.33	66.6	67.4	81.7
1829914914	-1.44	70.80	12.2	12.10	68.9	70.0	80.0
1831915915	-1.68	68.68	14.8	10.38	71.1	72.6	78.2
1833916916	-1.92	66.44	17.9	9.07	73.3	75.5	76.3
1835917917	-2.16	64.10	21.2	8.08	75.7	78.6	74.4
1837918918	-2.45	61.75	25.2	7.15	77.7	81.7	72.1
1839919919	-2.56	59.30	28.1	6.83	80.6	85.4	70.8
1841920920	-2.85	57.09	32.7	6.15	82.2	88.4	68.3
1843921921	-3.07	55.15	36.7	5.71	83.4	91.1	66.2
1845922922	-3.26	52.33	41.8	5.39	86.0	95.6	64.1
1847923923	-3.52	49.87	47.5	5.00	87.1	99.2	61.4
1849924924	-3.72	47.34	53.1	4.74	88.5	103.2	59.0
1851925925	-3.93	44.51	59.8	4.50	89.7	107.8	56.3
1853926926	-4.07	42.25	65.4	4.34	90.4	111.6	54.1
1855927927	-4.33	39.38	73.4	4.09	89.6	115.8	50.7
1857928928	-4.42	36.43	81.0	4.01	90.6	121.5	48.2
1859929929	-4.60	33.63	89.2	3.86	89.0	126.0	44.9
1861930930	-4.77	30.99	97.1	3.73	86.6	130.1	41.7
1863931931	-4.95	28.80	103.5	3.60	82.8	132.5	38.7
1865932932	-5.06	25.55	113.1	3.53	79.1	138.0	35.0
1867933933	-5.23	22.98	120.0	3.42	73.3	140.7	31.4
1869934934	-5.26	20.58	127.2	3.40	69.5	145.0	28.7
1871935935	-5.40	17.59	134.5	3.32	61.3	147.8	24.5
1873936936	-5.44	14.79	141.6	3.29	54.1	151.6	20.9
1875937937	-5.57	12.00	146.3	3.23	44.4	152.9	16.9
1877938938	-5.62	9.69	150.0	3.20	36.4	154.4	13.6
1879939939	-5.70	6.82	153.1	3.16	25.8	155.2	9.6
1881940940	-5.71	3.71	156.2	3.15	14.3	156.8	5.2
1883941941	-5.77	1.38	155.9	3.12	5.3	156.0	1.9
1885942942	-5.84	-1.50	154.1	3.09	-5.6	154.2	-2.1
1887943943	-5.86	-4.18	152.0	3.07	-15.2	152.8	-5.7
1889944944	-5.92	-7.09	147.7	3.05	-24.8	149.8	-9.5
1891945945	-6.00	-9.15	143.1	3.01	-30.4	146.3	-12.0
1893946946	-6.03	-11.80	138.1	2.99	-37.6	143.1	-15.2
1895947947	-6.10	-14.42	132.0	2.96	-43.2	138.9	-18.1
1897948948	-6.07	-16.77	127.5	2.98	-48.6	136.4	-20.9
1899949949	-6.19	-18.97	121.3	2.92	-50.9	131.5	-22.8
1901950950	-6.20	-20.74	117.4	2.92	-53.6	129.1	-24.5
1903951951	-6.31	-23.37	110.7	2.87	-55.4	123.8	-26.6
1905952952	-6.45	-26.01	104.2	2.82	-56.2	118.4	-28.3
1907953953	-6.53	-28.03	99.7	2.79	-56.9	114.8	-29.7
1909954954	-6.68	-29.85	95.6	2.73	-56.2	110.9	-30.5
1911955955	-6.74	-31.12	93.0	2.71	-56.1	108.6	-31.1
1913956956	-6.83	-32.96	89.4	2.67	-55.9	105.4	-32.0
1915957957	-6.89	-34.12	87.3	2.65	-55.7	103.6	-32.6
1917958958	-6.89	-35.75	84.6	2.65	-56.2	101.5	-33.6
1919959959	-6.99	-36.33	83.4	2.62	-55.3	100.1	-33.5
1921960960	-6.98	-37.14	82.1	2.62	-55.5	99.2	-34.1
1923961961	-6.98	-37.94	80.9	2.62	-55.7	98.2	-34.6
1925962962	-6.94	-38.66	79.8	2.63	-56.2	97.6	-35.2
1927963963	-6.90	-39.08	79.2	2.65	-56.7	97.4	-35.6
1929964964	-6.84	-40.18	77.5	2.67	-57.4	96.4	-36.5
1931965965	-6.78	-40.85	76.4	2.69	-58.0	95.9	-37.2
1933966966	-6.68	-41.72	75.1	2.73	-58.9	95.4	-38.1
1935967967	-6.58	-42.63	73.6	2.77	-60.0	94.9	-39.2
1937968968	-6.51	-43.63	72.0	2.79	-60.5	94.0	-40.0
1939969969	-6.45	-44.48	70.7	2.82	-60.9	93.3	-40.8
1941970970	-6.32	-45.24	69.3	2.87	-62.0	93.0	-41.8
1943971971	-6.23	-45.98	68.0	2.91	-62.7	92.5	-42.6
1945972972	-6.18	-46.33	67.4	2.93	-63.1	92.3	-43.1
1947973973	-6.04	-46.92	66.2	2.99	-64.2	92.2	-44.1
1949974974	-5.95	-47.84	64.6	3.03	-64.7	91.4	-45.0
1951975975	-5.82	-48.12	63.8	3.10	-65.9	91.7	-45.9
1953976976	-5.66	-48.94	62.0	3.18	-67.0	91.3	-47.2
1955977977	-5.56	-49.84	60.4	3.23	-67.4	90.5	-48.2
1957978978	-5.43	-50.38	59.1	3.30	-68.2	90.3	-49.1
1959979979	-5.27	-51.93	56.2	3.39	-68.6	88.7	-50.7
1961980980	-5.15	-52.26	55.2	3.47	-69.5	88.7	-51.5
1963981981	-5.04	-52.92	53.8	3.54	-69.9	88.2	-52.4
1965982982	-4.87	-53.93	51.5	3.66	-70.6	87.4	-53.9
1967983983	-4.74	-54.46	50.2	3.75	-71.2	87.1	-54.8
1969984984	-4.61	-55.27	48.4	3.85	-71.5	86.3	-55.9
1971985985	-4.55	-56.17	47.0	3.90	-71.1	85.2	-56.6
1973986986	-4.40	-57.10	45.0	4.03	-71.4	84.4	-57.8
1975987987	-4.23	-58.12	42.7	4.19	-71.6	83.4	-59.2
1977988988	-4.10	-58.28	41.7	4.31	-72.4	83.5	-60.1
1979989989	-4.05	-59.25	40.3	4.37	-71.7	82.3	-60.6
1981990990	-3.99	-60.12	39.1	4.43	-71.1	81.2	-61.2
1983991991	-3.85	-61.47	36.8	4.59	-70.6	79.6	-62.5
1985992992	-3.82	-62.07	36.0	4.62	-70.1	78.9	-62.8
1987993993	-3.67	-62.55	34.6	4.80	-70.5	78.5	-63.9
1989994994	-3.62	-63.06	33.7	4.87	-70.2	77.9	-64.3
1991995995	-3.55	-63.82	32.7	4.96	-69.7	77.0	-64.9
1993996996	-3.48	-64.56	31.6	5.06	-69.3	76.1	-65.5
1995997997	-3.43	-65.58	30.5	5.13	-68.4	74.9	-66.0
1997998998	-3.34	-66.23	29.3	5.27	-68.1	74.2	-66.7
1999999999	-3.28	-66.72	28.5	5.36	-67.9	73.6	-67.2
