1000000	-0.71	87.49	4.2	24.64	52.1	52.2	85.3
3001001	0.00	82.20	0.0	?	57.3	57.3	90.0
5002002	0.00	76.80	0.0	?	63.1	63.1	90.0
7003003	0.00	72.84	0.0	?	67.8	67.8	90.0
9004004	0.00	69.42	0.0	?	72.2	72.2	90.0
11005005	0.00	67.46	0.0	?	74.9	74.9	90.0
13006006	0.00	65.27	0.0	?	78.1	78.1	90.0
15007007	-0.15	62.52	1.6	112.66	82.3	82.4	88.9
17008008	-0.23	60.81	2.6	75.91	85.1	85.2	88.3
19009009	-0.34	59.03	4.0	50.92	88.2	88.3	87.4
21010010	-0.40	57.42	5.0	43.30	91.1	91.2	86.9
23011011	-0.46	55.85	6.0	37.76	94.0	94.2	86.3
25012012	-0.52	54.37	7.1	33.42	96.9	97.2	85.8
27013013	-0.56	52.86	8.1	31.14	100.1	100.4	85.4
29014014	-0.60	51.47	9.0	29.20	103.1	103.5	85.0
31015015	-0.63	50.18	10.1	27.49	106.0	106.5	84.6
33016016	-0.65	48.97	10.9	26.57	108.9	109.4	84.3
35017017	-0.67	47.83	11.6	25.96	111.8	112.4	84.1
37018018	-0.68	46.70	12.3	25.71	114.7	115.4	83.9
39019019	-0.66	45.56	12.6	26.29	117.9	118.6	83.9
41020020	-0.66	44.43	13.1	26.38	121.2	121.9	83.8
43021021	-0.67	43.34	13.9	26.13	124.5	125.3	83.6
45022022	-0.68	42.39	14.8	25.65	127.5	128.3	83.4
47023023	-0.68	41.43	15.5	25.54	130.6	131.5	83.2
49024024	-0.69	40.58	16.2	25.34	133.5	134.5	83.1
51025025	-0.69	39.68	17.1	25.10	136.7	137.7	82.9
53026026	-0.71	38.88	18.1	24.57	139.6	140.7	82.6
55027027	-0.73	38.13	19.3	23.91	142.3	143.6	82.3
57028028	-0.73	37.37	20.3	23.66	145.3	146.7	82.1
59029029	-0.76	36.66	21.7	22.93	148.1	149.6	81.7
61030030	-0.78	35.98	23.2	22.19	150.7	152.5	81.3
63031031	-0.81	35.33	24.8	21.40	153.3	155.3	80.8
65032032	-0.85	34.66	26.8	20.52	156.0	158.3	80.3
67033033	-0.89	33.98	29.1	19.55	158.8	161.4	79.6
69034034	-0.93	33.33	31.5	18.69	161.4	164.5	79.0
71035035	-0.97	32.68	34.1	17.87	164.0	167.5	78.3
73036036	-1.03	31.99	37.4	16.87	166.7	170.8	77.3
75037037	-1.08	31.28	40.6	16.14	169.6	174.4	76.5
77038038	-1.14	30.58	44.5	15.28	172.3	177.9	75.5
79039039	-1.21	29.88	48.8	14.43	174.7	181.4	74.4
81040040	-1.27	29.18	53.4	13.69	177.1	185.0	73.2
83041041	-1.35	28.45	58.9	12.85	179.2	188.6	71.8
85042042	-1.44	27.71	64.8	12.10	181.0	192.3	70.3
87043043	-1.51	27.00	70.3	11.54	182.9	195.9	69.0
89044044	-1.58	26.19	76.5	11.06	185.2	200.4	67.6
91045045	-1.65	25.28	84.0	10.54	187.4	205.3	65.9
93046046	-1.74	24.38	92.2	10.03	188.9	210.2	64.0
95047047	-1.82	23.45	101.0	9.56	190.0	215.2	62.0
97048048	-1.91	22.58	109.8	9.13	190.2	219.6	60.0
99049049	-1.98	21.62	119.1	8.83	191.2	225.2	58.1
101050050	-2.05	20.52	130.2	8.53	192.0	232.0	55.9
103051051	-2.12	19.32	142.8	8.24	191.9	239.2	53.4
105052052	-2.19	18.04	157.1	7.97	190.9	247.2	50.5
107053053	-2.27	16.81	171.4	7.71	187.9	254.4	47.6
109054054	-2.35	15.54	186.6	7.43	182.4	260.9	44.3
111055055	-2.43	14.24	202.2	7.21	175.7	267.9	41.0
113056056	-2.49	12.87	218.6	7.02	167.4	275.3	37.5
115057057	-2.56	11.46	234.6	6.83	155.8	281.7	33.6
117058058	-2.62	10.00	250.8	6.67	142.0	288.2	29.5
119059059	-2.68	8.49	265.7	6.52	124.8	293.6	25.2
121060060	-2.74	6.92	279.1	6.39	104.8	298.1	20.6
123061061	-2.79	5.23	290.9	6.28	81.2	302.0	15.6
125062062	-2.84	3.56	298.2	6.18	55.7	303.4	10.6
127063063	-2.89	1.93	300.0	6.06	29.8	301.5	5.7
129064064	-2.92	0.22	300.2	6.00	3.4	300.2	0.6
131065065	-2.95	-1.56	295.4	5.95	-23.3	296.4	-4.5
133066066	-2.97	-3.29	287.0	5.90	-47.2	290.9	-9.3
135067067	-2.98	-5.10	275.8	5.88	-70.0	284.5	-14.2
137068068	-2.98	-7.02	261.2	5.88	-91.1	276.6	-19.2
139069069	-2.99	-8.93	243.8	5.86	-107.7	266.5	-23.8
141070070	-2.97	-10.90	226.0	5.90	-122.5	257.1	-28.5
143071071	-2.96	-12.95	206.6	5.93	-133.4	245.9	-32.8
145072072	-2.95	-14.97	187.8	5.95	-140.2	234.4	-36.7
147073073	-2.92	-17.14	168.8	6.00	-145.2	222.7	-40.7
149074074	-2.90	-19.26	151.5	6.04	-146.8	211.0	-44.1
151075075	-2.87	-21.48	135.1	6.11	-147.1	199.7	-47.4
153076076	-2.83	-23.73	120.1	6.18	-145.5	188.7	-50.5
155077077	-2.80	-26.01	106.7	6.25	-142.6	178.1	-53.2
157078078	-2.76	-28.31	94.8	6.34	-139.0	168.3	-55.7
159079079	-2.72	-30.68	84.1	6.43	-134.6	158.7	-58.0
161080080	-2.70	-32.97	75.3	6.48	-129.7	150.0	-59.8
163081081	-2.68	-35.44	67.1	6.54	-124.4	141.3	-61.6
165082082	-2.63	-37.78	60.1	6.66	-119.7	134.0	-63.4
167083083	-2.60	-40.16	54.1	6.73	-114.8	126.9	-64.8
169084084	-2.57	-42.50	48.9	6.81	-110.1	120.5	-66.1
171085085	-2.53	-44.82	44.3	6.92	-105.7	114.6	-67.3
173086086	-2.47	-47.28	39.8	7.08	-101.4	108.9	-68.6
175087087	-2.41	-49.87	35.6	7.26	-97.0	103.3	-69.8
177088088	-2.36	-52.61	32.0	7.40	-92.4	97.8	-70.9
179089089	-2.33	-55.42	29.0	7.48	-87.8	92.5	-71.7
181090090	-2.32	-58.22	26.5	7.54	-83.5	87.6	-72.4
183091091	-2.29	-61.00	24.2	7.64	-79.5	83.1	-73.1
185092092	-2.27	-63.93	22.2	7.70	-75.5	78.7	-73.6
187093093	-2.26	-67.06	20.4	7.73	-71.5	74.3	-74.0
189094094	-2.19	-70.21	18.4	7.97	-67.8	70.3	-74.8
191095095	-2.11	-73.85	16.3	8.27	-63.9	66.0	-75.7
193096096	-2.08	-78.28	14.7	8.38	-59.3	61.1	-76.1
195097097	-2.12	-83.09	13.6	8.23	-54.6	56.2	-76.0
197098098	-2.20	-88.11	12.8	7.95	-50.0	51.6	-75.7
199099099	-2.28	-93.47	12.1	7.66	-45.6	47.2	-75.1
201100100	-2.37	-99.44	11.5	7.39	-41.1	42.6	-74.4
203101101	-2.48	-106.42	10.9	7.06	-36.2	37.8	-73.2
205102102	-2.67	-114.60	10.7	6.57	-31.1	32.8	-71.1
207103103	-2.94	-123.46	10.7	5.96	-25.9	28.1	-67.5
209104104	-3.29	-133.40	11.0	5.34	-20.6	23.4	-61.9
211105105	-3.74	-144.60	11.6	4.72	-15.2	19.1	-52.6
213106106	-4.33	-157.36	12.7	4.09	-9.4	15.8	-36.5
215107107	-5.14	-171.61	14.5	3.48	-3.4	14.8	-13.1
217108108	-6.15	172.28	17.1	2.94	3.0	17.3	9.9
219109109	-7.18	154.46	20.4	2.56	9.5	22.5	25.0
221110110	-8.05	135.17	24.5	2.31	16.2	29.4	33.5
223111111	-8.58	115.59	29.5	2.19	23.0	37.4	38.0
225112112	-8.48	97.91	34.4	2.21	30.0	45.7	41.0
227113113	-8.00	82.86	39.7	2.32	37.3	54.5	43.2
229114114	-7.13	69.92	45.2	2.57	46.4	64.8	45.7
231115115	-6.24	58.86	52.0	2.90	56.9	77.1	47.6
233116116	-5.35	49.21	60.4	3.35	69.8	92.3	49.1
235117117	-4.59	40.50	72.3	3.87	84.9	111.5	49.6
237118118	-3.97	32.74	89.2	4.45	102.0	135.5	48.8
239119119	-3.48	25.70	114.1	5.06	120.4	165.9	46.5
241120120	-3.10	19.38	150.6	5.66	137.0	203.6	42.3
243121121	-2.82	13.55	203.9	6.21	144.4	249.9	35.3
245122122	-2.61	8.18	273.9	6.70	127.6	302.1	25.0
247123123	-2.44	3.34	343.6	7.16	70.3	350.7	11.6
249124124	-2.34	-1.14	372.1	7.48	-27.3	373.1	-4.2
251125125	-2.26	-5.25	344.5	7.74	-120.0	364.8	-19.2
253126126	-2.18	-9.17	285.3	8.01	-179.4	337.0	-32.2
255127127	-2.13	-12.91	223.2	8.20	-201.3	300.5	-42.0
257128128	-2.06	-16.48	172.6	8.48	-204.6	267.7	-49.9
259129129	-2.02	-19.74	136.6	8.63	-196.4	239.2	-55.2
261130130	-1.97	-23.16	107.5	8.85	-184.7	213.7	-59.8
263131131	-1.94	-26.50	86.6	8.97	-171.3	192.0	-63.2
265132132	-1.91	-29.66	71.4	9.12	-159.3	174.6	-65.8
267133133	-1.89	-32.78	59.8	9.24	-148.0	159.6	-68.0
269134134	-1.86	-35.70	51.1	9.40	-138.4	147.5	-69.8
271135135	-1.83	-38.50	44.3	9.52	-129.9	137.2	-71.2
273136136	-1.79	-41.25	38.5	9.75	-122.4	128.3	-72.6
275137137	-1.75	-43.92	33.9	9.94	-115.6	120.4	-73.7
277138138	-1.72	-46.57	30.0	10.13	-109.3	113.3	-74.7
279139139	-1.68	-49.12	26.8	10.35	-103.8	107.2	-75.5
281140140	-1.65	-51.55	24.2	10.54	-98.8	101.7	-76.3
283141141	-1.60	-53.90	21.7	10.89	-94.4	96.9	-77.1
285142142	-1.56	-56.20	19.6	11.20	-90.4	92.5	-77.8
287143143	-1.50	-58.36	17.7	11.63	-86.8	88.6	-78.5
289144144	-1.43	-60.54	15.9	12.14	-83.4	84.9	-79.2
291145145	-1.37	-62.70	14.3	12.73	-80.2	81.5	-79.9
293146146	-1.32	-64.78	13.0	13.22	-77.3	78.4	-80.5
295147147	-1.26	-66.93	11.7	13.85	-74.4	75.3	-81.0
297148148	-1.22	-69.02	10.8	14.31	-71.6	72.4	-81.4
299149149	-1.15	-71.00	9.7	15.09	-69.2	69.9	-82.0
301150150	-1.11	-72.88	9.0	15.71	-66.9	67.5	-82.4
303151151	-1.08	-74.73	8.3	16.18	-64.8	65.3	-82.7
305152152	-1.05	-76.58	7.8	16.64	-62.7	63.2	-82.9
307153153	-1.01	-78.43	7.2	17.23	-60.8	61.2	-83.2
309154154	-1.00	-80.23	6.9	17.45	-58.9	59.3	-83.3
311155155	-0.98	-82.04	6.5	17.66	-57.1	57.4	-83.5
313156156	-0.99	-83.67	6.4	17.61	-55.5	55.8	-83.5
315157157	-1.00	-85.21	6.2	17.40	-54.0	54.3	-83.4
317158158	-1.01	-86.64	6.1	17.26	-52.6	53.0	-83.4
319159159	-1.00	-88.03	5.9	17.37	-51.4	51.7	-83.4
321160160	-0.98	-89.22	5.7	17.75	-50.4	50.7	-83.5
323161161	-0.94	-90.54	5.3	18.57	-49.2	49.5	-83.8
325162162	-0.89	-91.98	5.0	19.43	-48.1	48.3	-84.1
327163163	-0.86	-93.50	4.6	20.30	-46.8	47.0	-84.3
329164164	-0.84	-95.03	4.4	20.75	-45.6	45.8	-84.5
331165165	-0.81	-96.55	4.2	21.41	-44.4	44.6	-84.6
333166166	-0.80	-98.17	4.0	21.83	-43.2	43.4	-84.7
335167167	-0.79	-99.78	3.9	21.98	-42.0	42.2	-84.7
337168168	-0.80	-101.32	3.8	21.84	-40.8	41.0	-84.7
339169169	-0.81	-102.92	3.8	21.52	-39.7	39.9	-84.5
341170170	-0.82	-104.48	3.8	21.22	-38.6	38.8	-84.4
343171171	-0.83	-106.10	3.7	20.98	-37.5	37.7	-84.3
345172172	-0.84	-107.60	3.7	20.79	-36.5	36.6	-84.2
347173173	-0.85	-109.15	3.7	20.41	-35.4	35.6	-84.1
349174174	-0.85	-110.73	3.6	20.35	-34.4	34.6	-84.0
351175175	-0.86	-112.34	3.6	20.13	-33.4	33.6	-83.9
353176176	-0.88	-113.91	3.6	19.80	-32.4	32.6	-83.7
355177177	-0.90	-115.39	3.6	19.43	-31.5	31.7	-83.5
357178178	-0.91	-116.96	3.6	19.18	-30.6	30.8	-83.3
359179179	-0.92	-118.49	3.6	18.94	-29.6	29.9	-83.1
361180180	-0.94	-120.12	3.6	18.57	-28.7	28.9	-82.9
363181181	-0.94	-121.65	3.5	18.48	-27.8	28.0	-82.7
365182182	-0.96	-123.22	3.6	18.17	-26.9	27.2	-82.5
367183183	-0.96	-124.78	3.5	18.02	-26.0	26.3	-82.3
369184184	-0.97	-126.32	3.5	17.95	-25.2	25.4	-82.1
371185185	-0.96	-127.81	3.4	18.03	-24.4	24.6	-82.0
373186186	-0.97	-129.32	3.4	17.95	-23.6	23.8	-81.8
375187187	-0.97	-130.83	3.4	17.86	-22.8	23.0	-81.6
377188188	-0.97	-132.36	3.3	17.91	-22.0	22.2	-81.4
379189189	-0.96	-133.74	3.3	18.03	-21.3	21.5	-81.2
381190190	-0.96	-135.20	3.2	18.12	-20.5	20.8	-81.1
383191191	-0.95	-136.62	3.2	18.34	-19.8	20.1	-80.9
385192192	-0.94	-138.09	3.1	18.51	-19.1	19.3	-80.8
387193193	-0.93	-139.47	3.1	18.60	-18.4	18.7	-80.6
389194194	-0.93	-140.84	3.0	18.79	-17.7	18.0	-80.4
391195195	-0.92	-142.18	3.0	18.93	-17.1	17.3	-80.2
393196196	-0.91	-143.43	2.9	19.13	-16.5	16.7	-80.0
395197197	-0.90	-144.71	2.8	19.38	-15.9	16.1	-79.8
397198198	-0.88	-146.04	2.8	19.70	-15.2	15.5	-79.7
399199199	-0.87	-147.29	2.7	19.95	-14.6	14.9	-79.5
401200200	-0.87	-148.44	2.7	20.10	-14.1	14.3	-79.2
403201201	-0.85	-149.65	2.6	20.53	-13.5	13.8	-79.1
405202202	-0.84	-150.84	2.6	20.67	-13.0	13.2	-78.7
407203203	-0.83	-151.99	2.5	20.92	-12.4	12.7	-78.5
409204204	-0.82	-153.12	2.5	21.07	-11.9	12.2	-78.1
411205205	-0.82	-154.20	2.5	21.29	-11.4	11.7	-77.8
413206206	-0.82	-155.21	2.5	21.22	-11.0	11.2	-77.3
415207207	-0.81	-156.27	2.4	21.40	-10.5	10.8	-76.9
417208208	-0.81	-157.35	2.4	21.51	-10.0	10.3	-76.4
419209209	-0.82	-158.32	2.4	21.28	-9.6	9.9	-75.7
421210210	-0.82	-159.30	2.4	21.14	-9.1	9.4	-75.0
423211211	-0.82	-160.26	2.4	21.09	-8.7	9.0	-74.3
425212212	-0.83	-161.21	2.4	21.05	-8.3	8.6	-73.5
427213213	-0.84	-162.16	2.5	20.67	-7.8	8.2	-72.4
429214214	-0.85	-163.11	2.5	20.55	-7.4	7.8	-71.4
431215215	-0.87	-164.01	2.5	20.07	-7.0	7.5	-70.1
433216216	-0.88	-164.93	2.6	19.67	-6.6	7.1	-68.6
435217217	-0.90	-165.85	2.6	19.34	-6.2	6.7	-67.0
437218218	-0.92	-166.70	2.7	18.89	-5.8	6.4	-65.2
439219219	-0.94	-167.56	2.7	18.47	-5.4	6.1	-63.2
441220220	-0.96	-168.49	2.8	18.05	-5.0	5.8	-60.9
443221221	-1.00	-169.41	2.9	17.41	-4.6	5.5	-57.9
445222222	-1.01	-170.24	2.9	17.14	-4.3	5.2	-55.4
447223223	-1.05	-171.13	3.0	16.59	-3.9	4.9	-51.9
449224224	-1.08	-172.07	3.1	16.04	-3.5	4.7	-47.8
451225225	-1.11	-172.96	3.2	15.65	-3.1	4.4	-43.7
453226226	-1.15	-173.86	3.3	15.18	-2.7	4.2	-38.9
455227227	-1.17	-174.74	3.4	14.81	-2.3	4.1	-34.0
457228228	-1.21	-175.67	3.5	14.34	-1.9	4.0	-28.3
459229229	-1.24	-176.61	3.6	14.01	-1.5	3.9	-22.4
461230230	-1.28	-177.57	3.7	13.64	-1.1	3.8	-16.1
463231231	-1.31	-178.49	3.8	13.29	-0.7	3.8	-9.8
465232232	-1.34	-179.52	3.8	13.03	-0.2	3.8	-3.1
467233233	-1.37	179.55	3.9	12.70	0.2	3.9	2.8
469234234	-1.40	178.56	4.0	12.44	0.6	4.1	8.8
471235235	-1.43	177.54	4.1	12.16	1.1	4.2	14.5
473236236	-1.46	176.53	4.2	11.92	1.5	4.5	19.7
475237237	-1.49	175.55	4.3	11.72	1.9	4.7	24.3
477238238	-1.51	174.53	4.3	11.57	2.4	4.9	28.7
479239239	-1.53	173.48	4.4	11.39	2.8	5.2	32.7
481240240	-1.54	172.45	4.4	11.30	3.3	5.5	36.4
483241241	-1.56	171.32	4.5	11.15	3.8	5.9	39.8
485242242	-1.58	170.29	4.6	11.06	4.2	6.2	42.8
487243243	-1.59	169.20	4.6	10.93	4.7	6.6	45.5
489244244	-1.61	168.20	4.7	10.83	5.1	6.9	47.7
491245245	-1.62	167.17	4.7	10.76	5.6	7.3	49.8
493246246	-1.62	166.01	4.7	10.75	6.1	7.7	52.2
495247247	-1.63	164.98	4.8	10.70	6.5	8.1	54.0
497248248	-1.64	163.96	4.8	10.60	7.0	8.5	55.4
499249249	-1.64	162.84	4.8	10.63	7.5	8.9	57.2
501250250	-1.63	161.72	4.8	10.67	8.0	9.3	58.9
503251251	-1.63	160.61	4.8	10.69	8.5	9.7	60.4
505252252	-1.62	159.56	4.8	10.74	8.9	10.1	61.7
507253253	-1.62	158.47	4.8	10.75	9.4	10.6	62.9
509254254	-1.62	157.47	4.8	10.75	9.9	11.0	63.9
511255255	-1.62	156.32	4.8	10.78	10.4	11.5	65.0
513256256	-1.61	155.22	4.8	10.81	10.9	11.9	66.0
515257257	-1.60	154.08	4.8	10.90	11.4	12.4	67.1
517258258	-1.59	153.07	4.8	10.93	11.9	12.8	67.8
519259259	-1.59	152.01	4.8	10.98	12.4	13.3	68.6
521260260	-1.58	150.95	4.8	11.02	12.8	13.7	69.4
523261261	-1.57	149.86	4.8	11.06	13.3	14.2	70.0
525262262	-1.57	148.79	4.8	11.12	13.8	14.7	70.7
527263263	-1.56	147.71	4.9	11.15	14.3	15.1	71.3
529264264	-1.56	146.59	4.9	11.13	14.9	15.7	71.8
531265265	-1.55	145.49	4.9	11.21	15.4	16.2	72.4
533266266	-1.55	144.31	4.9	11.23	16.0	16.7	72.9
535267267	-1.54	143.27	4.9	11.28	16.5	17.2	73.4
537268268	-1.54	142.14	4.9	11.35	17.0	17.7	73.9
539269269	-1.53	140.99	4.9	11.36	17.6	18.2	74.3
541270270	-1.54	139.89	5.0	11.33	18.1	18.8	74.6
543271271	-1.54	138.69	5.0	11.33	18.7	19.3	74.9
545272272	-1.55	137.56	5.1	11.22	19.2	19.9	75.1
547273273	-1.56	136.38	5.2	11.18	19.8	20.5	75.4
549274274	-1.56	135.17	5.2	11.15	20.4	21.1	75.6
551275275	-1.58	134.01	5.3	11.06	21.0	21.7	75.8
553276276	-1.58	132.75	5.4	11.00	21.7	22.3	76.0
555277277	-1.59	131.55	5.5	10.94	22.3	22.9	76.2
557278278	-1.61	130.35	5.6	10.83	22.9	23.6	76.3
559279279	-1.62	129.07	5.7	10.75	23.6	24.2	76.4
561280280	-1.63	127.73	5.8	10.69	24.3	24.9	76.6
563281281	-1.64	126.36	5.9	10.60	25.0	25.7	76.7
565282282	-1.66	125.04	6.0	10.48	25.7	26.4	76.8
567283283	-1.69	123.75	6.2	10.29	26.4	27.1	76.7
569284284	-1.72	122.54	6.4	10.12	27.1	27.8	76.7
571285285	-1.74	121.04	6.6	10.04	27.9	28.7	76.8
573286286	-1.77	119.69	6.8	9.86	28.7	29.4	76.7
575287287	-1.80	118.30	7.0	9.68	29.4	30.3	76.7
577288288	-1.83	116.92	7.2	9.52	30.2	31.1	76.6
579289289	-1.86	115.41	7.4	9.37	31.1	32.0	76.5
581290290	-1.90	113.92	7.7	9.18	32.0	32.9	76.4
583291291	-1.94	112.53	8.0	9.00	32.8	33.8	76.3
585292292	-1.97	111.04	8.3	8.85	33.7	34.7	76.2
587293293	-2.02	109.51	8.6	8.64	34.6	35.7	76.0
589294294	-2.05	108.04	8.9	8.51	35.5	36.6	75.9
591295295	-2.09	106.45	9.3	8.34	36.5	37.7	75.8
593296296	-2.14	104.90	9.7	8.16	37.5	38.7	75.6
595297297	-2.19	103.38	10.1	7.96	38.5	39.8	75.3
597298298	-2.24	101.90	10.5	7.80	39.5	40.8	75.1
599299299	-2.31	100.40	11.1	7.56	40.4	41.9	74.7
601300300	-2.38	98.94	11.6	7.36	41.4	43.0	74.3
603301301	-2.46	97.46	12.2	7.12	42.4	44.1	73.9
605302302	-2.54	96.13	12.9	6.88	43.2	45.1	73.4
607303303	-2.63	94.86	13.6	6.67	44.1	46.1	72.9
609304304	-2.73	93.75	14.3	6.42	44.7	47.0	72.3
611305305	-2.82	92.81	15.0	6.20	45.3	47.7	71.7
613306306	-2.92	91.97	15.7	6.00	45.8	48.4	71.1
615307307	-3.01	91.31	16.3	5.84	46.1	48.9	70.5
617308308	-3.07	90.81	16.8	5.71	46.4	49.3	70.1
619309309	-3.13	90.54	17.1	5.62	46.5	49.6	69.8
621310310	-3.16	90.16	17.4	5.56	46.7	49.9	69.6
623311311	-3.16	89.92	17.4	5.56	46.9	50.1	69.6
625312312	-3.14	89.72	17.4	5.60	47.1	50.2	69.7
627313313	-3.09	89.29	17.3	5.69	47.5	50.6	70.1
629314314	-3.02	88.84	17.0	5.81	48.0	51.0	70.5
631315315	-2.93	88.40	16.7	5.98	48.5	51.3	71.0
633316316	-2.86	87.88	16.5	6.14	49.1	51.8	71.5
635317317	-2.76	87.25	16.1	6.34	49.8	52.3	72.1
637318318	-2.67	86.62	15.8	6.56	50.5	52.9	72.6
639319319	-2.56	85.69	15.4	6.84	51.5	53.7	73.3
641320320	-2.45	84.78	15.0	7.15	52.5	54.6	74.0
643321321	-2.36	83.85	14.8	7.39	53.4	55.5	74.5
645322322	-2.28	82.83	14.6	7.68	54.5	56.4	75.0
647323323	-2.19	81.82	14.3	7.99	55.6	57.4	75.6
649324324	-2.10	80.76	14.0	8.32	56.8	58.5	76.1
651325325	-2.03	79.65	13.9	8.60	58.0	59.7	76.5
653326326	-1.96	78.52	13.8	8.91	59.3	60.9	76.9
655327327	-1.91	77.42	13.8	9.12	60.5	62.1	77.2
657328328	-1.86	76.33	13.7	9.39	61.8	63.3	77.5
659329329	-1.82	75.05	13.8	9.61	63.2	64.7	77.7
661330330	-1.77	73.66	13.8	9.87	64.9	66.4	78.0
663331331	-1.74	72.34	14.0	10.04	66.5	68.0	78.1
665332332	-1.70	71.12	14.2	10.25	68.0	69.5	78.2
667333333	-1.69	69.97	14.5	10.32	69.4	70.9	78.2
669334334	-1.67	68.75	14.7	10.45	71.0	72.5	78.3
671335335	-1.65	67.46	15.0	10.57	72.8	74.3	78.3
673336336	-1.63	66.21	15.4	10.69	74.5	76.1	78.3
675337337	-1.63	64.96	15.9	10.71	76.2	77.9	78.2
677338338	-1.66	63.71	16.7	10.52	77.9	79.7	77.9
679339339	-1.67	62.43	17.4	10.45	79.8	81.6	77.7
681340340	-1.66	61.28	17.9	10.47	81.5	83.5	77.6
683341341	-1.68	60.05	18.7	10.38	83.4	85.5	77.3
685342342	-1.70	58.51	19.8	10.26	85.8	88.1	77.0
687343343	-1.72	57.09	20.9	10.13	88.1	90.6	76.6
689344344	-1.77	55.77	22.3	9.87	90.2	92.9	76.1
691345345	-1.78	54.32	23.5	9.80	92.8	95.7	75.8
693346346	-1.81	52.77	25.2	9.64	95.5	98.8	75.2
695347347	-1.86	51.28	27.2	9.37	98.1	101.8	74.5
697348348	-1.88	49.46	29.2	9.26	101.7	105.8	74.0
699349349	-1.92	47.82	31.5	9.10	105.0	109.6	73.3
701350350	-1.97	46.09	34.4	8.86	108.4	113.7	72.4
703351351	-2.01	44.33	37.5	8.68	112.1	118.2	71.5
705352352	-2.03	42.52	40.6	8.59	116.3	123.2	70.7
707353353	-2.09	40.66	45.0	8.33	120.4	128.5	69.5
709354354	-2.16	38.73	50.0	8.10	124.7	134.4	68.2
711355355	-2.20	36.73	55.5	7.93	129.5	140.9	66.8
713356356	-2.24	34.65	61.9	7.79	134.8	148.3	65.3
715357357	-2.29	32.67	69.0	7.64	139.8	155.9	63.7
717358358	-2.33	30.63	77.3	7.49	144.9	164.2	61.9
719359359	-2.39	28.57	87.2	7.31	149.5	173.1	59.8
721360360	-2.45	26.40	99.0	7.13	154.0	183.1	57.3
723361361	-2.49	24.21	112.4	7.02	158.5	194.3	54.7
725362362	-2.54	22.24	126.3	6.88	161.0	204.6	51.9
727363363	-2.60	20.16	142.7	6.74	162.2	216.0	48.7
729364364	-2.63	18.06	161.0	6.65	162.2	228.5	45.2
731365365	-2.67	15.99	180.9	6.57	159.8	241.4	41.5
733366366	-2.70	13.98	201.6	6.49	154.4	253.9	37.4
735367367	-2.75	12.00	222.5	6.38	143.9	265.0	32.9
737368368	-2.76	9.87	245.6	6.34	130.1	278.0	27.9
739369369	-2.78	7.83	266.7	6.30	111.5	289.1	22.7
741370370	-2.81	5.88	283.9	6.25	88.5	297.4	17.3
743371371	-2.82	3.85	297.9	6.21	60.5	303.9	11.5
745372372	-2.85	1.91	304.1	6.14	30.4	305.6	5.7
747373373	-2.87	-0.16	305.8	6.12	-2.5	305.8	-0.5
749374374	-2.89	-2.05	300.1	6.07	-31.7	301.7	-6.0
751375375	-2.90	-4.11	289.3	6.05	-61.0	295.6	-11.9
753376376	-2.91	-6.03	274.8	6.03	-84.6	287.5	-17.1
755377377	-2.92	-8.01	256.7	6.01	-104.6	277.2	-22.2
757378378	-2.91	-9.89	238.5	6.02	-119.8	266.9	-26.7
759379379	-2.94	-11.92	217.4	5.97	-130.3	253.5	-30.9
761380380	-2.94	-13.89	198.0	5.96	-137.6	241.1	-34.8
763381381	-2.95	-15.73	180.9	5.94	-141.5	229.6	-38.0
765382382	-2.96	-17.64	164.4	5.92	-143.2	218.1	-41.1
767383383	-2.97	-19.63	148.8	5.90	-143.2	206.5	-43.9
769384384	-3.00	-21.59	135.1	5.85	-141.0	195.3	-46.2
771385385	-3.02	-23.64	122.4	5.81	-138.2	184.6	-48.5
773386386	-3.08	-25.63	111.8	5.70	-133.7	174.2	-50.1
775387387	-3.10	-27.53	102.6	5.66	-130.1	165.7	-51.7
777388388	-3.15	-29.47	94.6	5.58	-125.7	157.3	-53.0
779389389	-3.24	-31.43	87.9	5.43	-120.2	148.9	-53.8
781390390	-3.32	-33.31	82.2	5.30	-115.3	141.6	-54.5
783391391	-3.43	-35.12	77.6	5.13	-110.2	134.8	-54.8
785392392	-3.53	-36.85	73.7	4.98	-105.7	128.9	-55.1
787393393	-3.66	-38.42	70.7	4.82	-101.4	123.6	-55.1
789394394	-3.76	-39.86	68.1	4.69	-97.9	119.2	-55.1
791395395	-3.91	-41.35	66.0	4.52	-93.7	114.7	-54.8
793396396	-4.05	-42.55	64.6	4.37	-90.4	111.1	-54.5
795397397	-4.16	-43.50	63.5	4.26	-87.9	108.5	-54.2
797398398	-4.25	-44.16	62.9	4.17	-86.1	106.6	-53.9
799399399	-4.27	-44.52	62.4	4.15	-85.4	105.7	-53.9
801400400	-4.26	-44.82	61.7	4.16	-85.2	105.2	-54.1
803401401	-4.18	-45.10	60.7	4.24	-85.9	105.2	-54.8
805402402	-4.03	-45.77	58.3	4.39	-87.0	104.7	-56.2
807403403	-3.80	-46.71	54.8	4.65	-88.4	104.1	-58.2
809404404	-3.54	-48.15	50.2	4.97	-89.3	102.5	-60.6
811405405	-3.29	-50.09	45.0	5.34	-89.0	99.7	-63.2
813406406	-3.07	-52.46	39.7	5.73	-87.4	96.0	-65.6
815407407	-2.88	-55.30	34.8	6.08	-84.5	91.4	-67.6
817408408	-2.72	-58.29	30.4	6.43	-81.2	86.7	-69.5
819409409	-2.62	-61.32	27.1	6.68	-77.5	82.1	-70.8
821410410	-2.56	-64.48	24.4	6.82	-73.6	77.5	-71.6
823411411	-2.51	-67.70	22.1	6.97	-69.8	73.2	-72.4
825412412	-2.47	-70.94	20.2	7.07	-66.2	69.2	-73.0
827413413	-2.46	-73.90	18.8	7.10	-63.0	65.7	-73.3
829414414	-2.47	-76.94	17.7	7.08	-59.8	62.3	-73.5
831415415	-2.47	-79.90	16.7	7.07	-56.9	59.3	-73.7
833416416	-2.49	-82.68	15.9	7.02	-54.3	56.5	-73.7
835417417	-2.49	-85.52	15.1	7.01	-51.7	53.9	-73.7
837418418	-2.51	-88.16	14.5	6.97	-49.5	51.6	-73.7
839419419	-2.53	-90.76	14.0	6.92	-47.4	49.4	-73.6
841420420	-2.52	-93.43	13.4	6.94	-45.3	47.2	-73.6
843421421	-2.53	-95.94	12.9	6.91	-43.4	45.3	-73.4
845422422	-2.54	-98.27	12.5	6.89	-41.7	43.5	-73.3
847423423	-2.57	-100.59	12.2	6.82	-40.0	41.8	-73.0
849424424	-2.59	-102.75	11.9	6.76	-38.5	40.3	-72.8
851425425	-2.59	-105.05	11.6	6.77	-37.0	38.8	-72.6
853426426	-2.58	-107.25	11.3	6.77	-35.6	37.3	-72.5
855427427	-2.60	-109.33	11.1	6.72	-34.3	36.0	-72.1
857428428	-2.62	-111.40	10.9	6.68	-33.0	34.7	-71.8
859429429	-2.64	-113.38	10.7	6.63	-31.8	33.5	-71.4
861430430	-2.66	-115.33	10.6	6.58	-30.6	32.4	-71.0
863431431	-2.67	-117.26	10.4	6.56	-29.5	31.3	-70.7
865432432	-2.67	-119.19	10.2	6.55	-28.4	30.2	-70.3
867433433	-2.68	-121.12	10.0	6.52	-27.4	29.1	-69.9
869434434	-2.73	-122.98	10.0	6.41	-26.3	28.2	-69.1
871435435	-2.75	-124.78	9.9	6.36	-25.3	27.2	-68.6
873436436	-2.78	-126.60	9.9	6.31	-24.4	26.3	-67.9
875437437	-2.81	-128.37	9.8	6.23	-23.4	25.4	-67.2
877438438	-2.84	-130.29	9.8	6.17	-22.4	24.5	-66.4
879439439	-2.88	-132.05	9.8	6.08	-21.5	23.6	-65.5
881440440	-2.92	-133.73	9.8	6.01	-20.7	22.9	-64.7
883441441	-2.93	-135.52	9.7	5.98	-19.8	22.0	-63.9
885442442	-2.96	-137.19	9.7	5.93	-19.0	21.3	-62.9
887443443	-2.98	-138.97	9.7	5.88	-18.1	20.5	-61.9
889444444	-3.00	-140.73	9.6	5.85	-17.3	19.7	-60.9
891445445	-3.02	-142.54	9.6	5.80	-16.4	19.0	-59.7
893446446	-3.05	-144.34	9.6	5.76	-15.5	18.2	-58.4
895447447	-3.07	-146.09	9.5	5.72	-14.7	17.5	-57.1
897448448	-3.09	-147.82	9.5	5.68	-13.9	16.9	-55.7
899449449	-3.11	-149.57	9.5	5.65	-13.1	16.2	-54.2
901450450	-3.11	-151.35	9.4	5.65	-12.3	15.5	-52.7
903451451	-3.11	-153.08	9.3	5.65	-11.6	14.9	-51.1
905452452	-3.11	-154.87	9.3	5.64	-10.8	14.2	-49.2
907453453	-3.10	-156.62	9.2	5.66	-10.0	13.6	-47.4
909454454	-3.09	-158.35	9.1	5.69	-9.3	13.0	-45.5
911455455	-3.09	-160.01	9.1	5.69	-8.5	12.4	-43.3
913456456	-3.05	-161.65	8.9	5.76	-7.8	11.9	-41.3
915457457	-3.03	-163.42	8.8	5.80	-7.1	11.3	-38.7
917458458	-3.00	-165.01	8.7	5.84	-6.4	10.8	-36.3
919459459	-2.98	-166.56	8.6	5.89	-5.7	10.3	-33.6
921460460	-2.94	-168.16	8.5	5.96	-5.0	9.9	-30.7
923461461	-2.90	-169.77	8.3	6.05	-4.4	9.4	-27.6
925462462	-2.86	-171.27	8.2	6.13	-3.7	9.0	-24.3
927463463	-2.82	-172.67	8.1	6.21	-3.1	8.7	-21.1
929464464	-2.77	-174.18	7.9	6.33	-2.5	8.3	-17.4
931465465	-2.72	-175.63	7.8	6.45	-1.9	8.0	-13.5
933466466	-2.65	-177.04	7.6	6.60	-1.3	7.7	-9.4
935467467	-2.61	-178.40	7.5	6.71	-0.7	7.5	-5.2
937468468	-2.55	-179.77	7.3	6.85	-0.1	7.3	-0.8
939469469	-2.48	178.93	7.1	7.04	0.5	7.1	3.7
941470470	-2.44	177.57	7.0	7.18	1.0	7.0	8.5
943471471	-2.38	176.30	6.8	7.34	1.6	7.0	13.1
945472472	-2.32	174.95	6.6	7.54	2.2	7.0	18.1
947473473	-2.27	173.72	6.5	7.69	2.7	7.1	22.5
949474474	-2.20	172.52	6.3	7.94	3.2	7.1	26.9
951475475	-2.15	171.26	6.2	8.13	3.8	7.2	31.3
953476476	-2.10	169.97	6.1	8.31	4.3	7.4	35.5
955477477	-2.03	168.87	5.9	8.58	4.8	7.6	39.2
957478478	-1.97	167.70	5.7	8.86	5.3	7.8	43.0
959479479	-1.91	166.42	5.6	9.11	5.9	8.1	46.6
961480480	-1.86	165.30	5.4	9.39	6.4	8.4	49.7
963481481	-1.80	164.08	5.3	9.68	6.9	8.7	52.7
965482482	-1.77	162.99	5.2	9.84	7.4	9.0	54.9
967483483	-1.71	161.79	5.0	10.22	7.9	9.4	57.7
969484484	-1.65	160.64	4.9	10.56	8.4	9.8	60.0
971485485	-1.60	159.63	4.7	10.87	8.9	10.1	61.9
973486486	-1.53	158.46	4.6	11.37	9.4	10.5	64.2
975487487	-1.49	157.29	4.4	11.72	10.0	10.9	66.0
977488488	-1.43	156.11	4.3	12.19	10.5	11.3	67.8
979489489	-1.38	154.98	4.2	12.58	11.0	11.8	69.3
981490490	-1.34	153.77	4.1	13.01	11.6	12.3	70.7
983491491	-1.28	152.71	3.9	13.62	12.1	12.7	72.1
985492492	-1.22	151.47	3.7	14.24	12.6	13.2	73.5
987493493	-1.17	150.21	3.6	14.81	13.2	13.7	74.7
989494494	-1.12	148.98	3.5	15.56	13.8	14.2	75.9
991495495	-1.06	147.68	3.3	16.34	14.4	14.8	77.1
993496496	-1.00	146.43	3.1	17.46	15.0	15.4	78.3
995497497	-0.96	145.13	3.0	18.17	15.6	15.9	79.1
997498498	-0.90	143.92	2.9	19.40	16.2	16.5	80.0
999499499	-0.85	142.54	2.7	20.54	16.9	17.1	80.9
1001500500	-0.79	141.29	2.6	22.01	17.5	17.7	81.7
1003501501	-0.73	139.91	2.4	23.76	18.2	18.4	82.5
1005502502	-0.67	138.57	2.2	25.75	18.9	19.0	83.3
1007503503	-0.61	137.17	2.0	28.49	19.6	19.7	84.1
1009504504	-0.55	135.87	1.8	31.64	20.2	20.3	84.8
1011505505	-0.47	134.41	1.6	37.03	21.0	21.1	85.7
1013506506	-0.39	133.09	1.3	44.19	21.7	21.7	86.5
1015507507	-0.32	131.66	1.1	55.00	22.4	22.5	87.2
1017508508	-0.27	130.28	0.9	64.21	23.2	23.2	87.7
1019509509	-0.21	128.79	0.7	84.26	24.0	24.0	88.3
1021510510	-0.14	127.39	0.5	126.78	24.7	24.7	88.9
1023511511	-0.07	125.97	0.2	253.06	25.5	25.5	89.4
1025512512	-0.01	124.38	0.0	337.19	26.4	26.4	89.9
1027513513	0.00	122.78	0.0	?	27.3	27.3	90.0
1029514514	0.00	121.15	0.0	?	28.2	28.2	90.0
1031515515	0.00	119.79	0.0	?	29.0	29.0	90.0
1033516516	0.00	118.43	0.0	?	29.8	29.8	90.0
1035517517	0.00	116.88	0.0	?	30.7	30.7	90.0
1037518518	0.00	115.43	0.0	?	31.6	31.6	90.0
1039519519	0.00	113.91	0.0	?	32.5	32.5	90.0
1041520520	0.00	112.33	0.0	?	33.5	33.5	90.0
1043521521	0.00	111.18	0.0	?	34.3	34.3	90.0
1045522522	-1.33	167.48	3.9	13.06	5.5	6.7	54.6
1047523523	0.00	153.80	0.0	?	11.6	11.6	90.0
1049524524	0.00	105.48	0.0	?	38.0	38.0	90.0
1051525525	-0.41	98.80	2.1	42.06	42.8	42.9	87.2
1053526526	-0.40	96.80	2.0	43.68	44.3	44.4	87.4
1055527527	-0.39	94.89	2.1	44.26	45.9	45.9	87.4
1057528528	-0.39	92.76	2.2	44.03	47.6	47.7	87.4
1059529529	-0.35	90.53	2.0	49.46	49.5	49.5	87.7
1061530530	-0.34	88.57	2.0	51.16	51.2	51.3	87.8
1063531531	-0.34	86.31	2.1	50.86	53.3	53.3	87.7
1065532532	-0.33	84.21	2.1	53.09	55.3	55.3	87.8
1067533533	-0.33	82.06	2.2	52.20	57.4	57.4	87.8
1069534534	-0.34	80.13	2.4	51.28	59.4	59.4	87.7
1071535535	-0.33	77.79	2.4	52.68	61.9	62.0	87.8
1073536536	-0.39	75.51	3.0	44.99	64.5	64.5	87.4
1075537537	-0.38	73.19	3.0	46.21	67.3	67.3	87.4
1077538538	-0.43	71.09	3.7	40.34	69.9	70.0	87.0
1079539539	-0.48	68.73	4.3	36.19	72.9	73.1	86.6
1081540540	-0.49	66.52	4.7	35.62	76.0	76.2	86.5
1083541541	-0.57	64.32	5.8	30.45	79.2	79.4	85.8
1085542542	-0.67	61.99	7.3	25.87	82.8	83.1	85.0
1087543543	-0.76	59.62	8.8	22.90	86.6	87.0	84.2
1089544544	-0.88	57.23	10.9	19.76	90.6	91.3	83.1
1091545545	-0.98	54.89	13.1	17.79	94.9	95.8	82.1
1093546546	-1.12	52.44	16.2	15.55	99.4	100.7	80.7
1095547547	-1.29	50.05	20.2	13.53	103.9	105.8	79.0
1097548548	-1.47	47.50	25.0	11.88	108.8	111.7	77.1
1099549549	-1.66	44.98	31.0	10.47	113.6	117.8	74.8
1101550550	-1.96	42.19	40.1	8.88	117.9	124.5	71.2
1103551551	-2.24	39.46	49.9	7.79	121.6	131.4	67.7
1105552552	-2.53	36.75	61.2	6.90	123.8	138.1	63.7
1107553553	-2.88	34.11	74.2	6.09	123.3	143.9	58.9
1109554554	-3.19	31.24	88.1	5.51	121.7	150.2	54.1
1111555555	-3.62	28.34	103.1	4.86	114.0	153.8	47.9
1113556556	-4.08	25.68	115.4	4.34	102.7	154.5	41.7
1115557557	-4.51	22.34	127.5	3.93	89.1	155.5	35.0
1117558558	-5.05	18.89	135.0	3.54	71.2	152.7	27.8
1119559559	-5.58	15.09	138.5	3.22	52.4	148.1	20.7
1121560560	-6.21	11.24	136.0	2.91	34.1	140.2	14.1
1123561561	-6.87	7.05	129.9	2.66	18.2	131.2	8.0
1125562562	-7.58	2.68	121.4	2.43	5.7	121.5	2.7
1127563563	-8.35	-2.16	111.8	2.24	-3.8	111.9	-1.9
1129564564	-9.15	-7.33	102.1	2.07	-10.3	102.7	-5.8
1131565565	-10.02	-13.40	92.7	1.92	-15.1	93.9	-9.2
1133566566	-10.89	-19.92	84.3	1.80	-17.8	86.1	-11.9
1135567567	-11.81	-27.42	76.6	1.69	-19.4	79.0	-14.2
1137568568	-12.68	-35.97	69.8	1.61	-20.1	72.6	-16.1
1139569569	-13.48	-45.56	63.8	1.54	-20.2	67.0	-17.6
1141570570	-14.25	-56.57	58.4	1.48	-19.6	61.6	-18.6
1143571571	-14.72	-68.03	53.9	1.45	-19.0	57.2	-19.4
1145572572	-15.15	-80.46	49.8	1.42	-17.7	52.9	-19.6
1147573573	-15.18	-93.09	46.2	1.42	-16.6	49.1	-19.7
1149574574	-14.97	-105.77	42.9	1.43	-15.2	45.5	-19.5
1151575575	-14.58	-117.40	40.0	1.46	-13.7	42.3	-18.9
1153576576	-14.04	-127.16	37.5	1.50	-12.4	39.5	-18.2
1155577577	-13.33	-136.40	35.1	1.55	-10.9	36.8	-17.3
1157578578	-12.72	-145.10	33.0	1.60	-9.2	34.3	-15.6
1159579579	-12.06	-152.01	31.2	1.66	-7.8	32.2	-14.0
1161580580	-11.37	-158.19	29.4	1.74	-6.4	30.1	-12.2
1163581581	-10.70	-164.57	27.8	1.82	-4.7	28.2	-9.6
1165582582	-10.07	-169.82	26.3	1.91	-3.2	26.5	-7.0
1167583583	-9.51	-174.94	25.0	2.01	-1.7	25.0	-3.8
1169584584	-8.93	-179.66	23.7	2.11	-0.1	23.7	-0.3
1171585585	-8.45	176.04	22.6	2.22	1.4	22.6	3.5
1173586586	-8.00	172.18	21.6	2.32	2.8	21.8	7.3
1175587587	-7.55	168.31	20.6	2.44	4.3	21.1	11.6
1177588588	-7.15	164.59	19.8	2.57	5.7	20.6	16.1
1179589589	-6.76	161.01	19.0	2.70	7.2	20.3	20.8
1181590590	-6.38	157.80	18.2	2.84	8.6	20.1	25.2
1183591591	-6.05	154.31	17.5	2.99	10.1	20.2	29.9
1185592592	-5.78	150.79	17.0	3.12	11.6	20.6	34.3
1187593593	-5.53	147.55	16.6	3.24	13.1	21.1	38.2
1189594594	-5.30	144.65	16.2	3.38	14.4	21.7	41.7
1191595595	-5.12	141.48	15.9	3.49	15.9	22.5	44.9
1193596596	-4.93	138.39	15.6	3.62	17.4	23.4	48.0
1195597597	-4.84	135.49	15.7	3.68	18.7	24.4	50.1
1197598598	-4.72	132.36	15.6	3.77	20.2	25.6	52.3
1199599599	-4.64	129.03	15.8	3.84	21.9	27.0	54.2
1201600600	-4.59	126.05	16.0	3.87	23.3	28.3	55.6
1203601601	-4.56	122.92	16.3	3.89	24.9	29.8	56.8
1205602602	-4.63	119.95	17.0	3.84	26.3	31.3	57.2
1207603603	-4.70	116.86	17.7	3.79	27.8	33.0	57.5
1209604604	-4.84	113.91	18.7	3.68	29.2	34.7	57.3
1211605605	-4.98	110.76	19.9	3.58	30.7	36.6	57.1
1213606606	-5.16	107.77	21.2	3.47	32.0	38.4	56.6
1215607607	-5.39	104.85	22.7	3.32	33.2	40.2	55.6
1217608608	-5.72	103.03	24.4	3.15	33.6	41.5	54.1
1219609609	-5.97	100.91	25.9	3.02	34.2	42.9	52.9
1221610610	-6.37	99.50	27.7	2.85	34.1	43.9	50.9
1223611611	-6.66	98.71	28.9	2.73	33.8	44.5	49.5
1225612612	-6.98	98.37	30.0	2.62	33.3	44.8	47.9
1227613613	-7.27	98.59	30.8	2.53	32.5	44.8	46.5
1229614614	-7.40	99.50	30.9	2.49	31.8	44.4	45.8
1231615615	-7.45	100.84	30.6	2.47	31.1	43.6	45.4
1233616616	-7.30	102.47	29.7	2.52	30.7	42.7	46.0
1235617617	-7.06	103.80	28.5	2.60	30.6	41.8	47.0
1237618618	-6.70	104.75	27.1	2.72	30.9	41.1	48.7
1239619619	-6.23	105.01	25.6	2.91	31.6	40.6	51.0
1241620620	-5.74	104.19	24.1	3.13	32.9	40.8	53.8
1243621621	-5.18	102.47	22.6	3.45	34.9	41.6	57.0
1245622622	-4.66	100.10	21.3	3.81	37.2	42.9	60.2
1247623623	-4.15	97.22	20.0	4.26	39.9	44.7	63.4
1249624624	-3.63	93.77	18.6	4.85	43.2	47.1	66.7
1251625625	-3.16	89.44	17.6	5.56	47.3	50.5	69.6
1253626626	-2.71	84.97	16.5	6.46	51.8	54.4	72.3
1255627627	-2.36	79.76	16.0	7.40	57.2	59.4	74.4
1257628628	-2.08	74.64	15.8	8.40	63.1	65.1	75.9
1259629629	-1.78	68.85	15.6	9.80	70.6	72.3	77.5
1261630630	-1.57	63.05	16.1	11.12	79.2	80.8	78.5
1263631631	-1.33	57.31	16.3	13.08	89.2	90.7	79.6
1265632632	-1.28	51.79	18.8	13.61	100.1	101.9	79.3
1267633633	-1.16	46.06	21.3	14.94	114.3	116.2	79.4
1269634634	-1.13	40.29	26.5	15.43	131.6	134.3	78.6
1271635635	-1.12	34.61	35.0	15.50	153.2	157.2	77.2
1273636636	-1.18	29.30	49.5	14.80	178.4	185.2	74.5
1275637637	-1.25	24.28	73.0	13.94	208.1	220.5	70.7
1277638638	-1.36	19.10	116.8	12.78	242.8	269.5	64.3
1279639639	-1.46	14.33	186.4	11.94	273.6	331.1	55.7
1281640640	-1.61	9.64	297.3	10.80	266.4	399.2	41.9
1283641641	-1.74	5.08	418.7	10.00	183.6	457.1	23.7
1285642642	-1.94	0.68	448.2	8.99	23.7	448.8	3.0
1287643643	-2.13	-3.52	386.4	8.21	-96.1	398.1	-14.0
1289644644	-2.29	-7.75	302.8	7.64	-153.4	339.4	-26.9
1291645645	-2.47	-11.75	233.6	7.07	-164.9	286.0	-35.2
1293646646	-2.70	-15.94	181.2	6.48	-157.4	240.0	-41.0
1295647647	-2.90	-19.65	148.5	6.04	-146.8	208.8	-44.7
1297648648	-3.09	-23.19	125.5	5.68	-136.0	185.0	-47.3
1299649649	-3.28	-27.06	106.5	5.35	-125.1	164.3	-49.6
1301650650	-3.49	-30.97	92.0	5.04	-114.6	147.0	-51.2
1303651651	-3.67	-34.65	81.2	4.81	-106.2	133.6	-52.6
1305652652	-3.82	-38.26	72.5	4.62	-98.9	122.7	-53.8
1307653653	-3.96	-41.69	65.7	4.46	-92.6	113.6	-54.6
1309654654	-4.11	-45.44	59.5	4.30	-86.4	104.9	-55.4
1311655655	-4.25	-48.99	54.6	4.17	-81.0	97.7	-56.0
1313656656	-4.37	-52.43	50.5	4.06	-76.3	91.5	-56.5
1315657657	-4.46	-55.80	46.8	3.98	-72.2	86.1	-57.1
1317658658	-4.53	-59.05	43.6	3.92	-68.6	81.3	-57.5
1319659659	-4.61	-62.28	40.9	3.86	-65.2	77.0	-57.9
1321660660	-4.64	-65.20	38.5	3.83	-62.5	73.4	-58.3
1323661661	-4.64	-68.27	36.1	3.83	-59.8	69.9	-58.9
1325662662	-4.68	-71.25	34.2	3.80	-57.2	66.7	-59.2
1327663663	-4.72	-74.14	32.5	3.77	-54.8	63.7	-59.4
1329664664	-4.69	-76.74	30.8	3.80	-52.9	61.2	-59.8
1331665665	-4.67	-79.47	29.2	3.81	-50.9	58.7	-60.2
1333666666	-4.66	-81.99	27.9	3.82	-49.1	56.5	-60.4
1335667667	-4.64	-84.18	26.8	3.83	-47.6	54.6	-60.6
1337668668	-4.61	-86.50	25.6	3.86	-46.1	52.7	-60.9
1339669669	-4.57	-88.88	24.5	3.89	-44.6	50.9	-61.1
1341670670	-4.54	-90.92	23.7	3.91	-43.3	49.3	-61.3
1343671671	-4.51	-93.04	22.8	3.94	-41.9	47.7	-61.5
1345672672	-4.46	-95.13	21.9	3.98	-40.7	46.2	-61.7
1347673673	-4.39	-97.09	21.0	4.04	-39.6	44.8	-62.0
1349674674	-4.33	-98.61	20.3	4.10	-38.7	43.7	-62.3
1351675675	-4.30	-100.24	19.8	4.12	-37.8	42.6	-62.4
1353676676	-4.29	-102.02	19.3	4.13	-36.7	41.5	-62.3
1355677677	-4.19	-103.55	18.5	4.22	-35.9	40.4	-62.7
1357678678	-4.15	-105.22	18.0	4.27	-35.0	39.3	-62.8
1359679679	-4.10	-106.92	17.4	4.32	-34.1	38.3	-62.9
1361680680	-4.05	-108.27	17.0	4.37	-33.3	37.4	-63.0
1363681681	-4.02	-109.56	16.6	4.40	-32.6	36.6	-63.0
1365682682	-3.96	-110.90	16.1	4.47	-31.9	35.8	-63.2
1367683683	-3.91	-112.54	15.7	4.51	-31.1	34.8	-63.2
1369684684	-3.86	-113.78	15.3	4.57	-30.4	34.0	-63.3
1371685685	-3.82	-114.99	14.9	4.62	-29.8	33.3	-63.4
1373686686	-3.76	-116.17	14.5	4.69	-29.2	32.6	-63.5
1375687687	-3.73	-117.41	14.2	4.73	-28.6	31.9	-63.5
1377688688	-3.69	-118.75	13.9	4.77	-27.9	31.2	-63.4
1379689689	-3.62	-120.01	13.5	4.87	-27.3	30.4	-63.6
1381690690	-3.56	-120.96	13.2	4.95	-26.8	29.9	-63.8
1383691691	-3.54	-122.11	13.0	4.97	-26.2	29.2	-63.7
1385692692	-3.49	-123.34	12.7	5.04	-25.6	28.6	-63.7
1387693693	-3.46	-124.38	12.4	5.09	-25.1	28.0	-63.7
1389694694	-3.41	-125.37	12.1	5.16	-24.6	27.4	-63.7
1391695695	-3.36	-126.50	11.9	5.24	-24.1	26.8	-63.8
1393696696	-3.29	-127.57	11.5	5.35	-23.6	26.2	-63.9
1395697697	-3.24	-128.53	11.3	5.42	-23.1	25.7	-64.0
1397698698	-3.18	-129.64	11.0	5.52	-22.6	25.1	-64.1
1399699699	-3.12	-130.47	10.7	5.63	-22.2	24.6	-64.3
1401700700	-3.06	-131.42	10.4	5.74	-21.7	24.1	-64.4
1403701701	-2.99	-132.34	10.1	5.86	-21.3	23.6	-64.6
1405702702	-2.95	-133.21	9.9	5.95	-20.9	23.1	-64.6
1407703703	-2.89	-134.18	9.7	6.06	-20.5	22.6	-64.7
1409704704	-2.83	-134.92	9.4	6.18	-20.1	22.2	-64.9
1411705705	-2.77	-135.84	9.2	6.33	-19.7	21.7	-65.0
1413706706	-2.71	-136.59	8.9	6.46	-19.3	21.3	-65.2
1415707707	-2.65	-137.28	8.7	6.60	-19.0	20.9	-65.4
1417708708	-2.57	-138.09	8.4	6.80	-18.7	20.5	-65.8
1419709709	-2.51	-138.65	8.2	6.97	-18.4	20.2	-66.1
1421710710	-2.45	-139.41	7.9	7.14	-18.1	19.7	-66.3
1423711711	-2.38	-140.17	7.7	7.33	-17.7	19.3	-66.5
1425712712	-2.31	-140.71	7.4	7.56	-17.5	19.0	-67.0
1427713713	-2.25	-141.38	7.2	7.78	-17.2	18.6	-67.3
1429714714	-2.17	-142.01	6.9	8.05	-16.9	18.3	-67.7
1431715715	-2.09	-142.51	6.7	8.36	-16.7	18.0	-68.3
1433716716	-2.03	-142.98	6.5	8.61	-16.5	17.7	-68.6
1435717717	-1.99	-143.50	6.3	8.78	-16.3	17.4	-68.8
1437718718	-1.92	-144.08	6.1	9.07	-16.0	17.1	-69.2
1439719719	-1.86	-144.63	5.9	9.37	-15.7	16.8	-69.5
1441720720	-1.77	-145.07	5.6	9.87	-15.6	16.5	-70.3
1443721721	-1.68	-145.33	5.3	10.38	-15.4	16.3	-71.1
1445722722	-1.63	-145.72	5.1	10.68	-15.3	16.1	-71.5
1447723723	-1.58	-146.16	4.9	11.03	-15.1	15.9	-71.8
1449724724	-1.54	-146.60	4.8	11.34	-14.9	15.6	-72.1
1451725725	-1.48	-146.90	4.6	11.80	-14.7	15.4	-72.6
1453726726	-1.41	-147.31	4.4	12.37	-14.6	15.2	-73.2
1455727727	-1.36	-147.47	4.2	12.80	-14.5	15.1	-73.7
1457728728	-1.32	-147.69	4.1	13.21	-14.4	15.0	-74.1
1459729729	-1.29	-148.08	4.0	13.47	-14.2	14.8	-74.2
1461730730	-1.24	-148.38	3.8	14.06	-14.1	14.6	-74.7
1463731731	-1.17	-148.68	3.6	14.81	-13.9	14.4	-75.4
1465732732	-1.15	-148.88	3.6	15.13	-13.9	14.3	-75.6
1467733733	-1.10	-149.21	3.4	15.80	-13.7	14.1	-76.1
1469734734	-1.07	-149.34	3.3	16.27	-13.7	14.0	-76.4
1471735735	-1.06	-149.44	3.3	16.47	-13.6	14.0	-76.5
1473736736	-1.04	-149.70	3.2	16.78	-13.5	13.9	-76.7
1475737737	-1.01	-149.89	3.1	17.30	-13.4	13.8	-77.0
1477738738	-0.95	-150.10	2.9	18.34	-13.3	13.6	-77.6
1479739739	-0.95	-150.18	2.9	18.23	-13.3	13.6	-77.5
1481740740	-0.88	-150.40	2.7	19.69	-13.2	13.5	-78.4
1483741741	-0.87	-150.55	2.7	19.90	-13.1	13.4	-78.4
1485742742	-0.89	-150.79	2.7	19.61	-13.0	13.3	-78.2
1487743743	-0.86	-151.01	2.6	20.24	-12.9	13.2	-78.4
1489744744	-0.83	-151.12	2.5	20.98	-12.8	13.1	-78.8
1491745745	-0.84	-151.50	2.6	20.61	-12.7	12.9	-78.5
1493746746	-0.81	-151.74	2.5	21.35	-12.6	12.8	-78.8
1495747747	-0.79	-151.90	2.4	21.88	-12.5	12.7	-79.0
1497748748	-0.83	-151.95	2.5	21.03	-12.5	12.7	-78.5
1499749749	-0.79	-152.14	2.4	21.91	-12.4	12.6	-78.9
1501750750	-0.78	-152.53	2.4	22.36	-12.2	12.4	-79.0
1503751751	-0.77	-152.74	2.3	22.67	-12.1	12.3	-79.1
1505752752	-0.76	-153.07	2.3	22.81	-11.9	12.2	-79.0
1507753753	-0.76	-153.47	2.3	22.90	-11.8	12.0	-78.9
1509754754	-0.75	-153.60	2.3	23.08	-11.7	11.9	-79.0
1511755755	-0.75	-153.84	2.3	23.04	-11.6	11.8	-78.8
1513756756	-0.75	-154.11	2.3	23.26	-11.5	11.7	-78.8
1515757757	-0.77	-154.46	2.3	22.54	-11.3	11.5	-78.3
1517758758	-0.73	-154.65	2.2	23.83	-11.2	11.4	-78.9
1519759759	-0.73	-154.97	2.2	23.70	-11.1	11.3	-78.7
1521760760	-0.74	-155.39	2.2	23.51	-10.9	11.1	-78.4
1523761761	-0.71	-155.71	2.1	24.34	-10.7	11.0	-78.7
1525762762	-0.64	-156.58	1.9	27.16	-10.3	10.5	-79.5
1527763763	-0.60	-158.09	1.8	28.92	-9.7	9.8	-79.5
1529764764	-0.65	-156.90	1.9	26.86	-10.2	10.4	-79.2
1531765765	-0.68	-156.70	2.0	25.45	-10.3	10.5	-78.7
1533766766	-0.68	-157.21	2.0	25.55	-10.1	10.3	-78.6
1535767767	-0.65	-157.24	2.0	26.58	-10.0	10.2	-79.0
1537768768	-0.62	-157.78	1.9	27.98	-9.8	10.0	-79.3
1539769769	-0.60	-158.30	1.8	28.83	-9.6	9.7	-79.4
1541770770	-0.62	-158.76	1.8	28.26	-9.4	9.5	-78.9
1543771771	-0.60	-159.10	1.8	29.20	-9.2	9.4	-79.1
1545772772	-0.56	-159.37	1.7	30.97	-9.1	9.2	-79.6
1547773773	-0.53	-159.95	1.6	32.95	-8.8	9.0	-80.0
1549774774	-0.52	-160.36	1.6	33.16	-8.6	8.8	-79.8
1551775775	-0.52	-160.73	1.5	33.66	-8.5	8.6	-79.8
1553776776	-0.49	-161.17	1.5	35.30	-8.3	8.4	-80.0
1555777777	-0.45	-161.53	1.3	38.72	-8.1	8.2	-80.7
1557778778	-0.42	-162.10	1.2	41.00	-7.9	8.0	-81.0
1559779779	-0.40	-162.55	1.2	43.96	-7.7	7.8	-81.4
1561780780	-0.36	-163.04	1.0	48.77	-7.4	7.5	-82.0
1563781781	-0.36	-163.35	1.1	48.37	-7.3	7.4	-81.8
1565782782	-0.29	-163.96	0.9	59.75	-7.0	7.1	-83.1
1567783783	-0.24	-164.21	0.7	71.54	-6.9	7.0	-84.1
1569784784	-0.18	-164.77	0.5	99.02	-6.7	6.7	-85.6
1571785785	-0.18	-165.13	0.5	96.90	-6.5	6.5	-85.4
1573786786	-0.13	-165.65	0.4	133.91	-6.3	6.3	-86.6
1575787787	-0.10	-166.02	0.3	165.79	-6.1	6.1	-87.1
1577788788	-0.04	-166.32	0.1	418.31	-6.0	6.0	-88.8
1579789789	0.00	-166.70	0.0	?	-5.8	5.8	-90.0
1581790790	0.00	-167.26	0.0	?	-5.6	5.6	-90.0
1583791791	0.00	-167.53	0.0	?	-5.5	5.5	-90.0
1585792792	0.00	-167.93	0.0	?	-5.3	5.3	-90.0
1587793793	0.00	-168.53	0.0	?	-5.0	5.0	-90.0
1589794794	0.00	-168.81	0.0	?	-4.9	4.9	-90.0
1591795795	0.00	-169.14	0.0	?	-4.8	4.8	-90.0
1593796796	0.00	-169.58	0.0	?	-4.6	4.6	-90.0
1595797797	0.00	-169.82	0.0	?	-4.5	4.5	-90.0
1597798798	0.00	-170.15	0.0	?	-4.3	4.3	-90.0
1599799799	0.00	-170.53	0.0	?	-4.1	4.1	-90.0
1601800800	0.00	-170.87	0.0	?	-4.0	4.0	-90.0
1603801801	0.00	-171.17	0.0	?	-3.9	3.9	-90.0
1605802802	0.00	-171.44	0.0	?	-3.7	3.7	-90.0
1607803803	0.00	-171.70	0.0	?	-3.6	3.6	-90.0
1609804804	0.00	-172.09	0.0	?	-3.5	3.5	-90.0
1611805805	0.00	-172.38	0.0	?	-3.3	3.3	-90.0
1613806806	0.00	-172.79	0.0	?	-3.2	3.2	-90.0
1615807807	0.00	-173.05	0.0	?	-3.0	3.0	-90.0
1617808808	0.00	-173.52	0.0	?	-2.8	2.8	-90.0
1619809809	0.00	-174.08	0.0	?	-2.6	2.6	-90.0
1621810810	0.00	-174.24	0.0	?	-2.5	2.5	-90.0
1623811811	0.00	-174.48	0.0	?	-2.4	2.4	-90.0
1625812812	0.00	-174.76	0.0	?	-2.3	2.3	-90.0
1627813813	0.00	-174.98	0.0	?	-2.2	2.2	-90.0
1629814814	0.00	-175.24	0.0	?	-2.1	2.1	-90.0
1631815815	0.00	-175.49	0.0	?	-2.0	2.0	-90.0
1633816816	0.00	-175.91	0.0	?	-1.8	1.8	-90.0
1635817817	0.00	-176.13	0.0	?	-1.7	1.7	-90.0
1637818818	0.00	-176.56	0.0	?	-1.5	1.5	-90.0
1639819819	0.00	-176.97	0.0	?	-1.3	1.3	-90.0
1641820820	0.00	-177.21	0.0	?	-1.2	1.2	-90.0
1643821821	0.00	-177.44	0.0	?	-1.1	1.1	-90.0
1645822822	0.00	-177.81	0.0	?	-1.0	1.0	-90.0
1647823823	0.00	-178.20	0.0	?	-0.8	0.8	-90.0
1649824824	0.00	-178.54	0.0	?	-0.6	0.6	-90.0
1651825825	0.00	-178.73	0.0	?	-0.6	0.6	-90.0
1653826826	0.00	-179.19	0.0	?	-0.4	0.4	-90.0
1655827827	0.00	-179.34	0.0	?	-0.3	0.3	-90.0
1657828828	0.00	-179.53	0.0	?	-0.2	0.2	-90.0
1659829829	0.00	-179.99	0.0	?	-0.0	0.0	-90.0
1661830830	0.00	179.83	0.0	?	0.1	0.1	90.0
1663831831	0.00	179.57	0.0	?	0.2	0.2	90.0
1665832832	0.00	179.39	0.0	?	0.3	0.3	90.0
1667833833	0.00	178.76	0.0	?	0.5	0.5	90.0
1669834834	0.00	178.28	0.0	?	0.7	0.7	90.0
1671835835	0.00	177.71	0.0	?	1.0	1.0	90.0
1673836836	0.00	177.28	0.0	?	1.2	1.2	90.0
1675837837	0.00	177.01	0.0	?	1.3	1.3	90.0
1677838838	0.00	176.39	0.0	?	1.6	1.6	90.0
1679839839	0.00	175.96	0.0	?	1.8	1.8	90.0
1681840840	0.00	175.38	0.0	?	2.0	2.0	90.0
1683841841	0.00	174.82	0.0	?	2.3	2.3	90.0
1685842842	0.00	174.22	0.0	?	2.5	2.5	90.0
1687843843	0.00	173.72	0.0	?	2.7	2.7	90.0
1689844844	0.00	173.16	0.0	?	3.0	3.0	90.0
1691845845	0.00	172.46	0.0	?	3.3	3.3	90.0
1693846846	0.00	172.03	0.0	?	3.5	3.5	90.0
1695847847	0.00	171.40	0.0	?	3.8	3.8	90.0
1697848848	0.00	170.88	0.0	?	4.0	4.0	90.0
1699849849	0.00	170.44	0.0	?	4.2	4.2	90.0
1701850850	0.00	169.56	0.0	?	4.6	4.6	90.0
1703851851	0.00	168.95	0.0	?	4.8	4.8	90.0
1705852852	0.00	168.26	0.0	?	5.1	5.1	90.0
1707853853	0.00	167.34	0.0	?	5.5	5.5	90.0
1709854854	0.00	166.75	0.0	?	5.8	5.8	90.0
1711855855	0.00	165.99	0.0	?	6.1	6.1	90.0
1713856856	0.00	165.35	0.0	?	6.4	6.4	90.0
1715857857	0.00	163.85	0.0	?	7.1	7.1	90.0
1717858858	0.00	162.93	0.0	?	7.5	7.5	90.0
1719859859	0.00	162.45	0.0	?	7.7	7.7	90.0
1721860860	0.00	161.29	0.0	?	8.2	8.2	90.0
1723861861	0.00	160.25	0.0	?	8.7	8.7	90.0
1725862862	0.00	159.15	0.0	?	9.2	9.2	90.0
1727863863	0.00	158.21	0.0	?	9.6	9.6	90.0
1729864864	0.00	156.95	0.0	?	10.2	10.2	90.0
1731865865	0.00	155.83	0.0	?	10.7	10.7	90.0
1733866866	0.00	154.25	0.0	?	11.4	11.4	90.0
1735867867	0.00	152.92	0.0	?	12.0	12.0	90.0
1737868868	0.00	151.24	0.0	?	12.8	12.8	90.0
1739869869	0.00	150.14	0.0	?	13.3	13.3	90.0
1741870870	0.00	148.98	0.0	?	13.9	13.9	90.0
1743871871	0.00	147.13	0.0	?	14.7	14.7	90.0
1745872872	0.00	145.31	0.0	?	15.6	15.6	90.0
1747873873	0.00	143.76	0.0	?	16.4	16.4	90.0
1749874874	0.00	142.60	0.0	?	16.9	16.9	90.0
1751875875	0.00	140.99	0.0	?	17.7	17.7	90.0
1753876876	0.00	139.18	0.0	?	18.6	18.6	90.0
1755877877	0.00	137.17	0.0	?	19.6	19.6	90.0
1757878878	0.00	135.65	0.0	?	20.4	20.4	90.0
1759879879	0.00	134.01	0.0	?	21.2	21.2	90.0
1761880880	0.00	132.64	0.0	?	21.9	21.9	90.0
1763881881	0.00	130.89	0.0	?	22.8	22.8	90.0
1765882882	0.00	129.52	0.0	?	23.6	23.6	90.0
1767883883	0.00	127.36	0.0	?	24.7	24.7	90.0
1769884884	0.00	126.34	0.0	?	25.3	25.3	90.0
1771885885	0.00	124.45	0.0	?	26.3	26.3	90.0
1773886886	0.00	122.63	0.0	?	27.4	27.4	90.0
1775887887	0.00	121.11	0.0	?	28.2	28.2	90.0
1777888888	0.00	119.05	0.0	?	29.4	29.4	90.0
1779889889	0.00	117.48	0.0	?	30.4	30.4	90.0
1781890890	0.00	116.29	0.0	?	31.1	31.1	90.0
1783891891	0.00	114.68	0.0	?	32.1	32.1	90.0
1785892892	0.00	112.78	0.0	?	33.2	33.2	90.0
1787893893	0.00	111.37	0.0	?	34.1	34.1	90.0
1789894894	0.00	109.35	0.0	?	35.4	35.4	90.0
1791895895	0.00	107.61	0.0	?	36.6	36.6	90.0
1793896896	0.00	105.51	0.0	?	38.0	38.0	90.0
1795897897	0.00	103.71	0.0	?	39.3	39.3	90.0
1797898898	0.00	102.09	0.0	?	40.4	40.4	90.0
1799899899	0.00	100.43	0.0	?	41.6	41.6	90.0
1801900900	0.00	98.68	0.0	?	42.9	42.9	90.0
1803901901	0.00	96.52	0.0	?	44.6	44.6	90.0
1805902902	0.00	94.97	0.0	?	45.8	45.8	90.0
1807903903	0.00	92.87	0.0	?	47.6	47.6	90.0
1809904904	0.00	90.82	0.0	?	49.3	49.3	90.0
1811905905	0.00	88.83	0.0	?	51.0	51.0	90.0
1813906906	0.00	87.12	0.0	?	52.6	52.6	90.0
1815907907	0.00	85.33	0.0	?	54.2	54.2	90.0
1817908908	-0.09	83.25	0.6	204.07	56.3	56.3	89.4
1819909909	-0.31	81.25	2.1	56.94	58.2	58.3	88.0
1821910910	-0.51	79.05	3.7	33.76	60.5	60.6	86.5
1823911911	-0.73	77.12	5.4	23.77	62.4	62.7	85.1
1825912912	-0.95	75.28	7.3	18.22	64.3	64.7	83.5
1827913913	-1.26	72.40	10.3	13.82	67.3	68.1	81.3
1829914914	-1.39	70.65	11.8	12.52	69.2	70.2	80.3
1831915915	-1.72	68.45	15.3	10.14	71.3	72.9	77.9
1833916916	-1.95	66.01	18.3	8.93	73.8	76.1	76.1
1835917917	-2.20	64.03	21.5	7.95	75.7	78.6	74.1
1837918918	-2.37	61.47	24.6	7.39	78.5	82.3	72.6
1839919919	-2.58	59.06	28.4	6.78	80.9	85.7	70.6
1841920920	-2.83	56.73	32.8	6.20	82.8	89.1	68.4
1843921921	-3.02	54.40	37.0	5.82	84.9	92.6	66.5
1845922922	-3.31	52.26	42.3	5.31	85.7	95.6	63.7
1847923923	-3.53	49.16	48.6	4.99	88.0	100.5	61.1
1849924924	-3.75	46.46	54.9	4.70	89.3	104.8	58.4
1851925925	-3.92	44.48	59.8	4.51	89.8	107.9	56.3
1853926926	-4.08	41.77	66.5	4.33	90.8	112.6	53.8
1855927927	-4.30	38.95	74.2	4.12	90.4	117.0	50.6
1857928928	-4.52	36.13	82.3	3.93	89.1	121.3	47.3
1859929929	-4.64	33.44	89.8	3.83	88.4	126.1	44.6
1861930930	-4.75	30.80	97.6	3.75	87.0	130.7	41.7
1863931931	-4.96	28.26	105.1	3.59	82.5	133.6	38.1
1865932932	-5.10	25.45	113.2	3.50	78.3	137.7	34.7
1867933933	-5.20	22.52	121.7	3.44	73.4	142.2	31.1
1869934934	-5.23	20.02	129.3	3.42	69.3	146.7	28.2
1871935935	-5.38	17.10	136.2	3.33	60.7	149.1	24.0
1873936936	-5.48	14.93	140.7	3.28	53.9	150.7	20.9
1875937937	-5.55	11.69	147.3	3.23	43.6	153.6	16.5
1877938938	-5.62	9.11	151.1	3.20	34.5	155.0	12.9
1879939939	-5.63	6.52	154.9	3.19	25.3	157.0	9.3
1881940940	-5.77	3.59	154.6	3.12	13.5	155.2	5.0
1883941941	-5.77	1.04	156.0	3.12	4.0	156.0	1.5
1885942942	-5.83	-1.31	154.4	3.09	-4.9	154.4	-1.8
1887943943	-5.87	-4.45	151.6	3.07	-16.1	152.5	-6.1
1889944944	-5.92	-6.84	148.0	3.05	-24.0	149.9	-9.2
1891945945	-5.98	-9.21	143.5	3.02	-30.9	146.8	-12.1
1893946946	-6.05	-11.95	137.5	2.99	-37.7	142.5	-15.3
1895947947	-6.10	-14.57	131.8	2.97	-43.6	138.8	-18.3
1897948948	-6.16	-16.80	126.3	2.94	-47.4	134.9	-20.6
1899949949	-6.18	-19.14	121.1	2.93	-51.4	131.6	-23.0
1901950950	-6.25	-21.44	115.4	2.90	-53.9	127.4	-25.0
1903951951	-6.28	-23.60	110.4	2.89	-56.1	123.9	-26.9
1905952952	-6.44	-26.20	103.9	2.82	-56.6	118.3	-28.6
1907953953	-6.53	-28.01	99.8	2.78	-56.8	114.8	-29.7
1909954954	-6.67	-29.63	96.0	2.73	-56.2	111.2	-30.3
1911955955	-6.75	-31.44	92.4	2.70	-56.1	108.1	-31.3
1913956956	-6.79	-33.15	89.2	2.69	-56.5	105.6	-32.3
1915957957	-6.91	-34.28	87.0	2.65	-55.5	103.2	-32.6
1917958958	-6.95	-36.19	83.7	2.63	-55.7	100.6	-33.6
1919959959	-6.98	-36.75	82.8	2.62	-55.5	99.7	-33.8
1921960960	-6.98	-38.04	80.7	2.62	-55.7	98.1	-34.6
1923961961	-6.96	-38.48	80.1	2.63	-56.0	97.7	-35.0
1925962962	-6.94	-38.92	79.4	2.64	-56.3	97.3	-35.3
1927963963	-6.90	-39.73	78.2	2.65	-56.7	96.5	-36.0
1929964964	-6.79	-40.36	77.2	2.69	-57.8	96.5	-36.8
1931965965	-6.77	-41.23	75.9	2.69	-58.1	95.5	-37.4
1933966966	-6.74	-42.19	74.4	2.71	-58.3	94.5	-38.1
1935967967	-6.62	-43.02	73.0	2.75	-59.5	94.2	-39.1
1937968968	-6.52	-43.90	71.6	2.79	-60.3	93.6	-40.1
1939969969	-6.36	-44.45	70.6	2.85	-61.8	93.8	-41.2
1941970970	-6.33	-45.19	69.4	2.86	-61.9	93.0	-41.7
1943971971	-6.22	-45.95	68.1	2.91	-62.8	92.6	-42.7
1945972972	-6.14	-46.48	67.1	2.95	-63.5	92.3	-43.4
1947973973	-6.08	-47.11	66.0	2.98	-63.8	91.8	-44.0
1949974974	-5.92	-47.62	64.8	3.05	-65.1	91.9	-45.1
1951975975	-5.80	-48.49	63.2	3.11	-65.9	91.3	-46.2
1953976976	-5.64	-49.13	61.7	3.19	-67.0	91.1	-47.4
1955977977	-5.54	-50.34	59.6	3.24	-67.2	89.9	-48.4
1957978978	-5.41	-50.99	58.2	3.31	-68.0	89.5	-49.5
1959979979	-5.26	-52.22	55.8	3.41	-68.6	88.4	-50.9
1961980980	-5.16	-52.53	54.9	3.47	-69.2	88.3	-51.6
1963981981	-5.02	-52.98	53.6	3.56	-70.1	88.2	-52.6
1965982982	-4.85	-54.38	50.9	3.67	-70.4	86.8	-54.1
1967983983	-4.68	-55.04	49.1	3.80	-71.1	86.5	-55.4
1969984984	-4.56	-55.57	47.7	3.90	-71.6	86.1	-56.3
1971985985	-4.50	-56.30	46.5	3.94	-71.4	85.2	-56.9
1973986986	-4.37	-57.56	44.3	4.05	-71.1	83.8	-58.1
1975987987	-4.22	-58.20	42.6	4.19	-71.6	83.3	-59.3
1977988988	-4.08	-58.57	41.3	4.33	-72.2	83.1	-60.3
1979989989	-4.01	-59.36	39.9	4.41	-71.8	82.2	-60.9
1981990990	-4.00	-60.62	38.6	4.42	-70.6	80.5	-61.3
1983991991	-3.86	-61.51	36.8	4.58	-70.5	79.5	-62.4
1985992992	-3.77	-62.44	35.4	4.68	-70.0	78.5	-63.2
1987993993	-3.69	-62.84	34.4	4.78	-70.1	78.1	-63.8
1989994994	-3.58	-63.67	33.0	4.92	-69.7	77.1	-64.7
1991995995	-3.53	-64.34	32.1	4.99	-69.3	76.3	-65.2
1993996996	-3.51	-64.98	31.4	5.02	-68.7	75.5	-65.4
1995997997	-3.43	-65.58	30.4	5.13	-68.4	74.9	-66.0
1997998998	-3.36	-66.50	29.3	5.24	-67.7	73.8	-66.6
1999999999	-3.30	-67.14	28.4	5.33	-67.3	73.1	-67.1
