1000000	-0.71	87.71	4.2	24.57	51.9	52.0	85.3
3001001	0.00	82.33	0.0	?	57.2	57.2	90.0
5002002	0.00	76.89	0.0	?	63.0	63.0	90.0
7003003	0.00	72.91	0.0	?	67.7	67.7	90.0
9004004	0.00	69.44	0.0	?	72.2	72.2	90.0
11005005	0.00	67.44	0.0	?	74.9	74.9	90.0
13006006	0.00	65.25	0.0	?	78.1	78.1	90.0
15007007	-0.16	62.49	1.7	106.60	82.4	82.4	88.8
17008008	-0.23	60.75	2.6	76.05	85.3	85.3	88.3
19009009	-0.34	58.99	4.0	51.65	88.3	88.3	87.4
21010010	-0.40	57.38	5.0	43.25	91.2	91.3	86.9
23011011	-0.45	55.80	6.0	38.26	94.1	94.3	86.4
25012012	-0.51	54.35	7.1	33.76	97.0	97.2	85.8
27013013	-0.55	52.86	8.0	31.37	100.1	100.4	85.4
29014014	-0.58	51.48	8.9	29.77	103.1	103.5	85.1
31015015	-0.62	50.21	9.8	28.16	106.0	106.4	84.7
33016016	-0.64	48.99	10.6	27.16	108.9	109.4	84.4
35017017	-0.65	47.87	11.3	26.61	111.7	112.3	84.2
37018018	-0.65	46.75	11.9	26.59	114.7	115.3	84.1
39019019	-0.66	45.60	12.4	26.53	117.8	118.5	84.0
41020020	-0.65	44.51	13.0	26.67	121.0	121.7	83.9
43021021	-0.66	43.44	13.7	26.42	124.2	125.0	83.7
45022022	-0.67	42.44	14.5	26.01	127.3	128.2	83.5
47023023	-0.67	41.51	15.3	25.78	130.4	131.3	83.3
49024024	-0.68	40.66	16.1	25.50	133.2	134.2	83.1
51025025	-0.69	39.85	16.8	25.27	136.1	137.2	82.9
53026026	-0.70	39.01	17.9	24.69	139.1	140.2	82.7
55027027	-0.72	38.26	19.1	24.09	141.8	143.1	82.4
57028028	-0.74	37.50	20.2	23.60	144.8	146.2	82.1
59029029	-0.76	36.81	21.6	22.84	147.4	149.0	81.7
61030030	-0.79	36.11	23.2	22.03	150.1	151.9	81.2
63031031	-0.82	35.43	24.9	21.19	152.9	154.9	80.7
65032032	-0.86	34.80	26.9	20.27	155.3	157.6	80.2
67033033	-0.91	34.07	29.5	19.18	158.2	160.9	79.4
69034034	-0.94	33.42	31.7	18.50	160.9	163.9	78.9
71035035	-0.99	32.72	34.5	17.64	163.7	167.3	78.1
73036036	-1.05	32.04	37.8	16.62	166.2	170.5	77.2
75037037	-1.10	31.33	41.1	15.88	169.1	174.0	76.3
77038038	-1.16	30.61	45.2	14.99	171.7	177.5	75.3
79039039	-1.23	29.89	49.7	14.12	174.1	181.1	74.1
81040040	-1.29	29.17	54.1	13.47	176.7	184.8	73.0
83041041	-1.37	28.42	59.6	12.68	178.8	188.5	71.6
85042042	-1.45	27.68	65.2	12.02	180.9	192.3	70.2
87043043	-1.51	27.00	70.5	11.50	182.7	195.9	68.9
89044044	-1.59	26.17	77.0	10.99	185.0	200.4	67.4
91045045	-1.66	25.25	84.3	10.52	187.4	205.5	65.8
93046046	-1.74	24.36	92.4	10.02	189.0	210.3	63.9
95047047	-1.82	23.39	101.2	9.58	190.5	215.8	62.0
97048048	-1.91	22.52	110.1	9.15	190.7	220.2	60.0
99049049	-1.97	21.58	119.2	8.86	191.7	225.8	58.1
101050050	-2.04	20.46	130.4	8.57	192.7	232.7	55.9
103051051	-2.11	19.26	143.2	8.29	192.8	240.2	53.4
105052052	-2.18	18.02	157.1	8.02	191.9	248.0	50.7
107053053	-2.25	16.78	171.7	7.75	188.9	255.3	47.7
109054054	-2.34	15.49	187.2	7.48	183.7	262.3	44.5
111055055	-2.41	14.23	202.4	7.26	177.3	269.0	41.2
113056056	-2.48	12.88	218.7	7.06	168.7	276.2	37.7
115057057	-2.54	11.52	234.6	6.89	158.1	282.9	34.0
117058058	-2.60	10.04	251.3	6.73	144.1	289.7	29.8
119059059	-2.65	8.56	266.6	6.59	127.9	295.7	25.6
121060060	-2.71	6.97	280.7	6.46	107.3	300.5	20.9
123061061	-2.76	5.37	291.8	6.34	84.3	303.7	16.1
125062062	-2.82	3.72	298.8	6.21	58.7	304.6	11.1
127063063	-2.87	2.12	302.0	6.12	33.3	303.9	6.3
129064064	-2.90	0.32	301.9	6.04	4.9	301.9	0.9
131065065	-2.93	-1.40	297.3	5.98	-21.2	298.1	-4.1
133066066	-2.96	-3.20	288.7	5.93	-46.3	292.4	-9.1
135067067	-2.97	-5.04	277.4	5.91	-70.0	286.1	-14.2
137068068	-2.97	-6.89	262.9	5.90	-90.3	278.0	-19.0
139069069	-2.97	-8.81	246.0	5.90	-107.9	268.6	-23.7
141070070	-2.97	-10.85	226.8	5.92	-122.7	257.9	-28.4
143071071	-2.95	-12.94	207.0	5.94	-133.8	246.4	-32.9
145072072	-2.94	-14.90	188.6	5.97	-140.7	235.3	-36.7
147073073	-2.90	-17.09	169.4	6.04	-146.2	223.7	-40.8
149074074	-2.88	-19.28	151.3	6.08	-147.8	211.6	-44.3
151075075	-2.85	-21.48	134.9	6.15	-147.9	200.2	-47.6
153076076	-2.81	-23.74	119.8	6.23	-146.3	189.1	-50.7
155077077	-2.78	-26.00	106.4	6.31	-143.6	178.7	-53.4
157078078	-2.74	-28.39	94.1	6.39	-139.5	168.2	-56.0
159079079	-2.70	-30.70	83.6	6.49	-135.2	159.0	-58.3
161080080	-2.67	-33.10	74.4	6.56	-130.1	149.9	-60.3
163081081	-2.63	-35.55	66.1	6.66	-125.0	141.4	-62.1
165082082	-2.59	-37.96	59.0	6.76	-120.0	133.7	-63.8
167083083	-2.55	-40.36	52.9	6.86	-115.0	126.6	-65.3
169084084	-2.51	-42.71	47.7	6.96	-110.3	120.2	-66.6
171085085	-2.47	-45.03	43.2	7.07	-105.9	114.4	-67.8
173086086	-2.41	-47.58	38.5	7.27	-101.4	108.5	-69.2
175087087	-2.35	-50.18	34.5	7.44	-96.9	102.9	-70.4
177088088	-2.30	-52.92	30.9	7.61	-92.3	97.3	-71.5
179089089	-2.26	-55.82	27.8	7.74	-87.6	91.9	-72.4
181090090	-2.25	-58.65	25.5	7.78	-83.2	87.0	-73.0
183091091	-2.22	-61.55	23.2	7.87	-79.0	82.3	-73.6
185092092	-2.20	-64.48	21.3	7.94	-75.0	78.0	-74.2
187093093	-2.18	-67.68	19.5	8.00	-70.9	73.6	-74.7
189094094	-2.11	-70.92	17.4	8.28	-67.2	69.5	-75.5
191095095	-2.02	-74.73	15.4	8.62	-63.1	65.0	-76.3
193096096	-1.98	-79.32	13.7	8.79	-58.4	60.0	-76.8
195097097	-2.02	-84.29	12.6	8.64	-53.6	55.1	-76.7
197098098	-2.10	-89.43	12.0	8.33	-49.0	50.5	-76.3
199099099	-2.18	-95.08	11.3	8.02	-44.5	45.9	-75.7
201100100	-2.26	-101.30	10.7	7.72	-39.9	41.3	-75.0
203101101	-2.35	-108.51	10.1	7.45	-35.0	36.4	-73.9
205102102	-2.52	-117.16	9.8	6.94	-29.7	31.3	-71.7
207103103	-2.80	-126.61	9.9	6.27	-24.3	26.3	-67.8
209104104	-3.16	-137.13	10.3	5.55	-18.9	21.5	-61.3
211105105	-3.67	-149.01	11.2	4.80	-13.2	17.3	-49.8
213106106	-4.33	-162.12	12.5	4.09	-7.4	14.5	-30.6
215107107	-5.22	-176.84	14.6	3.43	-1.3	14.6	-4.9
217108108	-6.24	167.02	17.4	2.90	5.0	18.1	16.0
219109109	-7.28	149.02	21.1	2.52	11.5	24.0	28.7
221110110	-8.11	130.11	25.5	2.29	18.1	31.2	35.4
223111111	-8.46	111.43	30.2	2.21	24.8	39.1	39.3
225112112	-8.32	94.51	35.3	2.24	31.7	47.4	41.9
227113113	-7.67	80.33	40.2	2.41	39.5	56.3	44.5
229114114	-6.86	68.21	45.7	2.66	48.5	66.6	46.7
231115115	-5.93	57.19	52.6	3.04	60.0	79.8	48.8
233116116	-5.11	47.88	61.4	3.50	73.1	95.4	50.0
235117117	-4.39	39.37	73.7	4.04	88.8	115.4	50.3
237118118	-3.76	31.82	91.0	4.69	107.4	140.7	49.7
239119119	-3.32	24.86	117.5	5.30	126.3	172.5	47.1
241120120	-2.96	18.59	156.8	5.93	144.0	212.9	42.6
243121121	-2.70	12.95	213.0	6.48	150.8	261.0	35.3
245122122	-2.50	7.76	287.0	7.01	133.1	316.4	24.9
247123123	-2.34	3.00	359.8	7.47	69.1	366.4	10.9
249124124	-2.21	-1.43	391.6	7.91	-38.0	393.5	-5.5
251125125	-2.14	-5.63	351.9	8.15	-138.5	378.2	-21.5
253126126	-2.07	-9.58	282.9	8.41	-195.4	343.8	-34.6
255127127	-2.02	-13.32	217.0	8.66	-213.5	304.4	-44.5
257128128	-1.99	-16.82	167.1	8.77	-209.4	267.8	-51.4
259129129	-1.93	-20.21	129.7	9.05	-200.1	238.4	-57.1
261130130	-1.90	-23.64	102.2	9.17	-185.7	212.0	-61.2
263131131	-1.88	-27.00	82.4	9.26	-171.2	190.0	-64.3
265132132	-1.88	-30.11	68.8	9.29	-158.4	172.6	-66.5
267133133	-1.86	-33.06	58.4	9.37	-147.5	158.6	-68.4
269134134	-1.84	-35.93	50.1	9.49	-137.9	146.7	-70.0
271135135	-1.80	-38.65	43.3	9.70	-129.8	136.9	-71.6
273136136	-1.77	-41.42	37.8	9.86	-122.1	127.8	-72.8
275137137	-1.73	-44.06	33.3	10.07	-115.4	120.1	-73.9
277138138	-1.69	-46.63	29.5	10.28	-109.3	113.3	-74.9
279139139	-1.65	-49.26	26.2	10.56	-103.7	106.9	-75.8
281140140	-1.61	-51.67	23.5	10.79	-98.8	101.5	-76.6
283141141	-1.58	-54.10	21.2	11.05	-94.2	96.5	-77.3
285142142	-1.52	-56.43	19.0	11.49	-90.1	92.1	-78.1
287143143	-1.47	-58.65	17.2	11.86	-86.4	88.1	-78.8
289144144	-1.41	-60.86	15.5	12.35	-83.0	84.4	-79.4
291145145	-1.35	-62.99	14.0	12.91	-79.8	81.1	-80.1
293146146	-1.29	-65.11	12.6	13.52	-76.9	77.9	-80.7
295147147	-1.24	-67.25	11.5	14.08	-74.0	74.8	-81.2
297148148	-1.19	-69.38	10.5	14.58	-71.2	72.0	-81.6
299149149	-1.16	-71.34	9.7	15.05	-68.8	69.4	-82.0
301150150	-1.10	-73.25	8.8	15.78	-66.5	67.1	-82.4
303151151	-1.09	-75.08	8.4	16.00	-64.4	64.9	-82.6
305152152	-1.06	-76.92	7.8	16.39	-62.3	62.8	-82.8
307153153	-1.03	-78.72	7.3	16.96	-60.4	60.9	-83.1
309154154	-1.02	-80.49	7.0	17.07	-58.6	59.0	-83.2
311155155	-1.02	-82.18	6.7	17.11	-56.9	57.3	-83.2
313156156	-0.99	-83.81	6.4	17.48	-55.3	55.7	-83.4
315157157	-1.02	-85.32	6.3	17.12	-53.9	54.2	-83.3
317158158	-1.02	-86.73	6.2	16.98	-52.6	52.9	-83.2
319159159	-1.01	-88.08	6.0	17.26	-51.3	51.7	-83.4
321160160	-0.98	-89.35	5.7	17.71	-50.2	50.6	-83.5
323161161	-0.94	-90.69	5.3	18.46	-49.1	49.4	-83.8
325162162	-0.91	-92.07	5.1	19.04	-48.0	48.2	-84.0
327163163	-0.88	-93.50	4.7	19.85	-46.8	47.0	-84.2
329164164	-0.86	-95.02	4.5	20.26	-45.6	45.8	-84.3
331165165	-0.83	-96.58	4.3	21.06	-44.4	44.6	-84.5
333166166	-0.81	-98.18	4.1	21.57	-43.2	43.4	-84.6
335167167	-0.80	-99.77	3.9	21.64	-42.0	42.2	-84.6
337168168	-0.81	-101.26	3.9	21.51	-40.9	41.1	-84.6
339169169	-0.82	-102.82	3.9	21.17	-39.8	39.9	-84.5
341170170	-0.83	-104.45	3.8	20.97	-38.6	38.8	-84.4
343171171	-0.83	-106.01	3.7	20.92	-37.5	37.7	-84.3
345172172	-0.84	-107.62	3.7	20.65	-36.5	36.6	-84.2
347173173	-0.85	-109.09	3.7	20.42	-35.5	35.7	-84.1
349174174	-0.86	-110.67	3.6	20.23	-34.5	34.6	-84.0
351175175	-0.87	-112.25	3.6	20.01	-33.4	33.6	-83.8
353176176	-0.88	-113.86	3.6	19.71	-32.4	32.6	-83.7
355177177	-0.90	-115.34	3.6	19.38	-31.5	31.7	-83.5
357178178	-0.91	-116.88	3.6	19.07	-30.6	30.8	-83.3
359179179	-0.92	-118.42	3.6	18.87	-29.7	29.9	-83.1
361180180	-0.94	-120.02	3.6	18.53	-28.7	29.0	-82.9
363181181	-0.95	-121.59	3.6	18.37	-27.8	28.1	-82.7
365182182	-0.96	-123.19	3.6	18.08	-26.9	27.2	-82.4
367183183	-0.97	-124.74	3.5	17.97	-26.1	26.3	-82.3
369184184	-0.96	-126.28	3.5	18.02	-25.2	25.5	-82.1
371185185	-0.97	-127.76	3.5	17.92	-24.4	24.7	-81.9
373186186	-0.98	-129.30	3.4	17.79	-23.6	23.8	-81.7
375187187	-0.98	-130.83	3.4	17.77	-22.8	23.0	-81.5
377188188	-0.98	-132.30	3.4	17.82	-22.0	22.3	-81.3
379189189	-0.97	-133.77	3.3	17.94	-21.3	21.5	-81.2
381190190	-0.97	-135.18	3.2	17.99	-20.5	20.8	-81.0
383191191	-0.96	-136.61	3.2	18.20	-19.8	20.1	-80.9
385192192	-0.94	-138.00	3.1	18.46	-19.1	19.4	-80.8
387193193	-0.94	-139.45	3.1	18.53	-18.4	18.7	-80.5
389194194	-0.93	-140.79	3.0	18.68	-17.8	18.0	-80.4
391195195	-0.93	-142.12	3.0	18.80	-17.1	17.4	-80.1
393196196	-0.91	-143.43	2.9	19.12	-16.5	16.7	-80.0
395197197	-0.90	-144.72	2.9	19.27	-15.9	16.1	-79.8
397198198	-0.89	-146.04	2.8	19.61	-15.2	15.5	-79.6
399199199	-0.88	-147.25	2.7	19.85	-14.7	14.9	-79.4
401200200	-0.87	-148.43	2.7	20.04	-14.1	14.4	-79.2
403201201	-0.86	-149.62	2.7	20.20	-13.5	13.8	-78.9
405202202	-0.85	-150.82	2.6	20.47	-13.0	13.2	-78.6
407203203	-0.84	-151.96	2.6	20.71	-12.5	12.7	-78.4
409204204	-0.82	-153.08	2.5	21.08	-11.9	12.2	-78.1
411205205	-0.82	-154.15	2.5	21.18	-11.4	11.7	-77.8
413206206	-0.82	-155.22	2.5	21.20	-11.0	11.2	-77.3
415207207	-0.82	-156.30	2.5	21.22	-10.5	10.8	-76.8
417208208	-0.82	-157.30	2.4	21.27	-10.0	10.3	-76.3
419209209	-0.82	-158.28	2.4	21.27	-9.6	9.9	-75.7
421210210	-0.82	-159.28	2.4	21.27	-9.1	9.4	-75.1
423211211	-0.83	-160.27	2.5	21.02	-8.7	9.0	-74.2
425212212	-0.83	-161.16	2.5	20.86	-8.3	8.6	-73.4
427213213	-0.84	-162.14	2.5	20.58	-7.8	8.2	-72.4
429214214	-0.86	-163.08	2.5	20.27	-7.4	7.8	-71.2
431215215	-0.87	-164.00	2.5	20.01	-7.0	7.5	-70.0
433216216	-0.89	-164.95	2.6	19.53	-6.6	7.1	-68.4
435217217	-0.91	-165.80	2.7	19.16	-6.2	6.8	-66.9
437218218	-0.93	-166.70	2.7	18.77	-5.8	6.4	-65.1
439219219	-0.94	-167.59	2.7	18.44	-5.4	6.1	-63.2
441220220	-0.97	-168.47	2.8	17.88	-5.0	5.8	-60.7
443221221	-1.00	-169.34	2.9	17.32	-4.7	5.5	-58.0
445222222	-1.02	-170.22	3.0	16.98	-4.3	5.2	-55.2
447223223	-1.05	-171.13	3.0	16.56	-3.9	4.9	-51.8
449224224	-1.09	-172.02	3.1	16.02	-3.5	4.7	-47.9
451225225	-1.12	-172.92	3.2	15.55	-3.1	4.5	-43.7
453226226	-1.15	-173.83	3.3	15.17	-2.7	4.3	-39.1
455227227	-1.18	-174.73	3.4	14.74	-2.3	4.1	-34.0
457228228	-1.23	-175.64	3.5	14.18	-1.9	4.0	-28.2
459229229	-1.25	-176.57	3.6	13.93	-1.5	3.9	-22.5
461230230	-1.28	-177.56	3.7	13.60	-1.1	3.8	-16.1
463231231	-1.32	-178.51	3.8	13.21	-0.6	3.8	-9.7
465232232	-1.34	-179.48	3.9	12.95	-0.2	3.9	-3.4
467233233	-1.38	179.61	4.0	12.65	0.2	4.0	2.4
469234234	-1.41	178.56	4.0	12.37	0.6	4.1	8.8
471235235	-1.43	177.61	4.1	12.15	1.0	4.2	14.1
473236236	-1.47	176.54	4.2	11.86	1.5	4.5	19.5
475237237	-1.50	175.56	4.3	11.61	1.9	4.7	24.0
477238238	-1.51	174.51	4.4	11.51	2.4	5.0	28.7
479239239	-1.53	173.50	4.4	11.36	2.8	5.2	32.5
481240240	-1.56	172.44	4.5	11.20	3.3	5.6	36.1
483241241	-1.57	171.40	4.5	11.08	3.7	5.9	39.4
485242242	-1.59	170.31	4.6	10.97	4.2	6.2	42.5
487243243	-1.60	169.28	4.6	10.89	4.6	6.6	45.1
489244244	-1.61	168.23	4.7	10.79	5.1	6.9	47.5
491245245	-1.62	167.14	4.7	10.75	5.6	7.3	49.9
493246246	-1.63	166.05	4.7	10.69	6.1	7.7	51.9
495247247	-1.64	165.04	4.8	10.64	6.5	8.1	53.7
497248248	-1.65	163.96	4.8	10.56	7.0	8.5	55.3
499249249	-1.64	162.86	4.8	10.60	7.5	8.9	57.1
501250250	-1.64	161.74	4.8	10.62	8.0	9.3	58.8
503251251	-1.63	160.63	4.8	10.66	8.5	9.7	60.3
505252252	-1.63	159.59	4.8	10.68	8.9	10.1	61.6
507253253	-1.63	158.49	4.8	10.71	9.4	10.6	62.8
509254254	-1.63	157.42	4.9	10.71	9.9	11.0	63.9
511255255	-1.62	156.36	4.9	10.73	10.4	11.5	64.9
513256256	-1.62	155.28	4.9	10.77	10.9	11.9	65.9
515257257	-1.61	154.18	4.9	10.83	11.4	12.4	66.9
517258258	-1.60	153.12	4.8	10.90	11.8	12.8	67.7
519259259	-1.59	152.06	4.9	10.93	12.3	13.3	68.5
521260260	-1.59	150.97	4.9	10.97	12.8	13.7	69.2
523261261	-1.58	149.84	4.9	11.01	13.4	14.2	70.0
525262262	-1.57	148.81	4.9	11.06	13.8	14.7	70.6
527263263	-1.58	147.71	4.9	11.00	14.3	15.2	71.1
529264264	-1.58	146.68	4.9	11.04	14.8	15.6	71.6
531265265	-1.56	145.48	4.9	11.16	15.4	16.2	72.3
533266266	-1.56	144.37	4.9	11.15	15.9	16.7	72.8
535267267	-1.56	143.23	5.0	11.18	16.5	17.2	73.2
537268268	-1.55	142.20	5.0	11.22	17.0	17.7	73.7
539269269	-1.54	141.04	5.0	11.28	17.5	18.2	74.1
541270270	-1.55	139.89	5.0	11.27	18.1	18.8	74.5
543271271	-1.55	138.79	5.1	11.24	18.6	19.3	74.8
545272272	-1.56	137.63	5.2	11.13	19.2	19.9	75.0
547273273	-1.57	136.42	5.2	11.12	19.8	20.5	75.3
549274274	-1.57	135.20	5.3	11.07	20.4	21.1	75.5
551275275	-1.59	134.07	5.4	10.97	21.0	21.7	75.6
553276276	-1.60	132.83	5.5	10.86	21.6	22.3	75.8
555277277	-1.61	131.62	5.5	10.83	22.2	22.9	76.0
557278278	-1.62	130.37	5.6	10.73	22.9	23.6	76.1
559279279	-1.64	129.10	5.8	10.63	23.5	24.2	76.3
561280280	-1.64	127.81	5.8	10.60	24.2	24.9	76.5
563281281	-1.67	126.51	6.0	10.44	24.9	25.6	76.5
565282282	-1.68	125.17	6.1	10.37	25.6	26.3	76.6
567283283	-1.71	123.93	6.3	10.21	26.3	27.0	76.6
569284284	-1.75	122.67	6.5	9.98	27.0	27.7	76.5
571285285	-1.77	121.22	6.7	9.87	27.8	28.6	76.5
573286286	-1.79	119.76	6.8	9.74	28.6	29.4	76.6
575287287	-1.82	118.44	7.1	9.56	29.3	30.2	76.5
577288288	-1.85	117.08	7.3	9.40	30.1	31.0	76.4
579289289	-1.89	115.60	7.5	9.23	31.0	31.9	76.3
581290290	-1.92	114.10	7.8	9.07	31.9	32.8	76.3
583291291	-1.96	112.71	8.1	8.89	32.7	33.7	76.1
585292292	-2.01	111.28	8.4	8.69	33.5	34.6	75.9
587293293	-2.05	109.78	8.7	8.50	34.4	35.5	75.8
589294294	-2.09	108.29	9.0	8.37	35.4	36.5	75.7
591295295	-2.13	106.75	9.4	8.21	36.3	37.5	75.5
593296296	-2.18	105.31	9.8	8.01	37.2	38.5	75.3
595297297	-2.23	103.80	10.2	7.84	38.2	39.5	75.0
597298298	-2.28	102.30	10.7	7.66	39.2	40.6	74.8
599299299	-2.34	100.85	11.1	7.46	40.1	41.6	74.5
601300300	-2.42	99.33	11.8	7.22	41.1	42.7	74.0
603301301	-2.49	98.05	12.3	7.02	41.9	43.7	73.6
605302302	-2.57	96.74	12.9	6.80	42.7	44.7	73.2
607303303	-2.66	95.54	13.6	6.58	43.5	45.6	72.6
609304304	-2.74	94.51	14.2	6.39	44.2	46.4	72.2
611305305	-2.84	93.60	14.9	6.17	44.7	47.1	71.5
613306306	-2.92	92.74	15.5	6.00	45.2	47.8	71.1
615307307	-3.00	92.14	16.0	5.85	45.5	48.3	70.6
617308308	-3.05	91.73	16.4	5.76	45.8	48.6	70.3
619309309	-3.10	91.37	16.7	5.67	45.9	48.9	70.0
621310310	-3.11	91.09	16.8	5.65	46.1	49.1	69.9
623311311	-3.09	90.80	16.8	5.68	46.4	49.3	70.0
625312312	-3.05	90.51	16.7	5.75	46.7	49.6	70.3
627313313	-3.00	89.96	16.6	5.86	47.2	50.0	70.6
629314314	-2.92	89.38	16.4	6.00	47.8	50.5	71.1
631315315	-2.82	88.77	16.0	6.21	48.4	51.0	71.7
633316316	-2.74	88.19	15.7	6.40	49.1	51.5	72.2
635317317	-2.67	87.57	15.5	6.55	49.7	52.1	72.6
637318318	-2.56	86.82	15.1	6.82	50.5	52.7	73.3
639319319	-2.46	85.79	14.8	7.12	51.6	53.7	74.0
641320320	-2.35	84.76	14.5	7.44	52.7	54.6	74.6
643321321	-2.27	83.87	14.3	7.68	53.6	55.5	75.1
645322322	-2.20	82.79	14.1	7.95	54.7	56.5	75.6
647323323	-2.12	81.62	13.9	8.25	55.9	57.7	76.0
649324324	-2.03	80.55	13.7	8.59	57.1	58.7	76.5
651325325	-1.96	79.51	13.5	8.88	58.3	59.8	76.9
653326326	-1.93	78.35	13.6	9.03	59.5	61.0	77.1
655327327	-1.87	77.21	13.5	9.34	60.8	62.3	77.5
657328328	-1.83	76.16	13.5	9.53	62.0	63.5	77.7
659329329	-1.80	74.94	13.7	9.66	63.4	64.8	77.8
661330330	-1.75	73.46	13.8	9.95	65.2	66.6	78.0
663331331	-1.72	72.15	13.9	10.15	66.7	68.2	78.2
665332332	-1.69	71.02	14.1	10.31	68.2	69.6	78.3
667333333	-1.68	69.94	14.4	10.40	69.5	71.0	78.3
669334334	-1.67	68.77	14.7	10.44	71.0	72.5	78.3
671335335	-1.64	67.49	14.9	10.64	72.7	74.3	78.4
673336336	-1.63	66.18	15.3	10.72	74.5	76.1	78.4
675337337	-1.63	65.05	15.8	10.69	76.1	77.7	78.2
677338338	-1.66	63.77	16.7	10.47	77.8	79.6	77.9
679339339	-1.65	62.41	17.2	10.55	79.9	81.7	77.8
681340340	-1.67	61.36	18.0	10.43	81.4	83.3	77.6
683341341	-1.70	60.10	18.9	10.24	83.2	85.4	77.2
685342342	-1.72	58.66	19.9	10.13	85.5	87.8	76.9
687343343	-1.73	57.26	20.9	10.09	87.8	90.3	76.6
689344344	-1.77	55.90	22.4	9.82	89.9	92.7	76.0
691345345	-1.78	54.44	23.4	9.81	92.6	95.5	75.8
693346346	-1.82	53.00	25.1	9.59	95.0	98.3	75.2
695347347	-1.87	51.36	27.1	9.35	97.9	101.6	74.5
697348348	-1.90	49.62	29.3	9.19	101.3	105.4	73.9
699349349	-1.93	47.93	31.5	9.06	104.7	109.3	73.2
701350350	-1.98	46.18	34.5	8.81	108.1	113.5	72.3
703351351	-2.02	44.47	37.4	8.63	111.7	117.8	71.5
705352352	-2.06	42.73	40.8	8.46	115.5	122.5	70.5
707353353	-2.10	40.90	44.7	8.30	119.7	127.7	69.5
709354354	-2.17	38.98	49.6	8.06	123.9	133.4	68.2
711355355	-2.21	37.11	54.7	7.90	128.3	139.5	66.9
713356356	-2.25	35.13	60.8	7.75	133.2	146.4	65.5
715357357	-2.29	33.04	67.9	7.62	138.6	154.3	63.9
717358358	-2.35	31.12	75.8	7.43	142.9	161.8	62.0
719359359	-2.41	29.13	85.1	7.25	147.2	170.1	60.0
721360360	-2.46	27.04	95.8	7.12	152.0	179.7	57.8
723361361	-2.50	25.03	107.6	7.00	156.0	189.5	55.4
725362362	-2.56	23.04	121.0	6.85	158.6	199.5	52.7
727363363	-2.58	20.92	136.6	6.78	161.8	211.7	49.8
729364364	-2.62	18.88	153.7	6.68	162.3	223.5	46.6
731365365	-2.64	16.89	172.1	6.64	162.3	236.5	43.3
733366366	-2.68	14.97	191.4	6.54	157.7	248.0	39.5
735367367	-2.69	12.96	213.2	6.51	152.1	261.9	35.5
737368368	-2.72	10.81	236.9	6.44	139.7	275.0	30.5
739369369	-2.72	8.77	260.3	6.44	124.7	288.6	25.6
741370370	-2.73	6.75	281.5	6.41	103.6	300.0	20.2
743371371	-2.74	4.73	299.8	6.40	77.2	309.5	14.4
745372372	-2.73	2.65	313.8	6.41	45.3	317.1	8.2
747373373	-2.74	0.41	320.0	6.40	7.2	320.0	1.3
749374374	-2.74	-1.67	316.7	6.39	-28.7	318.0	-5.2
751375375	-2.75	-3.68	305.9	6.37	-60.9	311.9	-11.3
753376376	-2.75	-5.73	289.9	6.37	-90.0	303.5	-17.2
755377377	-2.76	-7.84	268.4	6.36	-113.5	291.4	-22.9
757378378	-2.75	-9.95	245.6	6.37	-131.8	278.7	-28.2
759379379	-2.75	-12.04	221.7	6.36	-143.5	264.1	-32.9
761380380	-2.79	-14.08	199.2	6.29	-148.5	248.4	-36.7
763381381	-2.80	-16.19	178.1	6.26	-151.5	233.9	-40.4
765382382	-2.81	-18.22	159.9	6.23	-151.7	220.4	-43.5
767383383	-2.82	-20.32	143.2	6.20	-150.2	207.5	-46.4
769384384	-2.88	-22.51	128.3	6.09	-145.5	193.9	-48.6
771385385	-2.92	-24.60	115.9	6.01	-140.9	182.4	-50.6
773386386	-2.98	-26.87	104.6	5.88	-134.9	170.6	-52.2
775387387	-3.08	-28.88	96.4	5.70	-128.5	160.6	-53.1
777388388	-3.18	-30.91	89.2	5.53	-122.5	151.5	-53.9
779389389	-3.31	-32.90	83.5	5.31	-116.2	143.0	-54.3
781390390	-3.46	-34.90	78.6	5.09	-110.0	135.1	-54.5
783391391	-3.60	-36.72	74.6	4.90	-104.8	128.6	-54.5
785392392	-3.79	-38.32	72.1	4.66	-99.3	122.7	-54.0
787393393	-3.97	-39.76	70.1	4.45	-94.8	117.8	-53.5
789394394	-4.17	-40.84	69.1	4.24	-90.6	113.9	-52.7
791395395	-4.36	-41.70	68.5	4.06	-87.0	110.8	-51.8
793396396	-4.56	-42.17	68.7	3.90	-84.0	108.5	-50.7
795397397	-4.66	-42.18	69.2	3.82	-82.7	107.8	-50.1
797398398	-4.71	-41.98	69.9	3.78	-82.2	107.8	-49.6
799399399	-4.60	-41.60	70.1	3.86	-83.9	109.3	-50.1
801400400	-4.42	-41.45	69.4	4.01	-86.4	110.8	-51.2
803401401	-4.18	-41.67	67.4	4.24	-89.6	112.1	-53.1
805402402	-3.88	-42.62	63.2	4.55	-92.6	112.1	-55.7
807403403	-3.57	-44.27	57.2	4.94	-94.5	110.4	-58.8
809404404	-3.30	-46.47	50.6	5.34	-94.4	107.1	-61.8
811405405	-3.06	-49.12	44.1	5.73	-92.6	102.5	-64.5
813406406	-2.87	-51.95	38.3	6.11	-89.8	97.6	-66.9
815407407	-2.73	-55.10	33.4	6.42	-85.8	92.1	-68.7
817408408	-2.62	-58.17	29.6	6.67	-81.9	87.1	-70.1
819409409	-2.56	-61.21	26.6	6.84	-78.0	82.4	-71.2
821410410	-2.51	-64.37	24.1	6.96	-73.9	77.8	-72.0
823411411	-2.50	-67.60	22.1	7.01	-70.0	73.4	-72.5
825412412	-2.47	-70.73	20.3	7.07	-66.4	69.4	-73.0
827413413	-2.46	-73.61	18.9	7.10	-63.3	66.0	-73.3
829414414	-2.47	-76.58	17.8	7.09	-60.2	62.7	-73.5
831415415	-2.48	-79.43	16.8	7.06	-57.3	59.7	-73.6
833416416	-2.49	-82.26	16.0	7.03	-54.7	56.9	-73.7
835417417	-2.50	-84.99	15.3	6.99	-52.2	54.4	-73.6
837418418	-2.51	-87.75	14.6	6.96	-49.8	51.9	-73.6
839419419	-2.52	-90.30	14.1	6.94	-47.7	49.8	-73.6
841420420	-2.52	-92.99	13.5	6.93	-45.6	47.6	-73.6
843421421	-2.52	-95.49	12.9	6.93	-43.7	45.6	-73.5
845422422	-2.54	-97.84	12.6	6.88	-42.0	43.8	-73.3
847423423	-2.55	-100.14	12.2	6.85	-40.4	42.2	-73.1
849424424	-2.57	-102.31	11.9	6.81	-38.9	40.6	-72.9
851425425	-2.57	-104.72	11.6	6.81	-37.3	39.0	-72.7
853426426	-2.58	-106.83	11.3	6.79	-35.9	37.6	-72.5
855427427	-2.59	-108.96	11.0	6.76	-34.5	36.2	-72.3
857428428	-2.62	-111.03	10.9	6.69	-33.2	35.0	-71.8
859429429	-2.64	-113.01	10.7	6.64	-32.0	33.8	-71.5
861430430	-2.65	-114.96	10.6	6.60	-30.9	32.6	-71.1
863431431	-2.66	-116.93	10.4	6.57	-29.7	31.5	-70.7
865432432	-2.67	-118.76	10.2	6.56	-28.7	30.4	-70.4
867433433	-2.69	-120.68	10.1	6.50	-27.6	29.4	-69.9
869434434	-2.73	-122.53	10.1	6.41	-26.6	28.4	-69.2
871435435	-2.76	-124.30	10.0	6.35	-25.6	27.5	-68.6
873436436	-2.80	-126.14	10.0	6.27	-24.6	26.5	-67.9
875437437	-2.82	-127.92	9.9	6.21	-23.7	25.6	-67.3
877438438	-2.86	-129.75	9.9	6.12	-22.7	24.8	-66.4
879439439	-2.89	-131.48	9.9	6.06	-21.8	23.9	-65.6
881440440	-2.93	-133.20	9.9	5.98	-20.9	23.1	-64.7
883441441	-2.95	-134.93	9.8	5.94	-20.1	22.3	-63.9
885442442	-2.96	-136.68	9.7	5.92	-19.2	21.5	-63.1
887443443	-3.00	-138.40	9.7	5.85	-18.4	20.8	-62.1
889444444	-3.02	-140.21	9.7	5.82	-17.5	20.0	-61.0
891445445	-3.04	-141.96	9.6	5.78	-16.7	19.2	-59.9
893446446	-3.06	-143.78	9.6	5.74	-15.8	18.5	-58.7
895447447	-3.08	-145.53	9.6	5.70	-15.0	17.8	-57.4
897448448	-3.10	-147.31	9.6	5.67	-14.2	17.1	-56.0
899449449	-3.12	-149.08	9.5	5.63	-13.4	16.4	-54.5
901450450	-3.12	-150.87	9.5	5.63	-12.6	15.7	-53.0
903451451	-3.12	-152.51	9.4	5.63	-11.8	15.1	-51.5
905452452	-3.13	-154.25	9.4	5.61	-11.0	14.5	-49.7
907453453	-3.12	-155.90	9.3	5.63	-10.3	13.9	-48.1
909454454	-3.10	-157.75	9.2	5.66	-9.5	13.2	-46.1
911455455	-3.09	-159.40	9.1	5.67	-8.8	12.6	-44.0
913456456	-3.06	-161.16	8.9	5.74	-8.0	12.0	-42.0
915457457	-3.04	-162.75	8.9	5.77	-7.4	11.5	-39.7
917458458	-3.02	-164.38	8.8	5.82	-6.7	11.0	-37.2
919459459	-2.99	-165.87	8.7	5.86	-6.0	10.5	-34.8
921460460	-2.96	-167.52	8.5	5.92	-5.3	10.1	-31.9
923461461	-2.92	-169.07	8.4	6.01	-4.7	9.6	-29.0
925462462	-2.87	-170.63	8.2	6.11	-4.0	9.2	-25.8
927463463	-2.83	-172.09	8.1	6.20	-3.4	8.8	-22.5
929464464	-2.78	-173.52	8.0	6.31	-2.8	8.4	-19.1
931465465	-2.73	-174.95	7.8	6.41	-2.2	8.1	-15.4
933466466	-2.68	-176.38	7.7	6.54	-1.5	7.8	-11.4
935467467	-2.62	-177.69	7.5	6.67	-1.0	7.6	-7.5
937468468	-2.56	-179.06	7.3	6.83	-0.4	7.3	-3.1
939469469	-2.50	179.61	7.1	7.01	0.2	7.1	1.3
941470470	-2.46	178.29	7.0	7.12	0.7	7.1	6.0
943471471	-2.39	177.07	6.8	7.32	1.3	6.9	10.4
945472472	-2.34	175.79	6.7	7.48	1.8	6.9	15.1
947473473	-2.28	174.62	6.5	7.67	2.3	6.9	19.5
949474474	-2.22	173.41	6.4	7.87	2.8	7.0	24.0
951475475	-2.15	172.21	6.2	8.10	3.4	7.0	28.4
953476476	-2.11	171.04	6.1	8.29	3.9	7.2	32.5
955477477	-2.05	169.92	5.9	8.51	4.3	7.3	36.3
957478478	-1.98	168.82	5.7	8.81	4.8	7.5	40.1
959479479	-1.93	167.61	5.6	9.03	5.4	7.8	43.7
961480480	-1.86	166.51	5.4	9.36	5.8	8.0	47.2
963481481	-1.80	165.48	5.3	9.66	6.3	8.2	50.2
965482482	-1.77	164.41	5.2	9.87	6.8	8.5	52.7
967483483	-1.71	163.22	5.0	10.17	7.3	8.9	55.5
969484484	-1.66	162.07	4.9	10.53	7.8	9.2	58.1
971485485	-1.60	161.01	4.7	10.88	8.3	9.5	60.3
973486486	-1.53	159.87	4.5	11.37	8.8	9.9	62.7
975487487	-1.48	158.78	4.4	11.77	9.3	10.3	64.7
977488488	-1.44	157.65	4.3	12.06	9.8	10.7	66.3
979489489	-1.38	156.46	4.1	12.59	10.3	11.1	68.2
981490490	-1.33	155.28	4.0	13.06	10.9	11.6	69.8
983491491	-1.27	154.22	3.8	13.75	11.4	12.0	71.4
985492492	-1.22	153.04	3.7	14.27	11.9	12.5	72.7
987493493	-1.17	151.83	3.6	14.84	12.5	13.0	74.0
989494494	-1.12	150.66	3.4	15.51	13.0	13.5	75.2
991495495	-1.06	149.35	3.3	16.42	13.6	14.0	76.5
993496496	-1.00	148.15	3.1	17.34	14.2	14.6	77.6
995497497	-0.96	146.91	3.0	18.16	14.8	15.1	78.6
997498498	-0.90	145.69	2.8	19.32	15.4	15.6	79.6
999499499	-0.85	144.48	2.7	20.35	16.0	16.2	80.4
1001500500	-0.78	143.30	2.5	22.21	16.5	16.7	81.4
1003501501	-0.73	142.03	2.3	23.82	17.2	17.3	82.2
1005502502	-0.67	140.65	2.2	25.97	17.8	18.0	83.1
1007503503	-0.60	139.42	2.0	28.90	18.5	18.6	83.9
1009504504	-0.55	138.04	1.8	31.71	19.1	19.2	84.6
1011505505	-0.47	136.74	1.6	36.91	19.8	19.9	85.5
1013506506	-0.39	135.40	1.3	44.85	20.5	20.5	86.4
1015507507	-0.32	134.08	1.1	54.07	21.2	21.2	87.1
1017508508	-0.27	132.68	0.9	65.23	21.9	21.9	87.6
1019509509	-0.19	131.35	0.7	91.00	22.6	22.6	88.3
1021510510	-0.12	129.95	0.4	144.81	23.3	23.3	89.0
1023511511	-0.06	128.57	0.2	289.12	24.1	24.1	89.5
1025512512	0.00	127.24	0.0	?	24.8	24.8	90.0
1027513513	0.00	125.75	0.0	?	25.6	25.6	90.0
1029514514	0.00	124.32	0.0	?	26.4	26.4	90.0
1031515515	0.00	122.96	0.0	?	27.2	27.2	90.0
1033516516	0.00	121.47	0.0	?	28.0	28.0	90.0
1035517517	0.00	120.22	0.0	?	28.7	28.7	90.0
1037518518	0.00	118.78	0.0	?	29.6	29.6	90.0
1039519519	0.00	117.26	0.0	?	30.5	30.5	90.0
1041520520	0.00	115.69	0.0	?	31.4	31.4	90.0
1043521521	0.00	114.36	0.0	?	32.2	32.2	90.0
1045522522	-1.35	169.90	3.9	12.92	4.4	5.9	48.4
1047523523	0.00	156.37	0.0	?	10.5	10.5	90.0
1049524524	0.00	108.90	0.0	?	35.7	35.7	90.0
1051525525	-0.24	102.04	1.1	73.62	40.4	40.5	88.4
1053526526	-0.21	100.17	1.0	81.60	41.8	41.8	88.6
1055527527	-0.20	98.22	1.0	85.71	43.3	43.3	88.6
1057528528	-0.15	96.19	0.8	112.37	44.9	44.9	89.0
1059529529	-0.13	94.05	0.7	134.56	46.6	46.6	89.1
1061530530	-0.09	92.12	0.5	188.05	48.2	48.2	89.4
1063531531	-0.08	90.04	0.5	208.40	50.0	50.0	89.5
1065532532	-0.07	87.83	0.4	244.86	51.9	51.9	89.5
1067533533	-0.07	85.67	0.4	260.26	53.9	53.9	89.6
1069534534	-0.03	83.72	0.2	503.40	55.8	55.8	89.8
1071535535	-0.04	81.56	0.3	401.61	58.0	58.0	89.7
1073536536	-0.05	79.27	0.4	333.58	60.4	60.4	89.7
1075537537	-0.07	77.01	0.5	259.96	62.8	62.8	89.5
1077538538	-0.10	74.69	0.8	172.55	65.5	65.5	89.3
1079539539	-0.14	72.34	1.2	123.08	68.4	68.4	89.0
1081540540	-0.17	70.09	1.5	99.57	71.3	71.3	88.8
1083541541	-0.19	67.69	1.7	93.37	74.5	74.6	88.7
1085542542	-0.27	65.51	2.6	65.54	77.7	77.7	88.1
1087543543	-0.34	63.08	3.6	50.67	81.3	81.4	87.5
1089544544	-0.43	60.62	4.9	40.24	85.3	85.5	86.7
1091545545	-0.54	58.19	6.6	32.01	89.5	89.7	85.8
1093546546	-0.65	55.97	8.4	26.86	93.5	93.9	84.9
1095547547	-0.79	53.37	11.2	21.88	98.5	99.1	83.5
1097548548	-0.93	50.88	14.3	18.67	103.5	104.5	82.1
1099549549	-1.12	48.02	19.0	15.56	109.5	111.1	80.1
1101550550	-1.33	45.43	24.8	13.08	114.9	117.6	77.8
1103551551	-1.59	42.73	32.5	10.98	120.2	124.6	74.9
1105552552	-1.91	39.97	42.9	9.14	124.6	131.8	71.0
1107553553	-2.20	37.26	54.2	7.93	128.1	139.0	67.1
1109554554	-2.51	34.24	68.0	6.97	130.6	147.3	62.5
1111555555	-2.92	31.77	82.7	6.01	127.4	151.9	57.0
1113556556	-3.31	29.07	97.9	5.31	121.7	156.2	51.2
1115557557	-3.74	26.00	113.7	4.71	112.2	159.7	44.6
1117558558	-4.24	22.71	127.5	4.17	96.9	160.1	37.2
1119559559	-4.71	19.32	137.5	3.78	79.9	159.0	30.2
1121560560	-5.27	15.62	142.1	3.39	59.3	154.0	22.7
1123561561	-5.93	11.93	139.7	3.04	39.2	145.1	15.7
1125562562	-6.57	8.19	133.9	2.77	23.0	135.9	9.7
1127563563	-7.30	3.72	125.2	2.52	8.6	125.5	3.9
1129564564	-7.99	-0.45	116.2	2.33	-0.9	116.3	-0.4
1131565565	-8.78	-5.52	106.3	2.14	-8.6	106.7	-4.6
1133566566	-9.63	-11.22	96.5	1.98	-13.9	97.5	-8.2
1135567567	-10.51	-17.71	87.5	1.85	-17.4	89.2	-11.3
1137568568	-11.38	-24.82	79.5	1.74	-19.4	81.8	-13.7
1139569569	-12.36	-32.13	72.5	1.64	-19.7	75.1	-15.2
1141570570	-13.29	-41.60	65.9	1.55	-19.9	68.8	-16.8
1143571571	-14.09	-51.56	60.6	1.49	-19.5	63.6	-17.8
1145572572	-14.90	-62.83	55.7	1.44	-18.4	58.7	-18.3
1147573573	-15.38	-75.78	51.4	1.41	-17.5	54.2	-18.8
1149574574	-15.56	-89.45	47.4	1.40	-16.3	50.2	-18.9
1151575575	-15.57	-102.07	44.3	1.40	-14.8	46.7	-18.5
1153576576	-15.27	-114.39	41.4	1.42	-13.4	43.5	-17.9
1155577577	-14.76	-125.66	38.8	1.45	-11.9	40.6	-17.1
1157578578	-14.11	-135.84	36.4	1.49	-10.4	37.8	-15.9
1159579579	-13.42	-144.98	34.2	1.54	-8.8	35.3	-14.4
1161580580	-12.67	-152.37	32.3	1.61	-7.4	33.1	-12.9
1163581581	-11.97	-160.19	30.4	1.67	-5.6	30.9	-10.3
1165582582	-11.27	-166.02	28.8	1.75	-4.1	29.1	-8.1
1167583583	-10.61	-171.77	27.3	1.84	-2.5	27.5	-5.3
1169584584	-10.03	-176.80	26.0	1.92	-1.0	26.1	-2.2
1171585585	-9.45	178.49	24.8	2.02	0.5	24.8	1.1
1173586586	-8.93	174.05	23.7	2.11	2.0	23.8	4.9
1175587587	-8.45	169.96	22.7	2.21	3.5	23.0	8.7
1177588588	-7.93	166.09	21.6	2.34	5.0	22.2	13.0
1179589589	-7.51	162.45	20.8	2.46	6.4	21.7	17.2
1181590590	-7.07	158.78	19.9	2.59	7.9	21.4	21.8
1183591591	-6.73	154.94	19.2	2.71	9.5	21.5	26.3
1185592592	-6.38	151.27	18.6	2.84	11.1	21.7	30.9
1187593593	-6.07	147.95	18.0	2.98	12.6	22.0	35.1
1189594594	-5.84	144.70	17.7	3.09	14.1	22.6	38.6
1191595595	-5.62	141.34	17.3	3.20	15.6	23.3	42.1
1193596596	-5.47	138.10	17.2	3.28	17.1	24.3	44.8
1195597597	-5.27	134.94	17.0	3.40	18.7	25.2	47.7
1197598598	-5.16	131.55	17.1	3.47	20.3	26.5	49.9
1199599599	-5.05	127.91	17.2	3.53	22.1	28.0	52.1
1201600600	-5.04	124.82	17.6	3.55	23.5	29.4	53.3
1203601601	-5.01	121.64	18.0	3.56	25.1	30.9	54.4
1205602602	-5.08	118.29	18.7	3.52	26.7	32.6	54.9
1207603603	-5.13	114.79	19.6	3.48	28.4	34.5	55.4
1209604604	-5.28	111.24	20.8	3.39	30.0	36.5	55.3
1211605605	-5.44	108.21	22.1	3.30	31.3	38.3	54.9
1213606606	-5.66	104.65	23.7	3.18	32.8	40.5	54.2
1215607607	-5.92	101.47	25.5	3.05	34.0	42.5	53.1
1217608608	-6.27	98.59	27.6	2.89	34.8	44.4	51.5
1219609609	-6.65	96.24	29.7	2.74	35.1	46.0	49.7
1221610610	-7.07	93.88	32.0	2.59	35.2	47.6	47.7
1223611611	-7.57	92.61	34.0	2.44	34.5	48.4	45.4
1225612612	-8.03	91.67	35.7	2.32	33.6	49.0	43.3
1227613613	-8.59	91.43	37.2	2.19	32.2	49.2	40.8
1229614614	-9.00	92.74	37.7	2.10	30.6	48.5	39.1
1231615615	-9.26	94.84	37.5	2.05	29.2	47.5	37.9
1233616616	-9.43	98.10	36.6	2.02	27.7	45.9	37.0
1235617617	-9.39	101.39	35.4	2.03	26.6	44.3	36.9
1237618618	-9.03	104.09	33.7	2.09	26.4	42.9	38.1
1239619619	-8.59	106.55	31.9	2.18	26.4	41.4	39.6
1241620620	-8.00	107.80	30.0	2.32	27.0	40.4	42.0
1243621621	-7.32	108.08	28.0	2.51	28.2	39.8	45.1
1245622622	-6.57	107.22	26.0	2.77	29.9	39.7	49.0
1247623623	-5.89	105.23	24.4	3.06	32.1	40.3	52.8
1249624624	-5.18	102.45	22.6	3.45	34.9	41.6	57.0
1251625625	-4.58	98.55	21.4	3.88	38.3	43.9	60.9
1253626626	-3.99	94.24	20.1	4.43	42.2	46.8	64.5
1255627627	-3.46	89.63	19.1	5.08	46.6	50.3	67.7
1257628628	-3.03	84.04	18.6	5.79	51.9	55.2	70.3
1259629629	-2.61	78.32	18.1	6.70	58.1	60.8	72.7
1261630630	-2.29	72.45	18.2	7.61	65.0	67.5	74.3
1263631631	-1.97	66.39	18.3	8.86	73.3	75.5	76.0
1265632632	-1.73	60.32	19.1	10.06	82.8	85.0	77.0
1267633633	-1.57	54.20	21.1	11.07	94.0	96.3	77.3
1269634634	-1.47	48.02	24.6	11.86	107.6	110.4	77.1
1271635635	-1.37	41.90	29.6	12.68	124.5	128.0	76.6
1273636636	-1.33	36.28	37.4	13.06	143.9	148.6	75.4
1275637637	-1.35	30.49	51.8	12.92	168.7	176.5	72.9
1277638638	-1.45	24.94	78.3	11.98	196.5	211.6	68.3
1279639639	-1.52	19.73	118.5	11.49	228.2	257.1	62.6
1281640640	-1.60	14.77	185.2	10.85	254.1	314.5	53.9
1283641641	-1.70	10.04	285.3	10.24	252.1	380.7	41.5
1285642642	-1.90	5.11	393.8	9.18	158.8	424.6	22.0
1287643643	-2.08	0.47	418.9	8.39	14.2	419.1	1.9
1289644644	-2.24	-3.99	364.2	7.82	-97.5	377.0	-15.0
1291645645	-2.44	-8.35	282.9	7.17	-144.5	317.7	-27.1
1293646646	-2.64	-12.70	217.4	6.63	-154.8	266.9	-35.5
1295647647	-2.83	-16.63	173.9	6.20	-150.1	229.7	-40.8
1297648648	-3.01	-20.51	142.5	5.83	-141.2	200.6	-44.7
1299649649	-3.21	-24.57	118.4	5.47	-130.3	176.0	-47.7
1301650650	-3.45	-28.60	100.9	5.11	-118.6	155.8	-49.6
1303651651	-3.61	-32.58	87.3	4.88	-109.9	140.4	-51.6
1305652652	-3.79	-36.33	77.4	4.65	-101.7	127.8	-52.8
1307653653	-3.90	-39.99	69.0	4.52	-95.5	117.8	-54.1
1309654654	-4.07	-43.77	62.3	4.35	-88.8	108.5	-54.9
1311655655	-4.22	-47.30	57.1	4.20	-83.1	100.8	-55.5
1313656656	-4.34	-50.90	52.4	4.08	-78.1	94.0	-56.1
1315657657	-4.44	-54.40	48.4	3.99	-73.7	88.2	-56.7
1317658658	-4.51	-57.79	44.8	3.94	-70.0	83.1	-57.3
1319659659	-4.59	-61.15	41.9	3.87	-66.3	78.4	-57.7
1321660660	-4.64	-64.14	39.5	3.83	-63.4	74.6	-58.1
1323661661	-4.67	-67.27	37.0	3.81	-60.5	71.0	-58.6
1325662662	-4.68	-70.32	34.8	3.80	-58.0	67.6	-59.0
1327663663	-4.68	-73.31	32.8	3.80	-55.6	64.5	-59.4
1329664664	-4.70	-76.08	31.2	3.79	-53.4	61.8	-59.7
1331665665	-4.69	-78.86	29.6	3.79	-51.3	59.2	-60.0
1333666666	-4.67	-81.20	28.3	3.81	-49.7	57.2	-60.3
1335667667	-4.66	-83.68	27.1	3.82	-47.9	55.1	-60.5
1337668668	-4.61	-85.99	25.9	3.85	-46.4	53.2	-60.8
1339669669	-4.55	-88.26	24.7	3.90	-45.0	51.3	-61.3
1341670670	-4.56	-90.49	23.9	3.90	-43.5	49.6	-61.2
1343671671	-4.52	-92.62	23.0	3.93	-42.2	48.0	-61.4
1345672672	-4.45	-94.77	22.0	3.99	-40.9	46.5	-61.8
1347673673	-4.39	-96.67	21.1	4.04	-39.8	45.1	-62.0
1349674674	-4.33	-98.32	20.4	4.10	-38.9	43.9	-62.3
1351675675	-4.31	-100.02	19.9	4.11	-37.9	42.8	-62.3
1353676676	-4.28	-101.76	19.3	4.14	-36.9	41.6	-62.4
1355677677	-4.19	-103.33	18.6	4.23	-36.1	40.6	-62.8
1357678678	-4.15	-105.00	18.0	4.27	-35.1	39.5	-62.8
1359679679	-4.11	-106.72	17.5	4.31	-34.2	38.4	-62.9
1361680680	-4.08	-108.03	17.1	4.34	-33.4	37.6	-62.9
1363681681	-4.02	-109.33	16.7	4.39	-32.8	36.8	-63.0
1365682682	-3.97	-110.82	16.2	4.45	-32.0	35.8	-63.1
1367683683	-3.92	-112.34	15.7	4.50	-31.2	34.9	-63.2
1369684684	-3.87	-113.71	15.3	4.56	-30.5	34.1	-63.3
1371685685	-3.82	-114.89	15.0	4.62	-29.9	33.4	-63.4
1373686686	-3.75	-115.96	14.5	4.70	-29.3	32.7	-63.6
1375687687	-3.74	-117.22	14.3	4.72	-28.7	32.0	-63.5
1377688688	-3.70	-118.51	14.0	4.77	-28.0	31.3	-63.5
1379689689	-3.61	-119.95	13.5	4.88	-27.3	30.4	-63.7
1381690690	-3.57	-120.84	13.2	4.94	-26.9	29.9	-63.8
1383691691	-3.53	-121.94	12.9	4.99	-26.3	29.3	-63.8
1385692692	-3.50	-123.26	12.7	5.03	-25.6	28.6	-63.7
1387693693	-3.45	-124.35	12.4	5.11	-25.1	28.0	-63.7
1389694694	-3.41	-125.41	12.2	5.15	-24.6	27.4	-63.7
1391695695	-3.35	-126.41	11.8	5.25	-24.1	26.9	-63.8
1393696696	-3.30	-127.42	11.6	5.33	-23.6	26.3	-63.9
1395697697	-3.23	-128.42	11.3	5.44	-23.2	25.7	-64.1
1397698698	-3.17	-129.52	11.0	5.53	-22.6	25.2	-64.2
1399699699	-3.12	-130.48	10.7	5.64	-22.2	24.6	-64.3
1401700700	-3.06	-131.33	10.4	5.74	-21.8	24.2	-64.4
1403701701	-2.99	-132.21	10.1	5.86	-21.4	23.7	-64.6
1405702702	-2.93	-133.13	9.9	5.98	-21.0	23.2	-64.8
1407703703	-2.89	-133.97	9.7	6.07	-20.6	22.7	-64.8
1409704704	-2.83	-134.83	9.4	6.19	-20.2	22.3	-64.9
1411705705	-2.76	-135.62	9.2	6.34	-19.8	21.8	-65.2
1413706706	-2.74	-136.38	9.0	6.39	-19.4	21.4	-65.1
1415707707	-2.64	-137.17	8.7	6.64	-19.1	21.0	-65.6
1417708708	-2.58	-137.88	8.4	6.78	-18.8	20.6	-65.8
1419709709	-2.52	-138.56	8.2	6.95	-18.5	20.2	-66.1
1421710710	-2.45	-139.37	7.9	7.15	-18.1	19.8	-66.3
1423711711	-2.39	-140.04	7.7	7.31	-17.8	19.4	-66.5
1425712712	-2.30	-140.66	7.4	7.60	-17.5	19.0	-67.1
1427713713	-2.24	-141.35	7.2	7.81	-17.2	18.6	-67.4
1429714714	-2.17	-141.96	6.9	8.05	-16.9	18.3	-67.7
1431715715	-2.09	-142.45	6.7	8.36	-16.7	18.0	-68.3
1433716716	-2.05	-142.96	6.5	8.51	-16.5	17.7	-68.4
1435717717	-1.98	-143.44	6.3	8.81	-16.3	17.5	-68.9
1437718718	-1.92	-144.07	6.1	9.09	-16.0	17.1	-69.2
1439719719	-1.86	-144.56	5.9	9.38	-15.8	16.8	-69.6
1441720720	-1.77	-144.98	5.6	9.83	-15.6	16.6	-70.3
1443721721	-1.68	-145.34	5.3	10.38	-15.4	16.3	-71.1
1445722722	-1.63	-145.70	5.1	10.68	-15.3	16.1	-71.5
1447723723	-1.58	-146.15	4.9	11.05	-15.1	15.9	-71.9
1449724724	-1.53	-146.52	4.8	11.39	-14.9	15.7	-72.2
1451725725	-1.48	-146.93	4.6	11.78	-14.7	15.4	-72.6
1453726726	-1.42	-147.20	4.4	12.28	-14.6	15.3	-73.2
1455727727	-1.36	-147.47	4.2	12.83	-14.5	15.1	-73.7
1457728728	-1.33	-147.68	4.1	13.08	-14.4	15.0	-74.0
1459729729	-1.29	-148.10	4.0	13.51	-14.2	14.8	-74.3
1461730730	-1.26	-148.31	3.9	13.82	-14.1	14.6	-74.5
1463731731	-1.19	-148.55	3.7	14.63	-14.0	14.5	-75.2
1465732732	-1.14	-148.84	3.5	15.20	-13.9	14.3	-75.7
1467733733	-1.12	-149.19	3.5	15.53	-13.7	14.1	-75.8
1469734734	-1.07	-149.25	3.3	16.21	-13.7	14.1	-76.4
1471735735	-1.04	-149.31	3.2	16.77	-13.7	14.0	-76.8
1473736736	-1.05	-149.55	3.3	16.50	-13.6	13.9	-76.5
1475737737	-0.99	-149.74	3.1	17.49	-13.5	13.8	-77.2
1477738738	-0.96	-150.13	2.9	18.17	-13.3	13.6	-77.5
1479739739	-0.92	-150.18	2.8	18.87	-13.3	13.6	-77.9
1481740740	-0.90	-150.34	2.8	19.40	-13.2	13.5	-78.2
1483741741	-0.88	-150.55	2.7	19.79	-13.1	13.4	-78.4
1485742742	-0.89	-150.76	2.7	19.51	-13.0	13.3	-78.1
1487743743	-0.85	-151.01	2.6	20.52	-12.9	13.2	-78.6
1489744744	-0.83	-151.16	2.6	20.87	-12.8	13.1	-78.7
1491745745	-0.85	-151.36	2.6	20.36	-12.7	13.0	-78.4
1493746746	-0.80	-151.64	2.4	21.72	-12.6	12.8	-79.0
1495747747	-0.80	-151.78	2.4	21.83	-12.5	12.8	-79.0
1497748748	-0.83	-151.96	2.5	21.06	-12.5	12.7	-78.6
1499749749	-0.80	-152.21	2.4	21.68	-12.3	12.6	-78.8
1501750750	-0.78	-152.42	2.4	22.40	-12.2	12.5	-79.1
1503751751	-0.77	-152.74	2.3	22.62	-12.1	12.3	-79.1
1505752752	-0.76	-153.05	2.3	22.88	-12.0	12.2	-79.1
1507753753	-0.74	-153.21	2.2	23.58	-11.9	12.1	-79.3
1509754754	-0.75	-153.66	2.3	23.04	-11.7	11.9	-78.9
1511755755	-0.76	-153.74	2.3	23.01	-11.6	11.9	-78.9
1513756756	-0.76	-154.08	2.3	22.87	-11.5	11.7	-78.7
1515757757	-0.78	-154.45	2.4	22.33	-11.3	11.6	-78.2
1517758758	-0.73	-154.49	2.2	23.90	-11.3	11.5	-79.0
1519759759	-0.72	-154.90	2.2	24.19	-11.1	11.3	-79.0
1521760760	-0.74	-155.42	2.2	23.60	-10.9	11.1	-78.5
1523761761	-0.71	-155.64	2.2	24.33	-10.8	11.0	-78.7
1525762762	-0.67	-156.69	2.0	25.93	-10.3	10.5	-79.0
1527763763	-0.60	-158.06	1.8	28.94	-9.7	9.8	-79.5
1529764764	-0.65	-156.85	1.9	26.80	-10.2	10.4	-79.2
1531765765	-0.68	-156.80	2.0	25.71	-10.2	10.4	-78.8
1533766766	-0.68	-157.17	2.0	25.70	-10.1	10.3	-78.6
1535767767	-0.65	-157.38	1.9	26.81	-10.0	10.2	-79.0
1537768768	-0.62	-157.68	1.9	27.90	-9.9	10.0	-79.3
1539769769	-0.61	-158.20	1.8	28.71	-9.6	9.8	-79.4
1541770770	-0.62	-158.74	1.9	27.86	-9.4	9.6	-78.8
1543771771	-0.60	-158.99	1.8	28.99	-9.3	9.4	-79.1
1545772772	-0.56	-159.24	1.7	30.98	-9.1	9.3	-79.7
1547773773	-0.52	-159.92	1.6	33.19	-8.8	9.0	-80.0
1549774774	-0.52	-160.29	1.5	33.51	-8.7	8.8	-80.0
1551775775	-0.52	-160.64	1.5	33.47	-8.5	8.7	-79.8
1553776776	-0.48	-161.02	1.4	36.41	-8.3	8.5	-80.4
1555777777	-0.46	-161.38	1.4	38.01	-8.2	8.3	-80.6
1557778778	-0.43	-161.92	1.3	40.02	-7.9	8.1	-80.8
1559779779	-0.38	-162.37	1.1	45.17	-7.7	7.8	-81.7
1561780780	-0.38	-162.85	1.1	45.98	-7.5	7.6	-81.6
1563781781	-0.35	-163.24	1.0	49.61	-7.4	7.4	-82.0
1565782782	-0.29	-163.74	0.9	59.33	-7.1	7.2	-83.1
1567783783	-0.24	-164.23	0.7	71.29	-6.9	7.0	-84.1
1569784784	-0.21	-164.54	0.6	84.40	-6.8	6.8	-84.9
1571785785	-0.18	-165.09	0.5	96.64	-6.5	6.6	-85.4
1573786786	-0.14	-165.67	0.4	125.06	-6.3	6.3	-86.3
1575787787	-0.10	-165.85	0.3	174.43	-6.2	6.2	-87.3
1577788788	-0.04	-166.22	0.1	437.76	-6.0	6.0	-88.9
1579789789	0.00	-166.68	0.0	?	-5.8	5.8	-90.0
1581790790	0.00	-167.11	0.0	?	-5.6	5.6	-90.0
1583791791	0.00	-167.32	0.0	?	-5.6	5.6	-90.0
1585792792	0.00	-167.67	0.0	?	-5.4	5.4	-90.0
1587793793	0.00	-168.31	0.0	?	-5.1	5.1	-90.0
1589794794	0.00	-168.71	0.0	?	-4.9	4.9	-90.0
1591795795	0.00	-168.97	0.0	?	-4.8	4.8	-90.0
1593796796	0.00	-169.41	0.0	?	-4.6	4.6	-90.0
1595797797	0.00	-169.61	0.0	?	-4.5	4.5	-90.0
1597798798	0.00	-169.87	0.0	?	-4.4	4.4	-90.0
1599799799	0.00	-170.34	0.0	?	-4.2	4.2	-90.0
1601800800	0.00	-170.75	0.0	?	-4.0	4.0	-90.0
1603801801	0.00	-171.04	0.0	?	-3.9	3.9	-90.0
1605802802	0.00	-171.15	0.0	?	-3.9	3.9	-90.0
1607803803	0.00	-171.53	0.0	?	-3.7	3.7	-90.0
1609804804	0.00	-171.85	0.0	?	-3.6	3.6	-90.0
1611805805	0.00	-172.34	0.0	?	-3.3	3.3	-90.0
1613806806	0.00	-172.65	0.0	?	-3.2	3.2	-90.0
1615807807	0.00	-172.89	0.0	?	-3.1	3.1	-90.0
1617808808	0.00	-173.39	0.0	?	-2.9	2.9	-90.0
1619809809	0.00	-173.75	0.0	?	-2.7	2.7	-90.0
1621810810	0.00	-174.16	0.0	?	-2.6	2.6	-90.0
1623811811	0.00	-174.24	0.0	?	-2.5	2.5	-90.0
1625812812	0.00	-174.56	0.0	?	-2.4	2.4	-90.0
1627813813	0.00	-174.93	0.0	?	-2.2	2.2	-90.0
1629814814	0.00	-175.11	0.0	?	-2.1	2.1	-90.0
1631815815	0.00	-175.33	0.0	?	-2.0	2.0	-90.0
1633816816	0.00	-175.57	0.0	?	-1.9	1.9	-90.0
1635817817	0.00	-175.92	0.0	?	-1.8	1.8	-90.0
1637818818	0.00	-176.43	0.0	?	-1.6	1.6	-90.0
1639819819	0.00	-176.70	0.0	?	-1.4	1.4	-90.0
1641820820	0.00	-177.06	0.0	?	-1.3	1.3	-90.0
1643821821	0.00	-177.44	0.0	?	-1.1	1.1	-90.0
1645822822	0.00	-177.80	0.0	?	-1.0	1.0	-90.0
1647823823	0.00	-178.08	0.0	?	-0.8	0.8	-90.0
1649824824	0.00	-178.28	0.0	?	-0.8	0.8	-90.0
1651825825	0.00	-178.88	0.0	?	-0.5	0.5	-90.0
1653826826	0.00	-179.12	0.0	?	-0.4	0.4	-90.0
1655827827	0.00	-179.33	0.0	?	-0.3	0.3	-90.0
1657828828	0.00	-179.71	0.0	?	-0.1	0.1	-90.0
1659829829	0.00	179.84	0.0	?	0.1	0.1	90.0
1661830830	0.00	179.56	0.0	?	0.2	0.2	90.0
1663831831	0.00	179.46	0.0	?	0.2	0.2	90.0
1665832832	0.00	179.14	0.0	?	0.4	0.4	90.0
1667833833	0.00	178.60	0.0	?	0.6	0.6	90.0
1669834834	0.00	177.96	0.0	?	0.9	0.9	90.0
1671835835	0.00	177.56	0.0	?	1.1	1.1	90.0
1673836836	0.00	177.27	0.0	?	1.2	1.2	90.0
1675837837	0.00	176.54	0.0	?	1.5	1.5	90.0
1677838838	0.00	176.26	0.0	?	1.6	1.6	90.0
1679839839	0.00	175.87	0.0	?	1.8	1.8	90.0
1681840840	0.00	175.44	0.0	?	2.0	2.0	90.0
1683841841	0.00	174.80	0.0	?	2.3	2.3	90.0
1685842842	0.00	174.26	0.0	?	2.5	2.5	90.0
1687843843	0.00	173.76	0.0	?	2.7	2.7	90.0
1689844844	0.00	173.23	0.0	?	3.0	3.0	90.0
1691845845	0.00	172.60	0.0	?	3.2	3.2	90.0
1693846846	0.00	172.07	0.0	?	3.5	3.5	90.0
1695847847	0.00	171.52	0.0	?	3.7	3.7	90.0
1697848848	0.00	171.01	0.0	?	3.9	3.9	90.0
1699849849	0.00	170.64	0.0	?	4.1	4.1	90.0
1701850850	0.00	169.85	0.0	?	4.4	4.4	90.0
1703851851	0.00	169.29	0.0	?	4.7	4.7	90.0
1705852852	0.00	168.60	0.0	?	5.0	5.0	90.0
1707853853	0.00	167.79	0.0	?	5.3	5.3	90.0
1709854854	0.00	167.12	0.0	?	5.6	5.6	90.0
1711855855	0.00	166.51	0.0	?	5.9	5.9	90.0
1713856856	0.00	165.55	0.0	?	6.3	6.3	90.0
1715857857	0.00	164.45	0.0	?	6.8	6.8	90.0
1717858858	0.00	163.47	0.0	?	7.3	7.3	90.0
1719859859	0.00	163.04	0.0	?	7.5	7.5	90.0
1721860860	0.00	161.44	0.0	?	8.2	8.2	90.0
1723861861	0.00	160.50	0.0	?	8.6	8.6	90.0
1725862862	0.00	159.38	0.0	?	9.1	9.1	90.0
1727863863	0.00	158.18	0.0	?	9.6	9.6	90.0
1729864864	0.00	157.13	0.0	?	10.1	10.1	90.0
1731865865	0.00	155.93	0.0	?	10.7	10.7	90.0
1733866866	0.00	154.39	0.0	?	11.4	11.4	90.0
1735867867	0.00	152.99	0.0	?	12.0	12.0	90.0
1737868868	0.00	151.28	0.0	?	12.8	12.8	90.0
1739869869	0.00	150.36	0.0	?	13.2	13.2	90.0
1741870870	0.00	148.59	0.0	?	14.1	14.1	90.0
1743871871	0.00	147.29	0.0	?	14.7	14.7	90.0
1745872872	0.00	145.29	0.0	?	15.6	15.6	90.0
1747873873	0.00	143.79	0.0	?	16.3	16.3	90.0
1749874874	0.00	142.58	0.0	?	16.9	16.9	90.0
1751875875	0.00	140.64	0.0	?	17.9	17.9	90.0
1753876876	0.00	139.32	0.0	?	18.5	18.5	90.0
1755877877	0.00	137.44	0.0	?	19.5	19.5	90.0
1757878878	0.00	135.79	0.0	?	20.3	20.3	90.0
1759879879	0.00	134.04	0.0	?	21.2	21.2	90.0
1761880880	0.00	132.59	0.0	?	22.0	22.0	90.0
1763881881	0.00	130.74	0.0	?	22.9	22.9	90.0
1765882882	0.00	129.42	0.0	?	23.6	23.6	90.0
1767883883	0.00	127.22	0.0	?	24.8	24.8	90.0
1769884884	0.00	126.04	0.0	?	25.5	25.5	90.0
1771885885	0.00	124.48	0.0	?	26.3	26.3	90.0
1773886886	0.00	122.67	0.0	?	27.3	27.3	90.0
1775887887	0.00	121.39	0.0	?	28.1	28.1	90.0
1777888888	0.00	119.27	0.0	?	29.3	29.3	90.0
1779889889	0.00	117.35	0.0	?	30.4	30.4	90.0
1781890890	0.00	116.25	0.0	?	31.1	31.1	90.0
1783891891	0.00	114.53	0.0	?	32.1	32.1	90.0
1785892892	0.00	112.85	0.0	?	33.2	33.2	90.0
1787893893	0.00	111.38	0.0	?	34.1	34.1	90.0
1789894894	0.00	109.40	0.0	?	35.4	35.4	90.0
1791895895	0.00	107.45	0.0	?	36.7	36.7	90.0
1793896896	0.00	105.67	0.0	?	37.9	37.9	90.0
1795897897	0.00	103.83	0.0	?	39.2	39.2	90.0
1797898898	0.00	102.37	0.0	?	40.2	40.2	90.0
1799899899	0.00	100.91	0.0	?	41.3	41.3	90.0
1801900900	0.00	98.61	0.0	?	43.0	43.0	90.0
1803901901	0.00	96.50	0.0	?	44.6	44.6	90.0
1805902902	0.00	94.95	0.0	?	45.9	45.9	90.0
1807903903	0.00	93.39	0.0	?	47.1	47.1	90.0
1809904904	0.00	90.67	0.0	?	49.4	49.4	90.0
1811905905	0.00	88.87	0.0	?	51.0	51.0	90.0
1813906906	0.00	87.48	0.0	?	52.2	52.2	90.0
1815907907	0.00	85.45	0.0	?	54.1	54.1	90.0
1817908908	-0.03	83.49	0.2	641.00	56.0	56.0	89.8
1819909909	-0.25	81.27	1.7	70.36	58.2	58.3	88.4
1821910910	-0.51	78.99	3.6	34.21	60.5	60.6	86.6
1823911911	-0.69	77.45	5.1	25.13	62.1	62.3	85.3
1825912912	-0.91	75.14	7.0	19.20	64.5	64.9	83.8
1827913913	-1.24	72.77	10.0	14.07	66.9	67.6	81.5
1829914914	-1.45	70.76	12.2	12.04	69.0	70.1	80.0
1831915915	-1.64	68.45	14.6	10.61	71.5	73.0	78.4
1833916916	-1.90	66.33	17.7	9.20	73.6	75.7	76.5
1835917917	-2.17	63.85	21.4	8.05	76.0	78.9	74.3
1837918918	-2.36	61.90	24.3	7.42	77.9	81.6	72.7
1839919919	-2.55	59.41	27.9	6.86	80.5	85.2	70.9
1841920920	-2.78	57.11	32.0	6.31	82.6	88.5	68.8
1843921921	-2.99	54.83	36.3	5.87	84.5	91.9	66.8
1845922922	-3.21	52.82	40.6	5.48	85.8	94.9	64.6
1847923923	-3.48	49.79	47.2	5.06	87.7	99.6	61.7
1849924924	-3.68	46.68	53.9	4.79	89.8	104.7	59.1
1851925925	-3.90	44.48	59.7	4.53	90.1	108.0	56.5
1853926926	-4.04	41.88	65.9	4.38	91.3	112.6	54.2
1855927927	-4.25	39.15	73.4	4.17	91.1	117.0	51.1
1857928928	-4.45	36.29	81.5	3.99	90.1	121.5	47.9
1859929929	-4.57	33.66	89.0	3.89	89.6	126.3	45.2
1861930930	-4.74	31.25	96.3	3.76	87.1	129.8	42.1
1863931931	-4.88	28.45	104.7	3.65	84.2	134.3	38.8
1865932932	-5.01	25.60	113.2	3.56	80.3	138.8	35.4
1867933933	-5.16	22.79	121.2	3.46	74.5	142.3	31.6
1869934934	-5.23	19.99	129.4	3.42	69.2	146.7	28.1
1871935935	-5.35	17.43	135.6	3.35	61.9	149.1	24.5
1873936936	-5.40	14.35	143.6	3.32	53.7	153.3	20.5
1875937937	-5.49	11.64	148.6	3.27	44.4	155.1	16.6
1877938938	-5.61	9.16	151.2	3.20	34.8	155.1	13.0
1879939939	-5.65	6.66	154.4	3.18	25.7	156.5	9.4
1881940940	-5.74	3.76	155.2	3.13	14.3	155.9	5.3
1883941941	-5.76	1.18	156.1	3.12	4.5	156.1	1.7
1885942942	-5.83	-1.52	154.3	3.09	-5.7	154.4	-2.1
1887943943	-5.87	-4.41	151.8	3.07	-16.0	152.6	-6.0
1889944944	-5.94	-6.63	147.9	3.04	-23.1	149.7	-8.9
1891945945	-5.99	-9.21	143.3	3.01	-30.8	146.5	-12.1
1893946946	-6.01	-11.47	139.1	3.00	-36.9	143.9	-14.9
1895947947	-6.07	-14.54	132.2	2.98	-43.8	139.2	-18.3
1897948948	-6.10	-16.65	127.4	2.96	-47.9	136.1	-20.6
1899949949	-6.15	-18.98	121.7	2.94	-51.5	132.1	-22.9
1901950950	-6.28	-21.19	115.6	2.89	-53.1	127.2	-24.6
1903951951	-6.31	-23.23	111.0	2.87	-55.2	124.0	-26.5
1905952952	-6.44	-25.92	104.5	2.82	-56.3	118.6	-28.3
1907953953	-6.58	-27.72	100.1	2.77	-56.0	114.7	-29.2
1909954954	-6.56	-29.58	96.6	2.77	-57.5	112.4	-30.8
1911955955	-6.76	-30.90	93.3	2.70	-55.8	108.7	-30.9
1913956956	-6.81	-32.71	89.9	2.68	-56.1	106.0	-32.0
1915957957	-6.80	-34.11	87.5	2.68	-56.7	104.3	-32.9
1917958958	-6.85	-35.66	84.8	2.67	-56.7	102.0	-33.8
1919959959	-6.91	-36.58	83.2	2.65	-56.2	100.4	-34.1
1921960960	-6.95	-37.46	81.7	2.63	-55.9	99.0	-34.4
1923961961	-6.91	-38.12	80.7	2.64	-56.4	98.4	-35.0
1925962962	-6.90	-38.73	79.7	2.65	-56.6	97.8	-35.4
1927963963	-6.88	-39.28	78.9	2.66	-56.9	97.3	-35.8
1929964964	-6.78	-40.17	77.5	2.69	-58.0	96.8	-36.8
1931965965	-6.73	-41.15	76.0	2.71	-58.4	95.9	-37.6
1933966966	-6.66	-42.27	74.2	2.73	-59.1	94.9	-38.5
1935967967	-6.59	-42.85	73.3	2.76	-59.8	94.6	-39.2
1937968968	-6.46	-43.49	72.2	2.81	-61.0	94.5	-40.2
1939969969	-6.40	-44.64	70.3	2.84	-61.4	93.4	-41.1
1941970970	-6.30	-45.39	69.0	2.88	-62.2	92.9	-42.0
1943971971	-6.25	-46.14	67.8	2.90	-62.4	92.2	-42.6
1945972972	-6.13	-46.74	66.7	2.95	-63.4	92.0	-43.5
1947973973	-6.03	-47.15	65.8	2.99	-64.2	91.9	-44.3
1949974974	-5.93	-47.78	64.6	3.04	-64.9	91.6	-45.1
1951975975	-5.78	-48.24	63.5	3.12	-66.2	91.7	-46.2
1953976976	-5.67	-49.31	61.5	3.17	-66.7	90.7	-47.3
1955977977	-5.52	-49.98	60.0	3.25	-67.7	90.5	-48.4
1957978978	-5.43	-50.45	59.0	3.30	-68.2	90.2	-49.2
1959979979	-5.25	-52.21	55.7	3.41	-68.7	88.5	-50.9
1961980980	-5.13	-52.47	54.8	3.48	-69.5	88.5	-51.7
1963981981	-4.99	-52.98	53.4	3.58	-70.4	88.3	-52.8
1965982982	-4.88	-54.12	51.4	3.66	-70.4	87.1	-53.9
1967983983	-4.69	-55.02	49.2	3.79	-71.1	86.5	-55.3
1969984984	-4.59	-55.63	47.8	3.88	-71.4	85.9	-56.2
1971985985	-4.49	-56.09	46.7	3.95	-71.7	85.5	-56.9
1973986986	-4.37	-57.29	44.5	4.06	-71.5	84.2	-58.1
1975987987	-4.22	-58.16	42.6	4.19	-71.6	83.4	-59.2
1977988988	-4.08	-58.87	40.9	4.34	-71.9	82.7	-60.4
1979989989	-4.03	-59.63	39.8	4.38	-71.4	81.8	-60.8
1981990990	-3.97	-60.51	38.5	4.46	-70.9	80.7	-61.5
1983991991	-3.88	-61.54	36.9	4.55	-70.3	79.5	-62.3
1985992992	-3.77	-62.17	35.6	4.68	-70.3	78.8	-63.2
1987993993	-3.66	-62.67	34.4	4.82	-70.4	78.3	-64.0
1989994994	-3.60	-63.35	33.4	4.89	-70.0	77.5	-64.5
1991995995	-3.54	-64.26	32.2	4.97	-69.3	76.4	-65.0
1993996996	-3.50	-64.67	31.6	5.03	-69.1	76.0	-65.4
1995997997	-3.41	-65.88	30.1	5.16	-68.2	74.5	-66.2
1997998998	-3.36	-66.23	29.5	5.23	-68.0	74.1	-66.6
1999999999	-3.28	-66.98	28.4	5.35	-67.6	73.3	-67.2
