1000000	-0.93	89.60	5.4	18.77	50.1	50.4	83.9
3001001	0.00	84.23	0.0	?	55.3	55.3	90.0
5002002	0.00	78.52	0.0	?	61.2	61.2	90.0
7003003	0.00	74.23	0.0	?	66.1	66.1	90.0
9004004	0.00	70.59	0.0	?	70.6	70.6	90.0
11005005	0.00	68.44	0.0	?	73.5	73.5	90.0
13006006	-0.02	66.22	0.2	854.90	76.7	76.7	89.9
15007007	-0.23	63.30	2.4	74.51	81.1	81.1	88.3
17008008	-0.30	61.61	3.3	58.41	83.8	83.8	87.8
19009009	-0.40	59.84	4.6	43.41	86.7	86.8	86.9
21010010	-0.45	58.16	5.5	38.22	89.6	89.8	86.5
23011011	-0.51	56.56	6.5	34.27	92.6	92.8	86.0
25012012	-0.56	55.08	7.6	30.81	95.4	95.7	85.5
27013013	-0.60	53.59	8.4	29.20	98.4	98.8	85.1
29014014	-0.63	52.22	9.3	27.68	101.3	101.8	84.8
31015015	-0.65	50.92	10.0	26.82	104.2	104.7	84.5
33016016	-0.67	49.70	10.8	26.08	107.1	107.6	84.2
35017017	-0.67	48.57	11.4	25.84	109.9	110.4	84.1
37018018	-0.67	47.48	11.8	26.00	112.7	113.3	84.0
39019019	-0.66	46.36	12.2	26.32	115.7	116.3	84.0
41020020	-0.66	45.28	12.6	26.52	118.7	119.4	83.9
43021021	-0.65	44.17	13.2	26.56	122.0	122.7	83.8
45022022	-0.66	43.23	13.9	26.22	124.8	125.6	83.6
47023023	-0.67	42.28	14.6	26.04	127.9	128.7	83.5
49024024	-0.67	41.43	15.2	26.03	130.7	131.5	83.4
51025025	-0.67	40.64	15.9	25.76	133.4	134.3	83.2
53026026	-0.69	39.87	16.8	25.25	136.0	137.0	82.9
55027027	-0.71	39.10	18.0	24.55	138.7	139.9	82.6
57028028	-0.72	38.35	19.1	23.98	141.5	142.8	82.3
59029029	-0.74	37.68	20.2	23.38	144.0	145.4	82.0
61030030	-0.77	36.98	21.6	22.61	146.7	148.3	81.6
63031031	-0.80	36.36	23.1	21.77	149.0	150.8	81.2
65032032	-0.84	35.72	25.1	20.69	151.4	153.5	80.6
67033033	-0.88	35.03	27.3	19.70	154.1	156.5	79.9
69034034	-0.93	34.37	29.7	18.75	156.6	159.4	79.3
71035035	-0.98	33.70	32.4	17.77	159.1	162.4	78.5
73036036	-1.04	32.98	35.6	16.73	161.7	165.6	77.6
75037037	-1.10	32.29	39.0	15.84	164.2	168.8	76.6
77038038	-1.16	31.61	42.7	14.94	166.5	171.9	75.6
79039039	-1.24	30.85	47.2	14.06	169.1	175.5	74.4
81040040	-1.32	30.15	51.8	13.23	171.1	178.8	73.2
83041041	-1.40	29.39	57.0	12.47	173.2	182.3	71.8
85042042	-1.47	28.64	62.3	11.82	175.2	186.0	70.4
87043043	-1.54	27.86	67.8	11.29	177.4	189.9	69.1
89044044	-1.61	26.96	74.2	10.79	179.9	194.6	67.6
91045045	-1.70	26.03	81.5	10.27	182.0	199.4	65.9
93046046	-1.79	25.06	89.8	9.76	183.6	204.4	63.9
95047047	-1.87	24.12	98.0	9.35	185.0	209.3	62.1
97048048	-1.95	23.18	106.8	8.93	185.4	214.0	60.1
99049049	-2.01	22.16	115.9	8.68	187.2	220.2	58.2
101050050	-2.08	21.03	126.6	8.41	188.3	226.9	56.1
103051051	-2.15	19.79	139.2	8.12	188.4	234.2	53.5
105052052	-2.22	18.45	153.3	7.88	188.2	242.7	50.8
107053053	-2.30	17.17	167.7	7.61	185.1	249.8	47.8
109054054	-2.38	15.91	182.3	7.36	180.5	256.5	44.7
111055055	-2.44	14.60	197.6	7.16	174.8	263.8	41.5
113056056	-2.51	13.18	214.3	6.98	167.0	271.7	37.9
115057057	-2.57	11.81	230.1	6.81	156.7	278.4	34.3
117058058	-2.62	10.30	247.2	6.68	144.3	286.3	30.3
119059059	-2.68	8.75	262.8	6.53	127.5	292.1	25.9
121060060	-2.73	7.17	277.4	6.42	108.5	297.9	21.4
123061061	-2.77	5.46	290.2	6.32	85.0	302.4	16.3
125062062	-2.82	3.77	298.9	6.22	59.5	304.7	11.3
127063063	-2.87	2.13	301.7	6.11	33.3	303.5	6.3
129064064	-2.90	0.30	302.6	6.05	4.6	302.7	0.9
131065065	-2.93	-1.51	297.1	5.98	-22.7	298.0	-4.4
133066066	-2.97	-3.30	287.7	5.92	-47.5	291.6	-9.4
135067067	-2.98	-5.14	276.0	5.89	-70.7	284.9	-14.4
137068068	-2.99	-7.02	260.6	5.86	-90.7	275.9	-19.2
139069069	-3.00	-8.98	243.1	5.85	-107.8	265.9	-23.9
141070070	-2.98	-10.99	224.7	5.88	-122.3	255.9	-28.6
143071071	-2.97	-13.00	205.8	5.90	-132.7	244.9	-32.8
145072072	-2.95	-15.12	186.4	5.94	-140.2	233.2	-37.0
147073073	-2.94	-17.27	167.7	5.97	-144.5	221.3	-40.7
149074074	-2.91	-19.52	149.6	6.03	-146.4	209.3	-44.4
151075075	-2.88	-21.72	133.5	6.08	-146.1	197.9	-47.6
153076076	-2.84	-24.01	118.5	6.17	-144.8	187.1	-50.7
155077077	-2.81	-26.37	104.9	6.25	-141.7	176.3	-53.5
157078078	-2.76	-28.68	93.1	6.34	-138.2	166.6	-56.0
159079079	-2.72	-31.12	82.3	6.44	-133.7	157.0	-58.4
161080080	-2.69	-33.58	73.1	6.52	-128.6	147.9	-60.4
163081081	-2.65	-36.16	64.6	6.61	-123.2	139.2	-62.3
165082082	-2.62	-38.50	58.2	6.67	-118.2	131.8	-63.8
167083083	-2.59	-40.91	52.3	6.76	-113.3	124.8	-65.2
169084084	-2.55	-43.27	47.3	6.86	-108.7	118.5	-66.5
171085085	-2.49	-45.64	42.4	7.03	-104.5	112.8	-67.9
173086086	-2.41	-48.06	38.0	7.24	-100.4	107.3	-69.3
175087087	-2.34	-50.71	33.8	7.48	-96.0	101.8	-70.6
177088088	-2.26	-53.51	30.0	7.73	-91.5	96.3	-71.9
179089089	-2.20	-56.43	26.7	7.94	-86.9	90.9	-72.9
181090090	-2.15	-59.54	23.8	8.13	-82.3	85.7	-73.8
183091091	-2.08	-62.69	21.2	8.38	-77.9	80.8	-74.8
185092092	-2.06	-66.10	19.2	8.48	-73.4	75.8	-75.3
187093093	-2.05	-69.71	17.4	8.53	-68.9	71.0	-75.8
189094094	-2.03	-73.38	15.9	8.61	-64.6	66.6	-76.2
191095095	-2.02	-77.27	14.6	8.63	-60.4	62.2	-76.5
193096096	-1.98	-81.57	13.0	8.83	-56.2	57.7	-76.9
195097097	-1.94	-86.35	11.7	8.99	-51.9	53.2	-77.3
197098098	-1.92	-92.21	10.5	9.09	-47.0	48.2	-77.4
199099099	-1.95	-98.78	9.6	8.93	-41.9	43.0	-77.1
201100100	-2.05	-105.91	9.2	8.51	-36.9	38.0	-76.1
203101101	-2.17	-113.83	8.8	8.05	-31.9	33.1	-74.6
205102102	-2.33	-123.02	8.6	7.49	-26.5	27.9	-72.0
207103103	-2.56	-133.21	8.6	6.84	-21.1	22.8	-67.7
209104104	-2.86	-144.61	9.0	6.13	-15.5	17.9	-59.9
211105105	-3.25	-157.46	9.6	5.41	-9.6	13.6	-45.0
213106106	-3.78	-171.99	10.7	4.67	-3.3	11.3	-17.3
215107107	-4.42	171.81	12.5	4.02	3.4	13.0	15.0
217108108	-5.10	153.87	15.0	3.50	10.6	18.3	35.3
219109109	-5.67	134.56	18.2	3.17	18.5	26.0	45.5
221110110	-5.96	115.15	22.2	3.03	27.1	35.0	50.7
223111111	-5.95	96.95	27.1	3.03	36.4	45.3	53.3
225112112	-5.71	80.91	33.1	3.15	46.3	56.9	54.5
227113113	-5.32	67.85	39.9	3.37	56.7	69.4	54.9
229114114	-4.83	57.13	47.5	3.69	68.2	83.1	55.1
231115115	-4.30	47.69	57.0	4.12	81.8	99.7	55.1
233116116	-3.82	39.27	70.1	4.62	97.6	120.1	54.3
235117117	-3.41	31.69	88.6	5.16	115.6	145.7	52.5
237118118	-3.05	25.28	113.4	5.75	135.1	176.4	50.0
239119119	-2.76	19.14	152.2	6.34	154.2	216.6	45.4
241120120	-2.55	13.43	210.4	6.86	164.0	266.8	37.9
243121121	-2.37	8.21	289.6	7.38	149.9	326.1	27.4
245122122	-2.24	3.27	371.1	7.78	81.1	379.9	12.3
247123123	-2.13	-1.11	406.7	8.18	-31.9	407.9	-4.5
249124124	-2.06	-5.36	366.9	8.47	-143.2	393.9	-21.3
251125125	-2.02	-9.40	288.9	8.63	-201.0	352.0	-34.8
253126126	-1.99	-12.97	222.7	8.77	-216.5	310.6	-44.2
255127127	-1.95	-16.56	169.4	8.96	-213.7	272.7	-51.6
257128128	-1.91	-19.77	133.1	9.14	-203.3	243.0	-56.8
259129129	-1.87	-22.89	106.3	9.33	-190.7	218.3	-60.9
261130130	-1.84	-26.12	85.6	9.48	-176.6	196.3	-64.1
263131131	-1.82	-29.22	70.7	9.57	-163.5	178.1	-66.6
265132132	-1.78	-31.93	60.0	9.77	-153.3	164.7	-68.6
267133133	-1.73	-34.63	50.8	10.08	-144.2	152.9	-70.6
269134134	-1.67	-37.33	43.3	10.44	-135.7	142.5	-72.3
271135135	-1.62	-39.91	37.4	10.77	-128.1	133.5	-73.7
273136136	-1.55	-42.48	32.3	11.22	-121.3	125.5	-75.1
275137137	-1.49	-45.09	27.9	11.70	-114.7	118.0	-76.3
277138138	-1.43	-47.68	24.4	12.14	-108.6	111.3	-77.4
279139139	-1.38	-50.11	21.5	12.59	-103.3	105.5	-78.2
281140140	-1.35	-52.55	19.3	12.91	-98.3	100.1	-78.9
283141141	-1.30	-54.90	17.2	13.37	-93.8	95.3	-79.6
285142142	-1.26	-57.13	15.6	13.76	-89.7	91.1	-80.1
287143143	-1.22	-59.31	14.2	14.21	-86.1	87.2	-80.7
289144144	-1.18	-61.46	12.8	14.80	-82.7	83.6	-81.2
291145145	-1.14	-63.51	11.7	15.32	-79.6	80.4	-81.7
293146146	-1.11	-65.49	10.8	15.67	-76.7	77.4	-82.0
295147147	-1.07	-67.46	9.9	16.28	-74.0	74.6	-82.4
297148148	-1.05	-69.41	9.3	16.49	-71.4	72.0	-82.6
299149149	-1.03	-71.29	8.6	16.96	-69.0	69.6	-82.9
301150150	-0.99	-72.99	8.0	17.53	-67.0	67.4	-83.2
303151151	-0.99	-74.73	7.7	17.64	-64.9	65.4	-83.3
305152152	-0.98	-76.43	7.3	17.76	-63.0	63.4	-83.4
307153153	-0.96	-78.10	6.9	18.14	-61.2	61.6	-83.6
309154154	-0.97	-79.73	6.7	17.96	-59.4	59.8	-83.5
311155155	-0.96	-81.27	6.5	18.16	-57.8	58.2	-83.6
313156156	-0.96	-82.83	6.3	18.17	-56.3	56.6	-83.7
315157157	-0.96	-84.28	6.1	18.15	-54.9	55.2	-83.7
317158158	-0.96	-85.68	5.9	18.12	-53.6	53.9	-83.7
319159159	-0.94	-87.02	5.7	18.42	-52.3	52.7	-83.8
321160160	-0.91	-88.40	5.4	19.07	-51.1	51.4	-84.0
323161161	-0.87	-89.85	5.0	19.88	-49.9	50.1	-84.2
325162162	-0.86	-91.30	4.8	20.16	-48.6	48.9	-84.3
327163163	-0.84	-92.80	4.6	20.57	-47.4	47.6	-84.4
329164164	-0.84	-94.30	4.5	20.75	-46.2	46.4	-84.5
331165165	-0.82	-95.78	4.3	21.10	-45.0	45.2	-84.5
333166166	-0.81	-97.34	4.1	21.52	-43.8	44.0	-84.6
335167167	-0.81	-98.94	4.0	21.55	-42.6	42.8	-84.6
337168168	-0.82	-100.35	4.0	21.33	-41.5	41.7	-84.5
339169169	-0.83	-101.96	3.9	21.07	-40.4	40.6	-84.4
341170170	-0.84	-103.56	3.9	20.80	-39.2	39.4	-84.3
343171171	-0.84	-105.17	3.8	20.73	-38.1	38.3	-84.3
345172172	-0.84	-106.71	3.8	20.61	-37.1	37.3	-84.2
347173173	-0.86	-108.19	3.8	20.24	-36.1	36.3	-84.0
349174174	-0.86	-109.77	3.7	20.17	-35.0	35.2	-84.0
351175175	-0.87	-111.37	3.7	20.02	-34.0	34.2	-83.9
353176176	-0.87	-112.93	3.6	19.89	-33.0	33.2	-83.8
355177177	-0.89	-114.41	3.6	19.54	-32.1	32.3	-83.6
357178178	-0.90	-115.90	3.6	19.40	-31.2	31.4	-83.4
359179179	-0.91	-117.53	3.6	19.18	-30.2	30.4	-83.3
361180180	-0.91	-119.08	3.5	19.10	-29.3	29.5	-83.1
363181181	-0.92	-120.58	3.5	18.89	-28.4	28.6	-83.0
365182182	-0.94	-122.17	3.5	18.54	-27.5	27.7	-82.7
367183183	-0.94	-123.75	3.5	18.50	-26.6	26.8	-82.6
369184184	-0.94	-125.23	3.4	18.52	-25.8	26.0	-82.4
371185185	-0.94	-126.69	3.4	18.50	-25.0	25.2	-82.3
373186186	-0.94	-128.18	3.3	18.47	-24.2	24.4	-82.1
375187187	-0.94	-129.70	3.3	18.42	-23.4	23.6	-81.9
377188188	-0.94	-131.21	3.3	18.50	-22.6	22.8	-81.8
379189189	-0.93	-132.60	3.2	18.64	-21.9	22.1	-81.7
381190190	-0.93	-134.00	3.2	18.63	-21.2	21.4	-81.5
383191191	-0.93	-135.41	3.1	18.74	-20.4	20.7	-81.3
385192192	-0.92	-136.80	3.0	18.97	-19.7	20.0	-81.2
387193193	-0.90	-138.19	3.0	19.23	-19.0	19.3	-81.1
389194194	-0.91	-139.56	3.0	19.18	-18.4	18.6	-80.8
391195195	-0.90	-140.84	2.9	19.33	-17.7	18.0	-80.7
393196196	-0.89	-142.12	2.9	19.49	-17.1	17.3	-80.5
395197197	-0.88	-143.39	2.8	19.70	-16.5	16.7	-80.3
397198198	-0.87	-144.69	2.8	19.97	-15.9	16.1	-80.1
399199199	-0.86	-145.90	2.7	20.33	-15.3	15.5	-80.0
401200200	-0.86	-147.05	2.7	20.25	-14.7	15.0	-79.7
403201201	-0.85	-148.30	2.6	20.49	-14.2	14.4	-79.4
405202202	-0.84	-149.47	2.6	20.77	-13.6	13.9	-79.2
407203203	-0.84	-150.60	2.6	20.77	-13.1	13.3	-78.9
409204204	-0.83	-151.75	2.5	20.95	-12.6	12.8	-78.6
411205205	-0.83	-152.81	2.5	20.91	-12.1	12.3	-78.2
413206206	-0.83	-153.87	2.5	20.96	-11.6	11.8	-77.7
415207207	-0.83	-154.95	2.5	20.93	-11.1	11.4	-77.3
417208208	-0.84	-155.99	2.5	20.76	-10.6	10.9	-76.7
419209209	-0.84	-156.98	2.5	20.59	-10.2	10.5	-76.0
421210210	-0.85	-158.00	2.5	20.50	-9.7	10.0	-75.4
423211211	-0.86	-158.96	2.6	20.24	-9.3	9.6	-74.6
425212212	-0.87	-159.93	2.6	20.03	-8.8	9.2	-73.7
427213213	-0.89	-160.93	2.6	19.61	-8.4	8.8	-72.6
429214214	-0.90	-161.90	2.6	19.35	-7.9	8.4	-71.5
431215215	-0.92	-162.86	2.7	18.98	-7.5	8.0	-70.3
433216216	-0.94	-163.85	2.7	18.57	-7.1	7.6	-68.8
435217217	-0.96	-164.79	2.8	18.06	-6.7	7.2	-67.1
437218218	-0.99	-165.65	2.9	17.63	-6.3	6.9	-65.3
439219219	-1.01	-166.55	2.9	17.27	-5.9	6.6	-63.4
441220220	-1.04	-167.50	3.0	16.79	-5.5	6.2	-61.1
443221221	-1.05	-168.45	3.1	16.49	-5.0	5.9	-58.7
445222222	-1.08	-169.33	3.1	16.14	-4.7	5.6	-56.1
447223223	-1.11	-170.25	3.2	15.72	-4.2	5.3	-53.0
449224224	-1.14	-171.18	3.3	15.25	-3.8	5.1	-49.3
451225225	-1.17	-172.13	3.4	14.91	-3.4	4.8	-45.5
453226226	-1.19	-173.04	3.4	14.63	-3.0	4.6	-41.4
455227227	-1.23	-173.97	3.5	14.17	-2.6	4.4	-36.5
457228228	-1.25	-175.00	3.6	13.90	-2.2	4.2	-31.1
459229229	-1.28	-175.97	3.7	13.61	-1.8	4.1	-25.5
461230230	-1.30	-176.99	3.7	13.36	-1.3	4.0	-19.3
463231231	-1.33	-177.95	3.8	13.07	-0.9	3.9	-13.1
465232232	-1.35	-178.96	3.9	12.87	-0.5	3.9	-6.6
467233233	-1.38	-179.95	4.0	12.62	-0.0	4.0	-0.3
469234234	-1.41	179.05	4.0	12.37	0.4	4.1	5.8
471235235	-1.43	178.02	4.1	12.22	0.9	4.2	11.8
473236236	-1.44	176.95	4.1	12.08	1.3	4.3	17.7
475237237	-1.46	175.91	4.2	11.91	1.8	4.6	22.9
477238238	-1.47	174.91	4.2	11.81	2.2	4.8	27.5
479239239	-1.49	173.87	4.3	11.69	2.7	5.0	31.8
481240240	-1.50	172.81	4.3	11.61	3.1	5.3	35.8
483241241	-1.51	171.71	4.4	11.50	3.6	5.7	39.4
485242242	-1.52	170.67	4.4	11.47	4.1	6.0	42.7
487243243	-1.53	169.58	4.4	11.35	4.5	6.3	45.5
489244244	-1.54	168.57	4.5	11.30	5.0	6.7	48.0
491245245	-1.55	167.49	4.5	11.24	5.4	7.1	50.4
493246246	-1.56	166.40	4.5	11.20	5.9	7.4	52.6
495247247	-1.56	165.35	4.5	11.18	6.4	7.8	54.5
497248248	-1.56	164.29	4.6	11.18	6.8	8.2	56.3
499249249	-1.55	163.19	4.6	11.22	7.3	8.6	58.1
501250250	-1.55	162.13	4.6	11.25	7.8	9.0	59.7
503251251	-1.54	161.05	4.6	11.28	8.3	9.4	61.2
505252252	-1.54	160.01	4.5	11.33	8.7	9.9	62.5
507253253	-1.53	158.89	4.5	11.38	9.2	10.3	63.8
509254254	-1.54	157.88	4.6	11.35	9.7	10.7	64.7
511255255	-1.53	156.72	4.6	11.36	10.2	11.2	65.8
513256256	-1.53	155.65	4.6	11.39	10.7	11.6	66.8
515257257	-1.52	154.53	4.6	11.49	11.2	12.1	67.8
517258258	-1.52	153.51	4.6	11.45	11.7	12.6	68.5
519259259	-1.51	152.39	4.6	11.50	12.2	13.0	69.3
521260260	-1.52	151.32	4.6	11.45	12.7	13.5	69.9
523261261	-1.52	150.22	4.7	11.47	13.2	14.0	70.5
525262262	-1.52	149.11	4.7	11.46	13.7	14.5	71.1
527263263	-1.52	147.96	4.7	11.45	14.2	15.0	71.6
529264264	-1.53	146.87	4.8	11.39	14.7	15.5	72.1
531265265	-1.53	145.74	4.8	11.41	15.3	16.0	72.6
533266266	-1.54	144.49	4.9	11.32	15.9	16.6	73.0
535267267	-1.55	143.43	4.9	11.25	16.4	17.1	73.3
537268268	-1.55	142.26	5.0	11.25	16.9	17.6	73.7
539269269	-1.56	141.08	5.0	11.15	17.5	18.2	73.9
541270270	-1.57	139.83	5.1	11.12	18.1	18.8	74.3
543271271	-1.58	138.68	5.2	11.00	18.7	19.4	74.5
545272272	-1.60	137.51	5.3	10.89	19.3	20.0	74.7
547273273	-1.64	136.19	5.5	10.62	19.9	20.6	74.6
549274274	-1.66	134.92	5.6	10.47	20.5	21.3	74.8
551275275	-1.70	133.68	5.8	10.25	21.1	21.9	74.8
553276276	-1.74	132.32	5.9	10.04	21.8	22.6	74.8
555277277	-1.79	131.09	6.2	9.75	22.4	23.3	74.6
557278278	-1.83	129.85	6.4	9.50	23.1	23.9	74.5
559279279	-1.88	128.58	6.6	9.26	23.7	24.6	74.4
561280280	-1.94	127.36	6.9	9.00	24.4	25.3	74.2
563281281	-2.00	126.16	7.2	8.74	25.0	26.0	74.0
565282282	-2.06	124.95	7.5	8.46	25.6	26.7	73.7
567283283	-2.13	123.86	7.8	8.21	26.2	27.3	73.4
569284284	-2.19	122.90	8.1	7.97	26.7	27.9	73.1
571285285	-2.24	121.75	8.3	7.81	27.3	28.5	73.0
573286286	-2.29	120.73	8.6	7.63	27.8	29.1	72.8
575287287	-2.34	119.73	8.9	7.47	28.3	29.7	72.6
577288288	-2.38	118.79	9.1	7.35	28.8	30.3	72.4
579289289	-2.41	117.76	9.3	7.25	29.4	30.9	72.4
581290290	-2.46	116.79	9.6	7.12	29.9	31.4	72.2
583291291	-2.46	115.93	9.7	7.10	30.4	31.9	72.3
585292292	-2.47	115.05	9.9	7.07	30.9	32.5	72.3
587293293	-2.48	114.02	10.0	7.05	31.5	33.1	72.4
589294294	-2.46	113.05	10.0	7.10	32.1	33.7	72.7
591295295	-2.45	112.06	10.1	7.14	32.7	34.3	72.9
593296296	-2.42	110.97	10.1	7.22	33.4	34.9	73.2
595297297	-2.40	109.92	10.2	7.28	34.1	35.6	73.4
597298298	-2.36	108.87	10.1	7.41	34.8	36.2	73.8
599299299	-2.33	107.63	10.2	7.49	35.6	37.0	74.1
601300300	-2.29	106.44	10.1	7.62	36.4	37.8	74.4
603301301	-2.27	105.18	10.2	7.69	37.2	38.6	74.7
605302302	-2.24	103.95	10.2	7.81	38.1	39.4	75.0
607303303	-2.19	102.71	10.2	7.98	39.0	40.3	75.4
609304304	-2.15	101.46	10.2	8.11	39.9	41.1	75.7
611305305	-2.12	100.20	10.2	8.25	40.8	42.0	76.0
613306306	-2.08	98.83	10.2	8.41	41.8	43.0	76.3
615307307	-2.03	97.55	10.2	8.61	42.8	44.0	76.6
617308308	-1.99	96.28	10.2	8.75	43.8	44.9	76.9
619309309	-1.97	94.93	10.3	8.87	44.8	46.0	77.1
621310310	-1.93	93.68	10.3	9.04	45.8	47.0	77.3
623311311	-1.88	92.50	10.2	9.27	46.8	47.9	77.7
625312312	-1.86	91.27	10.3	9.35	47.8	48.9	77.8
627313313	-1.82	89.99	10.3	9.59	48.9	50.0	78.1
629314314	-1.78	88.67	10.3	9.79	50.1	51.2	78.3
631315315	-1.73	87.38	10.3	10.07	51.3	52.3	78.6
633316316	-1.71	86.27	10.4	10.22	52.3	53.3	78.8
635317317	-1.69	85.03	10.5	10.32	53.4	54.4	78.9
637318318	-1.65	83.86	10.5	10.53	54.6	55.6	79.1
639319319	-1.62	82.62	10.6	10.74	55.8	56.8	79.3
641320320	-1.59	81.33	10.6	10.98	57.1	58.1	79.5
643321321	-1.57	80.20	10.7	11.10	58.2	59.2	79.6
645322322	-1.54	79.12	10.8	11.27	59.4	60.3	79.7
647323323	-1.54	77.90	11.1	11.30	60.6	61.6	79.7
649324324	-1.51	76.76	11.1	11.56	61.9	62.9	79.8
651325325	-1.50	75.60	11.3	11.59	63.2	64.2	79.8
653326326	-1.51	74.39	11.7	11.57	64.6	65.6	79.8
655327327	-1.49	73.34	11.8	11.72	65.8	66.9	79.8
657328328	-1.48	72.14	12.1	11.73	67.2	68.3	79.8
659329329	-1.49	70.91	12.5	11.69	68.7	69.8	79.7
661330330	-1.49	69.28	13.0	11.71	70.8	72.0	79.6
663331331	-1.48	68.04	13.3	11.78	72.4	73.6	79.6
665332332	-1.48	66.72	13.8	11.75	74.1	75.4	79.4
667333333	-1.51	65.60	14.5	11.55	75.6	77.0	79.2
669334334	-1.53	64.25	15.2	11.42	77.5	79.0	78.9
671335335	-1.54	62.97	15.9	11.29	79.3	80.9	78.7
673336336	-1.55	61.62	16.6	11.24	81.4	83.0	78.5
675337337	-1.58	60.37	17.5	11.04	83.2	85.0	78.1
677338338	-1.62	59.04	18.7	10.72	85.2	87.3	77.6
679339339	-1.66	57.64	19.9	10.49	87.4	89.7	77.2
681340340	-1.69	56.41	21.0	10.30	89.4	91.9	76.8
683341341	-1.74	54.97	22.7	9.99	91.8	94.5	76.1
685342342	-1.77	53.38	24.2	9.85	94.6	97.6	75.7
687343343	-1.83	51.95	26.1	9.54	97.0	100.5	74.9
689344344	-1.87	50.56	28.0	9.30	99.5	103.4	74.3
691345345	-1.91	48.86	30.2	9.14	102.8	107.1	73.6
693346346	-1.97	47.27	33.0	8.85	105.8	110.8	72.7
695347347	-2.04	45.62	36.1	8.56	108.9	114.7	71.7
697348348	-2.09	43.84	39.5	8.33	112.5	119.2	70.6
699349349	-2.16	42.17	43.3	8.10	115.8	123.7	69.5
701350350	-2.22	40.46	47.4	7.88	119.3	128.4	68.3
703351351	-2.27	38.69	52.1	7.70	123.2	133.7	67.1
705352352	-2.31	36.94	57.0	7.55	127.1	139.3	65.8
707353353	-2.37	35.07	63.2	7.36	131.1	145.5	64.3
709354354	-2.44	33.28	69.8	7.17	134.7	151.7	62.6
711355355	-2.49	31.25	78.0	7.02	139.1	159.4	60.7
713356356	-2.55	29.40	86.5	6.86	142.6	166.7	58.8
715357357	-2.60	27.50	96.1	6.73	145.9	174.7	56.6
717358358	-2.65	25.66	106.5	6.61	148.8	183.0	54.4
719359359	-2.71	23.81	118.2	6.46	150.5	191.3	51.9
721360360	-2.74	21.86	131.4	6.39	152.4	201.2	49.2
723361361	-2.78	19.92	146.0	6.30	152.6	211.2	46.3
725362362	-2.81	18.07	161.2	6.25	152.1	221.6	43.3
727363363	-2.85	16.15	178.1	6.15	148.4	231.8	39.8
729364364	-2.86	14.27	195.9	6.12	143.9	243.1	36.3
731365365	-2.88	12.39	214.3	6.09	136.2	253.9	32.4
733366366	-2.89	10.50	233.4	6.07	125.5	265.0	28.3
735367367	-2.90	8.51	252.9	6.05	110.0	275.7	23.5
737368368	-2.90	6.50	271.5	6.05	90.5	286.2	18.4
739369369	-2.89	4.53	287.2	6.06	66.8	294.8	13.1
741370370	-2.91	2.48	296.4	6.03	37.6	298.7	7.2
743371371	-2.89	0.59	303.3	6.07	9.3	303.4	1.7
745372372	-2.90	-1.53	300.7	6.05	-23.7	301.6	-4.5
747373373	-2.90	-3.61	292.4	6.05	-54.2	297.4	-10.5
749374374	-2.89	-5.74	278.1	6.06	-82.0	289.9	-16.4
751375375	-2.91	-7.85	258.5	6.02	-103.3	278.4	-21.8
753376376	-2.94	-9.98	236.3	5.96	-118.7	264.4	-26.7
755377377	-2.95	-12.03	216.0	5.95	-130.2	252.2	-31.1
757378378	-2.98	-14.09	195.5	5.89	-136.1	238.2	-34.8
759379379	-3.01	-16.14	176.6	5.83	-138.8	224.7	-38.2
761380380	-3.07	-18.31	158.7	5.72	-138.2	210.4	-41.0
763381381	-3.12	-20.34	143.8	5.63	-136.2	198.1	-43.4
765382382	-3.18	-22.46	130.3	5.53	-133.1	186.3	-45.6
767383383	-3.25	-24.53	118.9	5.41	-128.8	175.3	-47.3
769384384	-3.34	-26.53	109.4	5.26	-123.9	165.2	-48.6
771385385	-3.45	-28.51	101.4	5.09	-118.5	155.9	-49.5
773386386	-3.59	-30.39	94.9	4.91	-113.0	147.5	-50.0
775387387	-3.74	-32.11	89.8	4.71	-107.5	140.1	-50.1
777388388	-3.89	-33.83	85.3	4.54	-102.7	133.5	-50.3
779389389	-4.04	-35.33	81.9	4.37	-98.2	127.9	-50.2
781390390	-4.22	-36.75	79.1	4.20	-93.8	122.7	-49.9
783391391	-4.40	-37.90	77.2	4.04	-89.9	118.5	-49.3
785392392	-4.55	-38.84	75.8	3.90	-86.7	115.2	-48.8
787393393	-4.69	-39.53	74.9	3.80	-84.2	112.7	-48.3
789394394	-4.79	-40.04	74.3	3.72	-82.4	110.9	-48.0
791395395	-4.89	-40.31	74.1	3.65	-80.8	109.7	-47.5
793396396	-4.88	-40.26	74.2	3.65	-81.0	109.9	-47.5
795397397	-4.83	-40.43	73.6	3.69	-81.6	109.9	-48.0
797398398	-4.72	-40.52	72.9	3.77	-83.0	110.5	-48.7
799399399	-4.50	-40.82	71.2	3.94	-85.9	111.5	-50.3
801400400	-4.22	-41.42	68.2	4.20	-89.3	112.3	-52.7
803401401	-3.94	-42.78	63.3	4.48	-91.6	111.3	-55.3
805402402	-3.67	-44.65	57.4	4.80	-92.6	109.0	-58.2
807403403	-3.41	-46.94	51.0	5.15	-92.4	105.5	-61.1
809404404	-3.20	-49.74	44.6	5.49	-90.3	100.7	-63.7
811405405	-3.02	-52.72	38.9	5.82	-87.4	95.7	-66.0
813406406	-2.90	-55.94	34.3	6.04	-83.5	90.2	-67.7
815407407	-2.80	-58.93	30.6	6.25	-79.8	85.5	-69.0
817408408	-2.74	-62.13	27.5	6.40	-75.9	80.7	-70.1
819409409	-2.69	-65.30	24.9	6.52	-72.1	76.3	-70.9
821410410	-2.69	-68.32	23.1	6.52	-68.5	72.3	-71.3
823411411	-2.66	-71.57	21.3	6.58	-64.9	68.3	-71.8
825412412	-2.65	-74.43	19.9	6.61	-61.9	65.0	-72.2
827413413	-2.66	-77.33	18.8	6.59	-58.9	61.8	-72.3
829414414	-2.66	-80.23	17.7	6.58	-56.1	58.9	-72.5
831415415	-2.67	-83.00	16.8	6.57	-53.6	56.2	-72.6
833416416	-2.68	-85.66	16.1	6.53	-51.3	53.7	-72.5
835417417	-2.69	-88.38	15.4	6.51	-49.0	51.4	-72.5
837418418	-2.71	-90.88	14.9	6.46	-47.0	49.3	-72.4
839419419	-2.72	-93.45	14.3	6.44	-45.0	47.2	-72.3
841420420	-2.73	-95.98	13.8	6.42	-43.1	45.3	-72.2
843421421	-2.72	-98.40	13.3	6.43	-41.4	43.5	-72.1
845422422	-2.75	-100.63	13.0	6.38	-39.8	41.9	-71.9
847423423	-2.77	-102.83	12.7	6.33	-38.3	40.3	-71.6
849424424	-2.79	-105.04	12.5	6.28	-36.8	38.9	-71.3
851425425	-2.80	-107.23	12.2	6.25	-35.4	37.4	-71.0
853426426	-2.80	-109.31	11.9	6.25	-34.1	36.1	-70.8
855427427	-2.82	-111.45	11.6	6.22	-32.8	34.8	-70.5
857428428	-2.85	-113.39	11.5	6.15	-31.6	33.6	-70.0
859429429	-2.88	-115.36	11.4	6.09	-30.5	32.5	-69.5
861430430	-2.91	-117.34	11.2	6.03	-29.3	31.4	-69.0
863431431	-2.92	-119.21	11.1	6.00	-28.2	30.3	-68.6
865432432	-2.93	-121.08	10.9	5.99	-27.2	29.3	-68.1
867433433	-2.96	-122.98	10.8	5.93	-26.2	28.3	-67.5
869434434	-3.00	-124.85	10.8	5.84	-25.1	27.4	-66.7
871435435	-3.02	-126.64	10.7	5.80	-24.2	26.5	-66.1
873436436	-3.05	-128.51	10.6	5.75	-23.2	25.5	-65.4
875437437	-3.09	-130.33	10.6	5.68	-22.3	24.7	-64.5
877438438	-3.11	-132.17	10.5	5.64	-21.3	23.8	-63.7
879439439	-3.14	-133.96	10.5	5.60	-20.4	23.0	-62.9
881440440	-3.16	-135.67	10.4	5.56	-19.6	22.2	-62.0
883441441	-3.18	-137.48	10.4	5.52	-18.7	21.4	-61.0
885442442	-3.20	-139.22	10.3	5.50	-17.9	20.6	-60.0
887443443	-3.20	-140.93	10.2	5.48	-17.1	19.9	-59.1
889444444	-3.21	-142.82	10.1	5.47	-16.2	19.1	-58.0
891445445	-3.22	-144.57	10.1	5.46	-15.4	18.4	-56.8
893446446	-3.23	-146.38	10.0	5.45	-14.6	17.6	-55.5
895447447	-3.24	-148.11	9.9	5.43	-13.8	17.0	-54.2
897448448	-3.23	-149.86	9.8	5.43	-13.0	16.3	-52.8
899449449	-3.24	-151.55	9.8	5.42	-12.2	15.7	-51.3
901450450	-3.23	-153.35	9.7	5.44	-11.4	15.0	-49.7
903451451	-3.20	-155.06	9.5	5.48	-10.7	14.3	-48.2
905452452	-3.18	-156.79	9.4	5.52	-9.9	13.7	-46.5
907453453	-3.16	-158.44	9.3	5.56	-9.2	13.1	-44.7
909454454	-3.13	-160.12	9.2	5.61	-8.5	12.5	-42.7
911455455	-3.10	-161.69	9.1	5.66	-7.8	12.0	-40.7
913456456	-3.06	-163.46	8.9	5.74	-7.0	11.3	-38.4
915457457	-3.02	-164.98	8.7	5.81	-6.4	10.8	-36.2
917458458	-2.98	-166.55	8.6	5.89	-5.7	10.3	-33.6
919459459	-2.93	-168.08	8.4	5.99	-5.1	9.8	-31.0
921460460	-2.89	-169.49	8.3	6.07	-4.5	9.4	-28.3
923461461	-2.83	-171.12	8.1	6.19	-3.8	9.0	-24.9
925462462	-2.78	-172.49	8.0	6.30	-3.2	8.6	-21.9
927463463	-2.73	-173.97	7.8	6.41	-2.6	8.2	-18.2
929464464	-2.67	-175.34	7.6	6.55	-2.0	7.9	-14.6
931465465	-2.61	-176.70	7.5	6.70	-1.4	7.6	-10.7
933466466	-2.56	-178.14	7.3	6.83	-0.8	7.4	-6.2
935467467	-2.49	-179.37	7.1	7.02	-0.3	7.1	-2.2
937468468	-2.42	179.36	6.9	7.21	0.3	6.9	2.3
939469469	-2.36	178.06	6.8	7.40	0.8	6.8	7.0
941470470	-2.31	176.78	6.6	7.57	1.4	6.7	11.8
943471471	-2.24	175.57	6.4	7.79	1.9	6.7	16.5
945472472	-2.19	174.30	6.3	7.97	2.4	6.7	21.3
947473473	-2.13	173.15	6.1	8.20	2.9	6.8	25.7
949474474	-2.07	171.91	6.0	8.43	3.5	6.9	30.3
951475475	-2.01	170.72	5.8	8.70	4.0	7.0	34.7
953476476	-1.95	169.48	5.6	8.96	4.5	7.2	38.9
955477477	-1.89	168.36	5.5	9.23	5.0	7.4	42.6
957478478	-1.83	167.22	5.3	9.54	5.5	7.7	46.2
959479479	-1.76	166.02	5.1	9.88	6.1	7.9	49.7
961480480	-1.70	164.85	5.0	10.23	6.6	8.3	52.9
963481481	-1.65	163.66	4.8	10.58	7.1	8.6	55.9
965482482	-1.61	162.54	4.7	10.82	7.6	9.0	58.1
967483483	-1.54	161.36	4.5	11.30	8.1	9.3	60.8
969484484	-1.49	160.21	4.4	11.65	8.7	9.7	63.0
971485485	-1.43	159.03	4.2	12.17	9.2	10.1	65.2
973486486	-1.36	157.81	4.1	12.78	9.7	10.6	67.4
975487487	-1.31	156.63	3.9	13.26	10.3	11.0	69.1
977488488	-1.25	155.35	3.8	13.95	10.9	11.5	70.9
979489489	-1.19	154.10	3.6	14.58	11.4	12.0	72.5
981490490	-1.14	152.87	3.5	15.29	12.0	12.5	73.9
983491491	-1.09	151.65	3.3	15.92	12.6	13.0	75.1
985492492	-1.01	150.30	3.1	17.29	13.2	13.6	76.8
987493493	-0.95	149.04	2.9	18.31	13.8	14.1	78.0
989494494	-0.89	147.70	2.8	19.58	14.4	14.7	79.1
991495495	-0.83	146.27	2.6	21.03	15.1	15.3	80.3
993496496	-0.76	144.91	2.4	22.80	15.8	16.0	81.3
995497497	-0.70	143.55	2.2	24.71	16.4	16.6	82.2
997498498	-0.65	142.15	2.1	26.79	17.1	17.2	83.1
999499499	-0.59	140.75	1.9	29.62	17.8	17.9	83.9
1001500500	-0.52	139.32	1.7	33.58	18.5	18.6	84.8
1003501501	-0.45	137.85	1.5	38.78	19.3	19.3	85.6
1005502502	-0.38	136.27	1.3	45.83	20.1	20.1	86.4
1007503503	-0.30	134.91	1.0	57.12	20.8	20.8	87.2
1009504504	-0.24	133.44	0.8	73.64	21.5	21.5	87.9
1011505505	-0.16	131.77	0.5	110.59	22.4	22.4	88.6
1013506506	-0.09	130.17	0.3	199.96	23.2	23.2	89.3
1015507507	-0.01	128.58	0.0	484.99	24.1	24.1	89.9
1017508508	0.00	127.05	0.0	?	24.9	24.9	90.0
1019509509	0.00	125.52	0.0	?	25.7	25.7	90.0
1021510510	0.00	123.94	0.0	?	26.6	26.6	90.0
1023511511	0.00	122.26	0.0	?	27.6	27.6	90.0
1025512512	0.00	120.58	0.0	?	28.5	28.5	90.0
1027513513	0.00	118.80	0.0	?	29.6	29.6	90.0
1029514514	0.00	117.23	0.0	?	30.5	30.5	90.0
1031515515	0.00	115.59	0.0	?	31.5	31.5	90.0
1033516516	0.00	113.72	0.0	?	32.6	32.6	90.0
1035517517	0.00	112.16	0.0	?	33.6	33.6	90.0
1037518518	0.00	110.40	0.0	?	34.8	34.8	90.0
1039519519	0.00	108.57	0.0	?	36.0	36.0	90.0
1041520520	0.00	106.78	0.0	?	37.1	37.1	90.0
1043521521	0.00	105.12	0.0	?	38.3	38.3	90.0
1045522522	-0.98	164.62	2.9	17.68	6.7	7.3	66.8
1047523523	0.00	149.65	0.0	?	13.6	13.6	90.0
1049524524	0.00	97.95	0.0	?	43.5	43.5	90.0
1051525525	-0.50	90.64	2.8	34.77	49.4	49.4	86.7
1053526526	-0.53	88.27	3.2	32.52	51.4	51.5	86.5
1055527527	-0.59	85.93	3.6	29.57	53.6	53.7	86.1
1057528528	-0.64	83.59	4.1	27.36	55.8	55.9	85.8
1059529529	-0.68	81.25	4.6	25.49	58.1	58.3	85.5
1061530530	-0.74	79.00	5.2	23.63	60.4	60.6	85.1
1063531531	-0.82	76.50	6.1	21.33	63.1	63.4	84.5
1065532532	-0.90	73.98	7.1	19.26	65.9	66.3	83.8
1067533533	-1.00	71.61	8.4	17.34	68.6	69.2	83.0
1069534534	-1.09	69.16	9.7	15.94	71.7	72.3	82.3
1071535535	-1.24	66.84	11.6	14.02	74.5	75.4	81.1
1073536536	-1.37	64.46	13.6	12.74	77.6	78.8	80.1
1075537537	-1.48	62.27	15.6	11.77	80.6	82.1	79.1
1077538538	-1.65	59.85	18.5	10.59	83.8	85.8	77.6
1079539539	-1.83	57.24	22.0	9.55	87.4	90.1	75.9
1081540540	-1.98	54.78	25.6	8.82	90.9	94.4	74.3
1083541541	-2.18	52.42	30.0	8.02	94.0	98.7	72.3
1085542542	-2.43	50.03	35.7	7.19	96.5	102.9	69.7
1087543543	-2.69	47.46	42.3	6.50	98.9	107.6	66.8
1089544544	-2.95	44.81	49.6	5.95	101.0	112.6	63.8
1091545545	-3.26	42.29	57.9	5.39	101.5	116.9	60.3
1093546546	-3.64	39.77	67.3	4.84	99.7	120.3	56.0
1095547547	-4.00	37.37	76.2	4.41	96.8	123.2	51.8
1097548548	-4.43	34.97	85.0	4.00	91.4	124.8	47.1
1099549549	-4.87	32.71	92.3	3.66	84.5	125.1	42.5
1101550550	-5.31	30.08	99.3	3.37	76.5	125.3	37.6
1103551551	-5.83	27.55	104.0	3.09	66.5	123.5	32.6
1105552552	-6.35	24.83	107.3	2.86	56.5	121.3	27.8
1107553553	-6.94	22.19	108.0	2.63	46.0	117.3	23.1
1109554554	-7.53	19.46	107.1	2.45	36.4	113.2	18.8
1111555555	-8.21	16.45	104.6	2.27	27.1	108.1	14.5
1113556556	-8.95	13.45	100.7	2.11	19.2	102.5	10.8
1115557557	-9.64	9.92	97.1	1.98	12.4	97.8	7.3
1117558558	-10.51	6.18	91.9	1.85	6.5	92.1	4.0
1119559559	-11.37	1.84	86.9	1.74	1.6	87.0	1.1
1121560560	-12.36	-2.50	81.7	1.63	-1.8	81.7	-1.3
1123561561	-13.39	-7.17	76.8	1.54	-4.3	76.9	-3.2
1125562562	-14.45	-13.33	72.3	1.47	-6.6	72.6	-5.2
1127563563	-15.72	-19.89	67.7	1.39	-7.7	68.1	-6.5
1129564564	-16.96	-28.23	63.6	1.33	-8.7	64.2	-7.8
1131565565	-18.30	-38.22	59.8	1.28	-9.1	60.5	-8.7
1133566566	-19.40	-51.42	56.3	1.24	-9.5	57.1	-9.6
1135567567	-20.26	-66.51	53.1	1.21	-9.6	54.0	-10.2
1137568568	-20.79	-83.39	50.2	1.20	-9.2	51.1	-10.4
1139569569	-20.67	-100.29	47.6	1.20	-8.7	48.4	-10.4
1141570570	-20.01	-114.97	45.2	1.22	-8.3	46.0	-10.4
1143571571	-19.12	-127.17	43.1	1.25	-7.7	43.8	-10.1
1145572572	-18.14	-137.72	41.1	1.28	-6.9	41.7	-9.6
1147573573	-17.01	-145.61	39.1	1.33	-6.4	39.6	-9.2
1149574574	-15.94	-152.82	37.2	1.38	-5.6	37.6	-8.5
1151575575	-15.08	-158.69	35.6	1.43	-4.7	36.0	-7.5
1153576576	-14.19	-163.53	34.0	1.49	-3.9	34.3	-6.6
1155577577	-13.41	-168.16	32.6	1.54	-3.0	32.7	-5.2
1157578578	-12.76	-172.55	31.4	1.60	-2.0	31.4	-3.6
1159579579	-12.05	-176.42	30.0	1.67	-1.0	30.1	-1.9
1161580580	-11.49	-179.54	29.0	1.73	-0.1	29.0	-0.3
1163581581	-10.93	176.67	27.9	1.79	1.0	27.9	2.1
1165582582	-10.43	173.42	26.9	1.86	2.0	27.0	4.3
1167583583	-10.00	170.37	26.1	1.93	3.1	26.3	6.7
1169584584	-9.56	167.74	25.3	2.00	4.0	25.6	9.0
1171585585	-9.21	165.13	24.6	2.06	5.0	25.1	11.4
1173586586	-8.89	162.64	24.0	2.12	5.9	24.7	13.8
1175587587	-8.51	160.25	23.3	2.20	6.9	24.2	16.4
1177588588	-8.23	158.06	22.7	2.27	7.7	24.0	18.8
1179589589	-7.92	155.98	22.1	2.34	8.6	23.7	21.3
1181590590	-7.66	153.83	21.7	2.41	9.5	23.7	23.8
1183591591	-7.39	151.59	21.2	2.49	10.5	23.6	26.4
1185592592	-7.17	149.48	20.7	2.56	11.4	23.7	28.9
1187593593	-6.97	147.32	20.4	2.62	12.4	23.9	31.2
1189594594	-6.82	145.84	20.2	2.68	13.0	24.0	32.9
1191595595	-6.65	144.16	19.9	2.74	13.8	24.2	34.8
1193596596	-6.47	142.51	19.6	2.81	14.6	24.4	36.7
1195597597	-6.25	141.15	19.1	2.90	15.3	24.5	38.7
1197598598	-6.04	139.49	18.7	2.99	16.1	24.7	40.8
1199599599	-5.85	137.65	18.4	3.08	17.1	25.1	42.9
1201600600	-5.63	136.33	17.9	3.19	17.8	25.2	44.8
1203601601	-5.49	134.51	17.7	3.27	18.7	25.7	46.6
1205602602	-5.26	132.75	17.2	3.40	19.7	26.1	48.8
1207603603	-5.02	130.67	16.8	3.55	20.8	26.7	51.1
1209604604	-4.84	128.75	16.4	3.68	21.8	27.3	53.1
1211605605	-4.65	126.19	16.1	3.83	23.2	28.3	55.2
1213606606	-4.43	124.00	15.7	4.01	24.5	29.1	57.3
1215607607	-4.28	121.40	15.6	4.14	25.9	30.3	59.0
1217608608	-4.13	118.72	15.5	4.28	27.5	31.5	60.6
1219609609	-3.95	116.11	15.2	4.47	29.1	32.8	62.3
1221610610	-3.80	113.10	15.2	4.64	30.9	34.4	63.8
1223611611	-3.74	110.31	15.4	4.72	32.5	36.0	64.7
1225612612	-3.63	107.19	15.5	4.86	34.5	37.8	65.8
1227613613	-3.57	103.88	16.0	4.93	36.6	39.9	66.5
1229614614	-3.57	100.99	16.6	4.93	38.5	41.9	66.7
1231615615	-3.49	98.32	16.8	5.04	40.3	43.7	67.3
1233616616	-3.43	95.32	17.3	5.13	42.5	45.9	67.9
1235617617	-3.41	92.83	17.9	5.16	44.3	47.8	68.0
1237618618	-3.36	89.99	18.4	5.23	46.5	50.0	68.4
1239619619	-3.30	87.58	18.9	5.33	48.5	52.0	68.7
1241620620	-3.21	84.86	19.3	5.48	50.8	54.4	69.2
1243621621	-3.02	82.49	19.0	5.82	53.3	56.6	70.3
1245622622	-2.81	79.51	18.9	6.23	56.5	59.5	71.5
1247623623	-2.58	76.50	18.6	6.78	59.9	62.8	72.8
1249624624	-2.33	73.12	18.2	7.49	64.1	66.7	74.1
1251625625	-2.10	69.64	17.9	8.30	68.8	71.1	75.4
1253626626	-1.87	65.30	17.9	9.32	75.0	77.1	76.6
1255627627	-1.65	61.00	17.9	10.58	82.0	83.9	77.7
1257628628	-1.48	56.61	18.5	11.74	89.9	91.8	78.4
1259629629	-1.29	51.68	19.0	13.53	100.4	102.1	79.3
1261630630	-1.16	46.68	20.7	15.04	112.7	114.6	79.6
1263631631	-1.07	41.80	23.6	16.23	127.1	129.3	79.5
1265632632	-1.04	37.16	28.5	16.77	143.7	146.5	78.8
1267633633	-1.02	32.25	36.7	16.98	165.5	169.5	77.5
1269634634	-1.07	27.37	51.7	16.25	192.3	199.1	75.0
1271635635	-1.11	22.63	75.1	15.71	226.0	238.1	71.6
1273636636	-1.18	18.22	114.8	14.74	263.3	287.2	66.4
1275637637	-1.32	14.02	184.3	13.19	292.9	346.1	57.8
1277638638	-1.45	9.76	294.8	12.04	298.8	419.8	45.4
1279639639	-1.57	5.65	427.8	11.08	231.3	486.3	28.4
1281640640	-1.70	1.58	501.5	10.23	70.1	506.4	8.0
1283641641	-1.87	-2.27	451.0	9.32	-82.3	458.4	-10.3
1285642642	-2.06	-6.17	351.0	8.45	-157.2	384.6	-24.1
1287643643	-2.26	-10.07	266.1	7.74	-177.0	319.6	-33.6
1289644644	-2.44	-13.71	208.6	7.15	-173.4	271.2	-39.7
1291645645	-2.60	-17.28	168.2	6.72	-164.2	235.1	-44.3
1293646646	-2.79	-21.00	138.0	6.27	-151.1	204.6	-47.6
1295647647	-2.99	-24.25	118.6	5.86	-138.6	182.4	-49.5
1297648648	-3.19	-27.83	102.2	5.50	-126.9	162.9	-51.1
1299649649	-3.36	-31.26	89.8	5.23	-117.4	147.8	-52.6
1301650650	-3.55	-34.96	79.2	4.96	-108.1	134.0	-53.8
1303651651	-3.71	-38.17	71.8	4.76	-100.9	123.8	-54.6
1305652652	-3.84	-41.58	65.0	4.59	-94.4	114.6	-55.4
1307653653	-3.94	-44.78	59.5	4.48	-89.2	107.2	-56.3
1309654654	-4.09	-48.10	54.9	4.33	-83.6	100.0	-56.7
1311655655	-4.20	-51.56	50.5	4.21	-78.7	93.5	-57.3
1313656656	-4.32	-54.42	47.6	4.11	-74.7	88.6	-57.5
1315657657	-4.39	-57.74	44.2	4.04	-70.9	83.5	-58.1
1317658658	-4.43	-60.54	41.5	4.01	-67.9	79.6	-58.6
1319659659	-4.48	-63.61	39.0	3.96	-64.7	75.6	-58.9
1321660660	-4.52	-66.37	36.9	3.93	-62.1	72.2	-59.3
1323661661	-4.55	-69.30	34.9	3.90	-59.4	68.9	-59.6
1325662662	-4.55	-72.01	33.0	3.90	-57.2	66.0	-60.0
1327663663	-4.56	-74.62	31.3	3.90	-55.1	63.4	-60.3
1329664664	-4.58	-77.11	30.0	3.88	-53.0	60.9	-60.5
1331665665	-4.56	-79.69	28.6	3.90	-51.1	58.6	-60.8
1333666666	-4.52	-81.97	27.3	3.93	-49.6	56.6	-61.2
1335667667	-4.52	-84.09	26.3	3.93	-48.0	54.7	-61.3
1337668668	-4.48	-86.27	25.2	3.96	-46.6	52.9	-61.6
1339669669	-4.46	-88.39	24.2	3.98	-45.2	51.3	-61.8
1341670670	-4.43	-90.34	23.4	4.01	-43.9	49.7	-62.0
1343671671	-4.42	-92.41	22.6	4.02	-42.5	48.2	-62.0
1345672672	-4.35	-94.42	21.7	4.07	-41.4	46.7	-62.3
1347673673	-4.31	-96.21	20.9	4.12	-40.3	45.4	-62.5
1349674674	-4.23	-97.89	20.1	4.18	-39.4	44.2	-62.9
1351675675	-4.22	-99.46	19.6	4.20	-38.4	43.1	-62.9
1353676676	-4.20	-101.03	19.2	4.21	-37.4	42.1	-62.9
1355677677	-4.12	-102.63	18.5	4.29	-36.6	41.0	-63.2
1357678678	-4.09	-104.30	17.9	4.33	-35.6	39.9	-63.3
1359679679	-4.03	-105.95	17.4	4.38	-34.7	38.8	-63.4
1361680680	-4.01	-107.38	17.0	4.41	-33.9	37.9	-63.4
1363681681	-3.97	-108.69	16.6	4.46	-33.2	37.1	-63.5
1365682682	-3.91	-110.08	16.1	4.52	-32.5	36.2	-63.7
1367683683	-3.86	-111.49	15.6	4.58	-31.7	35.4	-63.7
1369684684	-3.79	-112.93	15.1	4.66	-31.0	34.5	-64.0
1371685685	-3.75	-114.12	14.8	4.71	-30.4	33.8	-64.0
1373686686	-3.70	-115.32	14.4	4.77	-29.7	33.1	-64.1
1375687687	-3.67	-116.54	14.1	4.81	-29.1	32.4	-64.1
1377688688	-3.63	-117.80	13.8	4.86	-28.4	31.6	-64.1
1379689689	-3.52	-119.08	13.3	5.00	-27.8	30.8	-64.5
1381690690	-3.48	-120.11	13.0	5.06	-27.3	30.3	-64.6
1383691691	-3.44	-121.31	12.7	5.11	-26.7	29.6	-64.5
1385692692	-3.40	-122.56	12.4	5.18	-26.1	28.9	-64.5
1387693693	-3.34	-123.69	12.1	5.26	-25.5	28.3	-64.6
1389694694	-3.29	-124.65	11.8	5.34	-25.1	27.7	-64.7
1391695695	-3.24	-125.61	11.5	5.43	-24.6	27.2	-64.9
1393696696	-3.18	-126.77	11.2	5.53	-24.0	26.5	-65.0
1395697697	-3.10	-127.82	10.8	5.67	-23.5	25.9	-65.3
1397698698	-3.03	-128.73	10.6	5.78	-23.1	25.4	-65.4
1399699699	-2.97	-129.73	10.3	5.91	-22.6	24.9	-65.6
1401700700	-2.90	-130.62	10.0	6.05	-22.2	24.4	-65.9
1403701701	-2.83	-131.48	9.7	6.18	-21.8	23.9	-66.1
1405702702	-2.77	-132.29	9.4	6.32	-21.5	23.4	-66.3
1407703703	-2.72	-133.16	9.2	6.45	-21.0	23.0	-66.5
1409704704	-2.66	-133.96	8.9	6.59	-20.7	22.5	-66.7
1411705705	-2.57	-134.78	8.6	6.80	-20.3	22.0	-67.0
1413706706	-2.50	-135.51	8.3	7.01	-20.0	21.6	-67.4
1415707707	-2.45	-136.25	8.1	7.14	-19.6	21.2	-67.6
1417708708	-2.36	-136.89	7.8	7.40	-19.3	20.8	-68.1
1419709709	-2.30	-137.61	7.6	7.59	-19.0	20.4	-68.3
1421710710	-2.21	-138.23	7.2	7.89	-18.7	20.1	-68.9
1423711711	-2.16	-138.88	7.1	8.07	-18.4	19.7	-69.1
1425712712	-2.09	-139.51	6.8	8.37	-18.1	19.4	-69.5
1427713713	-2.01	-140.11	6.5	8.67	-17.9	19.0	-70.0
1429714714	-1.92	-140.69	6.2	9.09	-17.6	18.7	-70.6
1431715715	-1.86	-141.15	6.0	9.36	-17.4	18.4	-71.0
1433716716	-1.80	-141.58	5.8	9.70	-17.2	18.2	-71.5
1435717717	-1.74	-142.08	5.6	10.03	-17.0	17.9	-71.9
1437718718	-1.67	-142.58	5.4	10.41	-16.8	17.6	-72.3
1439719719	-1.63	-143.08	5.2	10.71	-16.5	17.3	-72.6
1441720720	-1.53	-143.48	4.9	11.38	-16.4	17.1	-73.4
1443721721	-1.45	-143.74	4.6	12.03	-16.2	16.9	-74.2
1445722722	-1.39	-144.06	4.4	12.51	-16.1	16.7	-74.7
1447723723	-1.36	-144.49	4.3	12.83	-15.9	16.5	-74.9
1449724724	-1.30	-144.84	4.1	13.36	-15.7	16.3	-75.3
1451725725	-1.24	-145.14	3.9	14.08	-15.6	16.1	-76.0
1453726726	-1.19	-145.43	3.7	14.63	-15.5	15.9	-76.4
1455727727	-1.14	-145.74	3.6	15.28	-15.3	15.8	-76.9
1457728728	-1.09	-145.93	3.4	15.90	-15.3	15.6	-77.3
1459729729	-1.04	-146.09	3.3	16.69	-15.2	15.5	-77.8
1461730730	-1.02	-146.56	3.2	17.03	-15.0	15.3	-77.9
1463731731	-0.97	-146.78	3.0	17.87	-14.9	15.2	-78.4
1465732732	-0.93	-146.96	2.9	18.68	-14.8	15.1	-78.9
1467733733	-0.88	-147.25	2.8	19.69	-14.7	14.9	-79.3
1469734734	-0.85	-147.38	2.7	20.39	-14.6	14.8	-79.7
1471735735	-0.84	-147.55	2.6	20.81	-14.5	14.7	-79.8
1473736736	-0.83	-147.81	2.6	21.07	-14.4	14.6	-79.9
1475737737	-0.80	-147.80	2.5	21.74	-14.4	14.6	-80.2
1477738738	-0.76	-148.06	2.4	22.96	-14.3	14.5	-80.6
1479739739	-0.71	-148.28	2.2	24.38	-14.2	14.4	-81.1
1481740740	-0.68	-148.53	2.1	25.48	-14.1	14.2	-81.4
1483741741	-0.68	-148.67	2.1	25.49	-14.0	14.2	-81.4
1485742742	-0.70	-148.89	2.2	24.76	-13.9	14.1	-81.1
1487743743	-0.67	-149.12	2.1	26.10	-13.8	13.9	-81.5
1489744744	-0.65	-149.37	2.0	26.67	-13.7	13.8	-81.6
1491745745	-0.68	-149.48	2.1	25.68	-13.6	13.8	-81.3
1493746746	-0.63	-149.80	2.0	27.42	-13.5	13.6	-81.7
1495747747	-0.63	-150.00	1.9	27.73	-13.4	13.5	-81.8
1497748748	-0.65	-150.02	2.0	26.57	-13.4	13.5	-81.4
1499749749	-0.63	-150.22	2.0	27.42	-13.3	13.4	-81.6
1501750750	-0.61	-150.61	1.9	28.46	-13.1	13.2	-81.8
1503751751	-0.62	-150.83	1.9	28.25	-13.0	13.1	-81.7
1505752752	-0.60	-151.27	1.8	28.97	-12.8	12.9	-81.8
1507753753	-0.61	-151.43	1.9	28.38	-12.7	12.9	-81.6
1509754754	-0.61	-151.86	1.9	28.57	-12.5	12.7	-81.5
1511755755	-0.61	-152.06	1.9	28.41	-12.4	12.6	-81.4
1513756756	-0.63	-152.40	1.9	27.77	-12.3	12.4	-81.2
1515757757	-0.63	-152.69	1.9	27.75	-12.1	12.3	-81.1
1517758758	-0.61	-152.96	1.8	28.67	-12.0	12.1	-81.3
1519759759	-0.61	-153.37	1.8	28.63	-11.8	12.0	-81.1
1521760760	-0.62	-153.69	1.9	28.06	-11.7	11.8	-80.9
1523761761	-0.62	-154.07	1.9	28.05	-11.5	11.6	-80.7
1525762762	-0.54	-155.11	1.6	32.10	-11.0	11.1	-81.6
1527763763	-0.51	-156.54	1.5	34.22	-10.4	10.5	-81.6
1529764764	-0.55	-155.43	1.7	31.44	-10.9	11.0	-81.3
1531765765	-0.59	-155.10	1.8	29.50	-11.0	11.2	-80.8
1533766766	-0.60	-155.50	1.8	29.13	-10.8	11.0	-80.6
1535767767	-0.57	-155.83	1.7	30.52	-10.7	10.8	-80.9
1537768768	-0.54	-156.30	1.6	32.01	-10.5	10.6	-81.2
1539769769	-0.52	-156.86	1.6	33.23	-10.2	10.3	-81.3
1541770770	-0.54	-157.33	1.6	32.00	-10.0	10.1	-80.8
1543771771	-0.55	-157.66	1.6	31.77	-9.9	10.0	-80.6
1545772772	-0.53	-157.99	1.6	32.81	-9.7	9.8	-80.8
1547773773	-0.49	-158.65	1.5	35.64	-9.4	9.5	-81.2
1549774774	-0.48	-159.09	1.4	36.07	-9.2	9.3	-81.2
1551775775	-0.50	-159.39	1.5	34.98	-9.1	9.2	-80.8
1553776776	-0.48	-159.81	1.4	35.93	-8.9	9.0	-80.8
1555777777	-0.45	-160.26	1.3	38.87	-8.7	8.8	-81.3
1557778778	-0.42	-160.78	1.3	41.02	-8.5	8.6	-81.6
1559779779	-0.41	-161.28	1.2	42.40	-8.2	8.3	-81.6
1561780780	-0.39	-161.48	1.1	45.01	-8.2	8.2	-82.0
1563781781	-0.38	-162.03	1.1	46.15	-7.9	8.0	-82.0
1565782782	-0.31	-162.59	0.9	55.58	-7.7	7.7	-83.1
1567783783	-0.27	-162.90	0.8	63.53	-7.5	7.6	-83.9
1569784784	-0.27	-163.35	0.8	64.27	-7.3	7.4	-83.8
1571785785	-0.25	-163.72	0.7	68.94	-7.1	7.2	-84.1
1573786786	-0.22	-164.26	0.7	77.27	-6.9	6.9	-84.5
1575787787	-0.18	-164.29	0.5	97.14	-6.9	6.9	-85.7
1577788788	-0.14	-164.70	0.4	127.72	-6.7	6.7	-86.6
1579789789	-0.11	-165.20	0.3	151.21	-6.5	6.5	-87.0
1581790790	-0.07	-165.55	0.2	234.94	-6.3	6.3	-88.0
1583791791	-0.03	-165.78	0.1	609.76	-6.2	6.2	-89.2
1585792792	0.00	-166.19	0.0	?	-6.1	6.1	-90.0
1587793793	0.00	-166.70	0.0	?	-5.8	5.8	-90.0
1589794794	0.00	-166.84	0.0	?	-5.8	5.8	-90.0
1591795795	0.00	-167.19	0.0	?	-5.6	5.6	-90.0
1593796796	0.00	-167.55	0.0	?	-5.5	5.5	-90.0
1595797797	0.00	-167.70	0.0	?	-5.4	5.4	-90.0
1597798798	0.00	-167.96	0.0	?	-5.3	5.3	-90.0
1599799799	0.00	-168.37	0.0	?	-5.1	5.1	-90.0
1601800800	0.00	-168.72	0.0	?	-4.9	4.9	-90.0
1603801801	0.00	-169.05	0.0	?	-4.8	4.8	-90.0
1605802802	0.00	-169.33	0.0	?	-4.7	4.7	-90.0
1607803803	0.00	-169.53	0.0	?	-4.6	4.6	-90.0
1609804804	0.00	-170.01	0.0	?	-4.4	4.4	-90.0
1611805805	0.00	-170.30	0.0	?	-4.2	4.2	-90.0
1613806806	0.00	-170.53	0.0	?	-4.1	4.1	-90.0
1615807807	0.00	-171.12	0.0	?	-3.9	3.9	-90.0
1617808808	0.00	-171.46	0.0	?	-3.7	3.7	-90.0
1619809809	0.00	-172.06	0.0	?	-3.5	3.5	-90.0
1621810810	0.00	-172.38	0.0	?	-3.3	3.3	-90.0
1623811811	0.00	-172.39	0.0	?	-3.3	3.3	-90.0
1625812812	0.00	-172.84	0.0	?	-3.1	3.1	-90.0
1627813813	0.00	-173.29	0.0	?	-2.9	2.9	-90.0
1629814814	0.00	-173.72	0.0	?	-2.7	2.7	-90.0
1631815815	0.00	-174.09	0.0	?	-2.6	2.6	-90.0
1633816816	0.00	-174.55	0.0	?	-2.4	2.4	-90.0
1635817817	0.00	-175.17	0.0	?	-2.1	2.1	-90.0
1637818818	0.00	-175.47	0.0	?	-2.0	2.0	-90.0
1639819819	0.00	-175.97	0.0	?	-1.8	1.8	-90.0
1641820820	0.00	-176.41	0.0	?	-1.6	1.6	-90.0
1643821821	0.00	-177.03	0.0	?	-1.3	1.3	-90.0
1645822822	0.00	-177.38	0.0	?	-1.1	1.1	-90.0
1647823823	0.00	-177.89	0.0	?	-0.9	0.9	-90.0
1649824824	0.00	-178.55	0.0	?	-0.6	0.6	-90.0
1651825825	0.00	-178.64	0.0	?	-0.6	0.6	-90.0
1653826826	0.00	-179.31	0.0	?	-0.3	0.3	-90.0
1655827827	0.00	-179.88	0.0	?	-0.1	0.1	-90.0
1657828828	0.00	179.39	0.0	?	0.3	0.3	90.0
1659829829	0.00	178.89	0.0	?	0.5	0.5	90.0
1661830830	0.00	178.51	0.0	?	0.7	0.7	90.0
1663831831	0.00	177.72	0.0	?	1.0	1.0	90.0
1665832832	0.00	177.38	0.0	?	1.1	1.1	90.0
1667833833	0.00	176.77	0.0	?	1.4	1.4	90.0
1669834834	0.00	175.97	0.0	?	1.8	1.8	90.0
1671835835	0.00	175.12	0.0	?	2.1	2.1	90.0
1673836836	0.00	174.41	0.0	?	2.4	2.4	90.0
1675837837	0.00	173.42	0.0	?	2.9	2.9	90.0
1677838838	0.00	172.53	0.0	?	3.3	3.3	90.0
1679839839	0.00	172.19	0.0	?	3.4	3.4	90.0
1681840840	0.00	171.38	0.0	?	3.8	3.8	90.0
1683841841	0.00	170.60	0.0	?	4.1	4.1	90.0
1685842842	0.00	169.67	0.0	?	4.5	4.5	90.0
1687843843	0.00	168.92	0.0	?	4.8	4.8	90.0
1689844844	0.00	167.84	0.0	?	5.3	5.3	90.0
1691845845	0.00	166.89	0.0	?	5.7	5.7	90.0
1693846846	0.00	165.96	0.0	?	6.2	6.2	90.0
1695847847	0.00	165.19	0.0	?	6.5	6.5	90.0
1697848848	0.00	164.43	0.0	?	6.8	6.8	90.0
1699849849	0.00	163.54	0.0	?	7.2	7.2	90.0
1701850850	0.00	162.34	0.0	?	7.8	7.8	90.0
1703851851	0.00	161.62	0.0	?	8.1	8.1	90.0
1705852852	0.00	160.48	0.0	?	8.6	8.6	90.0
1707853853	0.00	159.56	0.0	?	9.0	9.0	90.0
1709854854	0.00	158.86	0.0	?	9.3	9.3	90.0
1711855855	0.00	158.15	0.0	?	9.7	9.7	90.0
1713856856	0.00	157.44	0.0	?	10.0	10.0	90.0
1715857857	0.00	156.39	0.0	?	10.5	10.5	90.0
1717858858	0.00	156.07	0.0	?	10.6	10.6	90.0
1719859859	0.00	155.57	0.0	?	10.8	10.8	90.0
1721860860	0.00	155.13	0.0	?	11.0	11.0	90.0
1723861861	0.00	154.64	0.0	?	11.3	11.3	90.0
1725862862	0.00	154.62	0.0	?	11.3	11.3	90.0
1727863863	0.00	154.15	0.0	?	11.5	11.5	90.0
1729864864	0.00	153.65	0.0	?	11.7	11.7	90.0
1731865865	0.00	153.31	0.0	?	11.9	11.9	90.0
1733866866	0.00	152.59	0.0	?	12.2	12.2	90.0
1735867867	0.00	151.17	0.0	?	12.9	12.9	90.0
1737868868	0.00	150.61	0.0	?	13.1	13.1	90.0
1739869869	0.00	149.69	0.0	?	13.5	13.5	90.0
1741870870	0.00	148.78	0.0	?	14.0	14.0	90.0
1743871871	0.00	147.52	0.0	?	14.6	14.6	90.0
1745872872	0.00	145.63	0.0	?	15.5	15.5	90.0
1747873873	0.00	144.24	0.0	?	16.1	16.1	90.0
1749874874	0.00	143.13	0.0	?	16.7	16.7	90.0
1751875875	0.00	141.25	0.0	?	17.6	17.6	90.0
1753876876	0.00	139.63	0.0	?	18.4	18.4	90.0
1755877877	0.00	138.21	0.0	?	19.1	19.1	90.0
1757878878	0.00	136.12	0.0	?	20.1	20.1	90.0
1759879879	0.00	134.42	0.0	?	21.0	21.0	90.0
1761880880	0.00	132.68	0.0	?	21.9	21.9	90.0
1763881881	0.00	131.22	0.0	?	22.7	22.7	90.0
1765882882	0.00	129.38	0.0	?	23.6	23.6	90.0
1767883883	0.00	127.35	0.0	?	24.7	24.7	90.0
1769884884	0.00	125.82	0.0	?	25.6	25.6	90.0
1771885885	0.00	124.25	0.0	?	26.4	26.4	90.0
1773886886	0.00	121.91	0.0	?	27.8	27.8	90.0
1775887887	0.00	120.02	0.0	?	28.9	28.9	90.0
1777888888	0.00	118.65	0.0	?	29.7	29.7	90.0
1779889889	0.00	116.42	0.0	?	31.0	31.0	90.0
1781890890	0.00	114.39	0.0	?	32.2	32.2	90.0
1783891891	0.00	112.79	0.0	?	33.2	33.2	90.0
1785892892	0.00	110.93	0.0	?	34.4	34.4	90.0
1787893893	0.00	109.23	0.0	?	35.5	35.5	90.0
1789894894	0.00	107.27	0.0	?	36.8	36.8	90.0
1791895895	0.00	105.19	0.0	?	38.2	38.2	90.0
1793896896	0.00	103.87	0.0	?	39.2	39.2	90.0
1795897897	0.00	101.35	0.0	?	41.0	41.0	90.0
1797898898	0.00	99.77	0.0	?	42.1	42.1	90.0
1799899899	0.00	98.04	0.0	?	43.4	43.4	90.0
1801900900	0.00	96.10	0.0	?	44.9	44.9	90.0
1803901901	0.00	94.00	0.0	?	46.6	46.6	90.0
1805902902	0.00	92.40	0.0	?	48.0	48.0	90.0
1807903903	0.00	90.32	0.0	?	49.7	49.7	90.0
1809904904	0.00	88.07	0.0	?	51.7	51.7	90.0
1811905905	0.00	86.18	0.0	?	53.4	53.4	90.0
1813906906	0.00	84.27	0.0	?	55.3	55.3	90.0
1815907907	0.00	82.87	0.0	?	56.6	56.6	90.0
1817908908	0.00	80.80	0.0	?	58.7	58.7	90.0
1819909909	0.00	78.55	0.0	?	61.1	61.1	90.0
1821910910	-0.17	76.48	1.3	103.33	63.4	63.4	88.9
1823911911	-0.39	74.43	3.1	44.56	65.8	65.8	87.3
1825912912	-0.64	72.52	5.2	27.31	67.9	68.1	85.6
1827913913	-0.89	70.20	7.7	19.53	70.6	71.0	83.8
1829914914	-1.15	68.23	10.4	15.18	72.8	73.5	81.9
1831915915	-1.37	66.24	13.0	12.67	75.1	76.2	80.2
1833916916	-1.63	63.70	16.4	10.71	78.0	79.7	78.1
1835917917	-1.91	61.43	20.3	9.12	80.4	82.9	75.8
1837918918	-2.14	59.34	23.9	8.17	82.6	86.0	73.9
1839919919	-2.35	56.78	28.0	7.43	85.5	90.0	71.8
1841920920	-2.59	54.60	32.5	6.76	87.6	93.4	69.6
1843921921	-2.78	52.00	37.3	6.31	90.4	97.8	67.6
1845922922	-3.05	50.18	42.5	5.75	91.0	100.4	65.0
1847923923	-3.29	47.94	48.2	5.34	92.1	104.0	62.4
1849924924	-3.53	44.88	55.7	4.99	94.0	109.3	59.4
1851925925	-3.78	42.50	62.5	4.67	94.2	113.0	56.4
1853926926	-3.87	39.93	68.9	4.56	96.1	118.2	54.3
1855927927	-4.14	37.50	76.7	4.28	94.5	121.7	50.9
1857928928	-4.29	34.57	85.4	4.14	94.3	127.2	47.8
1859929929	-4.46	32.03	93.4	3.98	92.4	131.4	44.7
1861930930	-4.59	29.58	101.3	3.88	90.4	135.8	41.8
1863931931	-4.83	27.05	109.2	3.69	84.7	138.2	37.8
1865932932	-4.93	23.80	119.5	3.62	80.5	144.0	34.0
1867933933	-5.06	21.34	126.7	3.53	74.8	147.1	30.5
1869934934	-5.12	18.62	135.0	3.49	69.0	151.6	27.1
1871935935	-5.27	16.28	140.2	3.40	61.0	152.9	23.5
1873936936	-5.36	13.48	146.7	3.35	52.1	155.6	19.5
1875937937	-5.41	10.33	153.3	3.31	41.4	158.8	15.1
1877938938	-5.57	8.19	153.9	3.22	31.9	157.1	11.7
1879939939	-5.68	5.58	155.0	3.17	21.5	156.5	7.9
1881940940	-5.77	2.68	155.4	3.12	10.2	155.7	3.8
1883941941	-5.79	-0.08	155.5	3.11	-0.3	155.5	-0.1
1885942942	-5.86	-2.81	153.0	3.08	-10.3	153.4	-3.9
1887943943	-5.91	-5.47	149.8	3.05	-19.5	151.0	-7.4
1889944944	-5.99	-8.11	144.8	3.01	-27.4	147.4	-10.7
1891945945	-6.10	-10.47	139.2	2.96	-33.2	143.1	-13.4
1893946946	-6.09	-13.17	134.5	2.97	-40.3	140.4	-16.7
1895947947	-6.19	-15.77	128.0	2.92	-44.9	135.7	-19.3
1897948948	-6.30	-18.39	121.3	2.88	-48.4	130.6	-21.7
1899949949	-6.32	-20.77	116.2	2.87	-52.0	127.3	-24.1
1901950950	-6.35	-23.01	111.1	2.86	-54.4	123.8	-26.1
1903951951	-6.49	-25.53	104.9	2.80	-55.3	118.6	-27.8
1905952952	-6.64	-28.19	98.9	2.74	-55.5	113.4	-29.3
1907953953	-6.79	-30.04	94.8	2.69	-55.0	109.6	-30.1
1909954954	-6.95	-31.13	92.2	2.63	-53.7	106.7	-30.2
1911955955	-7.10	-32.68	89.1	2.58	-52.7	103.6	-30.6
1913956956	-7.27	-34.59	85.6	2.53	-51.8	100.0	-31.2
1915957957	-7.36	-34.98	84.8	2.50	-51.0	99.0	-31.0
1917958958	-7.44	-35.81	83.4	2.48	-50.6	97.5	-31.2
1919959959	-7.45	-35.71	83.5	2.47	-50.4	97.6	-31.1
1921960960	-7.40	-35.47	84.0	2.49	-50.8	98.1	-31.2
1923961961	-7.32	-35.56	84.0	2.51	-51.6	98.6	-31.6
1925962962	-7.15	-35.08	85.1	2.56	-53.2	100.4	-32.0
1927963963	-7.02	-35.40	84.9	2.61	-54.7	101.0	-32.8
1929964964	-6.83	-35.62	84.9	2.67	-56.8	102.1	-33.8
1931965965	-6.62	-36.52	83.6	2.75	-59.4	102.5	-35.4
1933966966	-6.45	-37.73	81.7	2.82	-61.5	102.2	-37.0
1935967967	-6.25	-38.45	80.4	2.90	-63.8	102.7	-38.4
1937968968	-6.06	-39.06	79.2	2.98	-66.1	103.2	-39.8
1939969969	-5.85	-39.95	77.4	3.08	-68.5	103.3	-41.5
1941970970	-5.67	-40.94	75.2	3.17	-70.4	103.0	-43.1
1943971971	-5.52	-42.45	72.1	3.25	-71.7	101.7	-44.8
1945972972	-5.37	-43.42	69.9	3.34	-72.9	101.0	-46.2
1947973973	-5.21	-44.48	67.5	3.43	-74.2	100.3	-47.7
1949974974	-5.09	-45.33	65.5	3.51	-75.1	99.6	-48.9
1951975975	-4.92	-46.25	63.1	3.62	-76.3	99.0	-50.4
1953976976	-4.81	-47.53	60.4	3.70	-76.5	97.5	-51.7
1955977977	-4.72	-48.73	58.0	3.77	-76.4	96.0	-52.8
1957978978	-4.59	-49.75	55.7	3.87	-76.8	94.9	-54.0
1959979979	-4.42	-51.42	52.2	4.02	-76.9	92.9	-55.8
1961980980	-4.32	-51.94	50.8	4.11	-77.2	92.5	-56.7
1963981981	-4.19	-52.73	48.9	4.22	-77.5	91.7	-57.8
1965982982	-4.09	-54.04	46.4	4.33	-77.0	89.9	-58.9
1967983983	-3.98	-54.79	44.7	4.45	-77.1	89.1	-59.9
1969984984	-3.89	-55.51	43.2	4.54	-76.9	88.2	-60.7
1971985985	-3.85	-55.99	42.3	4.59	-76.7	87.6	-61.1
1973986986	-3.71	-57.13	40.1	4.75	-76.4	86.2	-62.3
1975987987	-3.56	-57.92	38.0	4.95	-76.5	85.4	-63.6
1977988988	-3.47	-58.33	36.9	5.07	-76.6	85.0	-64.3
1979989989	-3.45	-59.21	35.9	5.10	-75.6	83.7	-64.6
1981990990	-3.45	-60.00	35.2	5.10	-74.7	82.5	-64.8
1983991991	-3.30	-61.08	33.0	5.33	-74.3	81.3	-66.0
1985992992	-3.22	-61.67	31.9	5.45	-74.0	80.5	-66.7
1987993993	-3.18	-61.92	31.3	5.53	-73.9	80.3	-67.0
1989994994	-3.07	-62.64	29.9	5.72	-73.6	79.4	-67.9
1991995995	-3.05	-63.10	29.4	5.75	-73.1	78.8	-68.1
1993996996	-3.00	-63.87	28.4	5.85	-72.4	77.8	-68.6
1995997997	-2.92	-64.55	27.3	6.01	-72.0	77.0	-69.2
1997998998	-2.92	-65.13	26.9	6.01	-71.3	76.2	-69.3
1999999999	-2.86	-65.82	26.0	6.13	-70.7	75.3	-69.8
