1000000	-0.94	89.64	5.4	18.53	50.0	50.3	83.8
3001001	0.00	84.30	0.0	?	55.2	55.2	90.0
5002002	0.00	78.60	0.0	?	61.1	61.1	90.0
7003003	0.00	74.31	0.0	?	66.0	66.0	90.0
9004004	0.00	70.62	0.0	?	70.6	70.6	90.0
11005005	0.00	68.46	0.0	?	73.5	73.5	90.0
13006006	-0.02	66.25	0.2	713.19	76.6	76.6	89.8
15007007	-0.24	63.34	2.5	73.81	81.0	81.0	88.3
17008008	-0.30	61.64	3.3	57.22	83.7	83.8	87.7
19009009	-0.40	59.89	4.7	42.93	86.6	86.7	86.9
21010010	-0.46	58.20	5.6	37.65	89.6	89.7	86.4
23011011	-0.52	56.61	6.6	33.54	92.5	92.7	85.9
25012012	-0.57	55.11	7.6	30.57	95.3	95.6	85.4
27013013	-0.60	53.67	8.4	28.97	98.3	98.6	85.1
29014014	-0.63	52.25	9.3	27.58	101.3	101.7	84.8
31015015	-0.66	50.98	10.1	26.52	104.1	104.6	84.4
33016016	-0.67	49.76	10.8	25.87	106.9	107.5	84.2
35017017	-0.68	48.63	11.5	25.55	109.7	110.3	84.0
37018018	-0.68	47.52	11.9	25.75	112.5	113.2	84.0
39019019	-0.66	46.40	12.2	26.28	115.6	116.2	84.0
41020020	-0.66	45.31	12.6	26.50	118.6	119.3	83.9
43021021	-0.66	44.22	13.2	26.45	121.8	122.6	83.8
45022022	-0.67	43.29	14.0	25.99	124.6	125.4	83.6
47023023	-0.67	42.34	14.7	25.89	127.6	128.5	83.4
49024024	-0.68	41.53	15.4	25.61	130.3	131.2	83.3
51025025	-0.68	40.71	16.1	25.39	133.1	134.0	83.1
53026026	-0.69	39.92	16.9	25.14	135.8	136.9	82.9
55027027	-0.72	39.14	18.1	24.27	138.6	139.7	82.5
57028028	-0.72	38.42	19.0	24.01	141.2	142.5	82.4
59029029	-0.75	37.72	20.2	23.33	143.8	145.2	82.0
61030030	-0.77	37.07	21.6	22.48	146.2	147.8	81.6
63031031	-0.81	36.39	23.4	21.53	148.8	150.6	81.1
65032032	-0.84	35.75	25.1	20.68	151.3	153.3	80.6
67033033	-0.89	35.07	27.4	19.56	153.8	156.2	79.9
69034034	-0.93	34.45	29.6	18.69	156.2	159.0	79.3
71035035	-0.98	33.77	32.4	17.66	158.7	161.9	78.4
73036036	-1.04	33.07	35.5	16.70	161.3	165.1	77.6
75037037	-1.11	32.37	39.0	15.74	163.7	168.3	76.6
77038038	-1.16	31.67	42.5	14.96	166.3	171.6	75.7
79039039	-1.24	30.95	46.9	14.04	168.5	174.9	74.4
81040040	-1.30	30.24	51.1	13.34	170.8	178.3	73.3
83041041	-1.39	29.46	56.5	12.53	173.0	182.0	71.9
85042042	-1.47	28.68	62.0	11.84	175.1	185.7	70.5
87043043	-1.54	27.89	67.6	11.29	177.3	189.7	69.1
89044044	-1.62	27.00	74.1	10.78	179.6	194.3	67.6
91045045	-1.70	26.08	81.3	10.26	181.7	199.0	65.9
93046046	-1.78	25.15	89.2	9.77	183.3	203.8	64.0
95047047	-1.87	24.21	97.6	9.31	184.3	208.5	62.1
97048048	-1.95	23.28	106.2	8.92	184.9	213.3	60.1
99049049	-2.02	22.22	115.7	8.64	186.5	219.4	58.2
101050050	-2.08	21.01	126.8	8.39	188.2	226.9	56.0
103051051	-2.15	19.83	138.9	8.11	188.2	233.9	53.6
105052052	-2.22	18.52	152.8	7.85	187.4	241.7	50.8
107053053	-2.30	17.29	166.5	7.59	184.6	248.6	47.9
109054054	-2.38	15.94	182.0	7.35	180.2	256.1	44.7
111055055	-2.44	14.67	196.8	7.16	174.9	263.3	41.6
113056056	-2.51	13.27	213.2	6.98	167.1	270.9	38.1
115057057	-2.58	11.85	229.4	6.79	156.5	277.7	34.3
117058058	-2.63	10.34	246.3	6.66	144.0	285.4	30.3
119059059	-2.68	8.78	262.4	6.53	127.7	291.8	26.0
121060060	-2.73	7.16	277.6	6.43	108.5	298.1	21.3
123061061	-2.78	5.50	289.4	6.30	85.2	301.7	16.4
125062062	-2.82	3.82	298.2	6.21	60.1	304.2	11.4
127063063	-2.87	2.08	301.8	6.11	32.5	303.5	6.1
129064064	-2.90	0.37	302.1	6.04	5.7	302.1	1.1
131065065	-2.94	-1.43	297.0	5.97	-21.4	297.8	-4.1
133066066	-2.96	-3.26	288.1	5.92	-47.2	292.0	-9.3
135067067	-2.98	-5.10	276.0	5.89	-70.1	284.7	-14.2
137068068	-2.98	-7.00	261.3	5.88	-90.9	276.7	-19.2
139069069	-2.98	-8.94	244.1	5.88	-108.3	267.1	-23.9
141070070	-2.98	-10.95	225.3	5.88	-122.3	256.3	-28.5
143071071	-2.97	-12.96	206.3	5.91	-132.8	245.4	-32.8
145072072	-2.96	-15.02	187.2	5.93	-139.7	233.5	-36.7
147073073	-2.94	-17.19	168.3	5.97	-144.4	221.7	-40.6
149074074	-2.91	-19.40	150.4	6.03	-146.5	210.0	-44.2
151075075	-2.88	-21.63	134.1	6.09	-146.4	198.6	-47.5
153076076	-2.85	-23.91	119.2	6.16	-144.8	187.5	-50.5
155077077	-2.81	-26.25	105.5	6.24	-142.0	176.9	-53.4
157078078	-2.76	-28.57	93.6	6.34	-138.4	167.1	-55.9
159079079	-2.72	-30.98	82.9	6.43	-133.9	157.5	-58.2
161080080	-2.69	-33.44	73.6	6.50	-128.7	148.3	-60.2
163081081	-2.66	-36.00	65.3	6.58	-123.3	139.6	-62.1
165082082	-2.64	-38.44	58.5	6.64	-118.1	131.8	-63.6
167083083	-2.60	-40.80	52.7	6.73	-113.4	125.0	-65.1
169084084	-2.56	-43.07	47.7	6.84	-109.0	119.0	-66.4
171085085	-2.50	-45.45	42.9	7.00	-104.8	113.2	-67.8
173086086	-2.42	-47.88	38.3	7.22	-100.7	107.7	-69.2
175087087	-2.35	-50.54	34.1	7.44	-96.2	102.1	-70.5
177088088	-2.27	-53.36	30.2	7.70	-91.7	96.5	-71.8
179089089	-2.20	-56.28	26.8	7.93	-87.2	91.2	-72.9
181090090	-2.14	-59.36	23.9	8.15	-82.6	86.0	-73.9
183091091	-2.08	-62.55	21.3	8.38	-78.1	81.0	-74.7
185092092	-2.06	-65.97	19.2	8.49	-73.5	76.0	-75.3
187093093	-2.05	-69.58	17.6	8.51	-69.0	71.2	-75.7
189094094	-2.03	-73.20	16.0	8.58	-64.8	66.8	-76.1
191095095	-2.01	-77.05	14.5	8.69	-60.7	62.4	-76.5
193096096	-1.98	-81.30	13.1	8.81	-56.5	58.0	-76.9
195097097	-1.93	-86.14	11.7	9.02	-52.1	53.4	-77.3
197098098	-1.91	-91.82	10.5	9.14	-47.3	48.5	-77.5
199099099	-1.95	-98.39	9.7	8.96	-42.2	43.3	-77.1
201100100	-2.04	-105.55	9.1	8.55	-37.2	38.3	-76.2
203101101	-2.16	-113.38	8.8	8.08	-32.1	33.3	-74.7
205102102	-2.32	-122.67	8.6	7.54	-26.7	28.1	-72.2
207103103	-2.55	-132.77	8.6	6.86	-21.3	23.0	-67.9
209104104	-2.85	-144.17	9.0	6.14	-15.7	18.1	-60.2
211105105	-3.25	-156.86	9.6	5.40	-9.9	13.8	-45.7
213106106	-3.78	-171.39	10.8	4.67	-3.6	11.4	-18.4
215107107	-4.45	172.43	12.6	3.99	3.1	13.0	13.8
217108108	-5.13	154.47	15.0	3.48	10.4	18.2	34.6
219109109	-5.72	135.21	18.3	3.15	18.2	25.8	44.9
221110110	-6.03	115.81	22.3	2.99	26.7	34.8	50.1
223111111	-6.01	97.60	27.1	3.01	35.9	45.0	53.0
225112112	-5.75	81.53	32.9	3.13	45.8	56.4	54.3
227113113	-5.35	68.42	39.6	3.35	56.1	68.7	54.8
229114114	-4.86	57.50	47.2	3.67	67.7	82.5	55.1
231115115	-4.31	48.10	56.5	4.11	81.3	99.0	55.2
233116116	-3.81	39.48	69.4	4.64	97.6	119.8	54.6
235117117	-3.40	31.96	87.6	5.18	115.5	145.0	52.8
237118118	-3.06	25.37	112.9	5.74	134.7	175.8	50.0
239119119	-2.76	19.19	151.7	6.35	154.5	216.5	45.5
241120120	-2.55	13.48	209.8	6.86	164.2	266.4	38.0
243121121	-2.39	8.17	288.9	7.32	147.4	324.3	27.0
245122122	-2.25	3.36	369.0	7.76	82.5	378.1	12.6
247123123	-2.16	-1.16	402.3	8.10	-32.5	403.6	-4.6
249124124	-2.08	-5.29	365.8	8.40	-139.6	391.5	-20.9
251125125	-2.03	-9.40	288.6	8.59	-199.6	350.8	-34.7
253126126	-2.00	-13.08	220.9	8.73	-215.3	308.5	-44.3
255127127	-1.97	-16.44	171.4	8.87	-212.4	272.9	-51.1
257128128	-1.93	-19.70	134.4	9.05	-202.5	243.0	-56.4
259129129	-1.88	-22.88	106.8	9.27	-190.1	218.1	-60.7
261130130	-1.85	-26.09	86.1	9.42	-176.4	196.3	-64.0
263131131	-1.83	-29.08	71.5	9.53	-163.8	178.8	-66.4
265132132	-1.79	-31.85	60.4	9.72	-153.5	164.9	-68.5
267133133	-1.74	-34.52	51.4	10.01	-144.4	153.3	-70.4
269134134	-1.68	-37.26	43.6	10.38	-135.8	142.7	-72.2
271135135	-1.63	-39.90	37.7	10.70	-128.1	133.5	-73.6
273136136	-1.56	-42.41	32.6	11.14	-121.3	125.6	-75.0
275137137	-1.50	-45.02	28.1	11.65	-114.8	118.2	-76.3
277138138	-1.44	-47.55	24.6	12.08	-108.9	111.6	-77.3
279139139	-1.39	-50.07	21.7	12.51	-103.3	105.6	-78.1
281140140	-1.35	-52.44	19.4	12.87	-98.5	100.4	-78.8
283141141	-1.32	-54.79	17.5	13.23	-93.9	95.5	-79.5
285142142	-1.26	-57.11	15.6	13.77	-89.8	91.1	-80.1
287143143	-1.22	-59.27	14.1	14.25	-86.1	87.3	-80.7
289144144	-1.18	-61.37	12.9	14.70	-82.8	83.8	-81.2
291145145	-1.14	-63.47	11.7	15.29	-79.6	80.5	-81.6
293146146	-1.10	-65.46	10.7	15.77	-76.7	77.5	-82.0
295147147	-1.08	-67.44	10.0	16.13	-74.0	74.7	-82.3
297148148	-1.05	-69.42	9.2	16.57	-71.4	72.0	-82.6
299149149	-1.03	-71.25	8.7	16.90	-69.1	69.6	-82.9
301150150	-1.00	-72.98	8.1	17.43	-67.0	67.5	-83.1
303151151	-0.99	-74.70	7.7	17.49	-64.9	65.4	-83.2
305152152	-0.98	-76.44	7.4	17.66	-63.0	63.4	-83.3
307153153	-0.97	-78.06	7.0	17.95	-61.2	61.6	-83.5
309154154	-0.97	-79.64	6.8	17.98	-59.5	59.9	-83.5
311155155	-0.97	-81.25	6.5	17.96	-57.9	58.2	-83.6
313156156	-0.96	-82.76	6.3	18.15	-56.4	56.7	-83.6
315157157	-0.96	-84.16	6.1	18.09	-55.0	55.3	-83.6
317158158	-0.96	-85.59	6.0	18.05	-53.6	54.0	-83.6
319159159	-0.95	-86.96	5.7	18.31	-52.4	52.7	-83.7
321160160	-0.90	-88.30	5.3	19.29	-51.2	51.5	-84.1
323161161	-0.88	-89.74	5.1	19.74	-50.0	50.2	-84.2
325162162	-0.87	-91.17	4.9	20.07	-48.7	49.0	-84.3
327163163	-0.85	-92.71	4.6	20.52	-47.5	47.7	-84.4
329164164	-0.83	-94.25	4.5	20.84	-46.2	46.4	-84.5
331165165	-0.83	-95.73	4.3	21.04	-45.0	45.3	-84.5
333166166	-0.81	-97.32	4.1	21.44	-43.8	44.0	-84.6
335167167	-0.81	-98.87	4.1	21.36	-42.6	42.8	-84.6
337168168	-0.81	-100.33	3.9	21.46	-41.6	41.7	-84.6
339169169	-0.82	-101.88	3.9	21.21	-40.4	40.6	-84.5
341170170	-0.83	-103.50	3.9	20.92	-39.3	39.5	-84.4
343171171	-0.84	-105.10	3.8	20.79	-38.2	38.3	-84.3
345172172	-0.85	-106.64	3.8	20.53	-37.1	37.3	-84.2
347173173	-0.85	-108.12	3.7	20.37	-36.1	36.3	-84.1
349174174	-0.85	-109.69	3.7	20.38	-35.1	35.3	-84.0
351175175	-0.87	-111.30	3.7	20.04	-34.0	34.2	-83.9
353176176	-0.87	-112.87	3.6	19.90	-33.1	33.2	-83.8
355177177	-0.89	-114.33	3.6	19.55	-32.1	32.3	-83.6
357178178	-0.90	-115.88	3.6	19.39	-31.2	31.4	-83.4
359179179	-0.91	-117.49	3.6	19.15	-30.2	30.4	-83.3
361180180	-0.92	-119.04	3.5	18.96	-29.3	29.5	-83.1
363181181	-0.92	-120.58	3.5	18.81	-28.4	28.6	-82.9
365182182	-0.93	-122.11	3.5	18.67	-27.5	27.8	-82.8
367183183	-0.94	-123.69	3.5	18.47	-26.7	26.9	-82.6
369184184	-0.94	-125.21	3.4	18.51	-25.8	26.0	-82.4
371185185	-0.95	-126.70	3.4	18.38	-25.0	25.2	-82.3
373186186	-0.94	-128.19	3.3	18.45	-24.2	24.4	-82.1
375187187	-0.95	-129.68	3.3	18.40	-23.4	23.6	-81.9
377188188	-0.95	-131.12	3.3	18.38	-22.6	22.9	-81.8
379189189	-0.94	-132.54	3.2	18.44	-21.9	22.1	-81.6
381190190	-0.93	-133.91	3.2	18.65	-21.2	21.4	-81.5
383191191	-0.93	-135.34	3.1	18.70	-20.5	20.7	-81.3
385192192	-0.92	-136.72	3.1	18.95	-19.8	20.0	-81.2
387193193	-0.91	-138.11	3.0	19.14	-19.1	19.3	-81.1
389194194	-0.91	-139.49	3.0	19.09	-18.4	18.6	-80.8
391195195	-0.90	-140.77	2.9	19.25	-17.8	18.0	-80.6
393196196	-0.89	-142.04	2.9	19.45	-17.1	17.4	-80.5
395197197	-0.89	-143.28	2.8	19.55	-16.5	16.8	-80.3
397198198	-0.87	-144.65	2.8	19.90	-15.9	16.1	-80.1
399199199	-0.86	-145.82	2.7	20.21	-15.3	15.6	-80.0
401200200	-0.85	-146.99	2.7	20.34	-14.8	15.0	-79.7
403201201	-0.85	-148.21	2.6	20.48	-14.2	14.4	-79.5
405202202	-0.84	-149.33	2.6	20.57	-13.7	13.9	-79.2
407203203	-0.84	-150.52	2.6	20.69	-13.1	13.4	-78.9
409204204	-0.84	-151.63	2.6	20.75	-12.6	12.9	-78.5
411205205	-0.83	-152.74	2.5	20.92	-12.1	12.4	-78.2
413206206	-0.83	-153.77	2.5	20.89	-11.6	11.9	-77.8
415207207	-0.84	-154.87	2.5	20.67	-11.1	11.4	-77.1
417208208	-0.84	-155.91	2.5	20.68	-10.6	10.9	-76.6
419209209	-0.84	-156.90	2.5	20.63	-10.2	10.5	-76.1
421210210	-0.85	-157.92	2.5	20.41	-9.7	10.1	-75.4
423211211	-0.86	-158.89	2.6	20.26	-9.3	9.6	-74.6
425212212	-0.87	-159.85	2.6	19.99	-8.9	9.2	-73.8
427213213	-0.89	-160.86	2.6	19.47	-8.4	8.8	-72.6
429214214	-0.90	-161.81	2.7	19.23	-8.0	8.4	-71.5
431215215	-0.92	-162.77	2.7	18.85	-7.6	8.0	-70.2
433216216	-0.94	-163.71	2.8	18.43	-7.1	7.7	-68.8
435217217	-0.96	-164.64	2.8	18.10	-6.7	7.3	-67.3
437218218	-0.98	-165.54	2.9	17.70	-6.3	6.9	-65.6
439219219	-1.01	-166.49	2.9	17.28	-5.9	6.6	-63.6
441220220	-1.03	-167.39	3.0	16.82	-5.5	6.3	-61.3
443221221	-1.06	-168.31	3.1	16.46	-5.1	6.0	-59.0
445222222	-1.09	-169.25	3.1	16.03	-4.7	5.6	-56.1
447223223	-1.11	-170.17	3.2	15.68	-4.3	5.4	-53.1
449224224	-1.15	-171.08	3.3	15.16	-3.9	5.1	-49.5
451225225	-1.17	-172.08	3.4	14.91	-3.4	4.8	-45.6
453226226	-1.19	-172.96	3.4	14.65	-3.1	4.6	-41.8
455227227	-1.22	-173.90	3.5	14.22	-2.7	4.4	-36.9
457228228	-1.25	-174.89	3.6	13.87	-2.2	4.2	-31.6
459229229	-1.28	-175.90	3.7	13.62	-1.8	4.1	-25.8
461230230	-1.31	-176.86	3.8	13.33	-1.4	4.0	-19.9
463231231	-1.33	-177.83	3.8	13.05	-0.9	3.9	-13.8
465232232	-1.36	-178.85	3.9	12.83	-0.5	3.9	-7.3
467233233	-1.38	-179.80	4.0	12.61	-0.1	4.0	-1.2
469234234	-1.40	179.13	4.0	12.40	0.4	4.1	5.3
471235235	-1.43	178.10	4.1	12.18	0.8	4.2	11.4
473236236	-1.45	177.05	4.2	12.03	1.3	4.4	17.1
475237237	-1.46	176.01	4.2	11.91	1.7	4.5	22.4
477238238	-1.48	175.01	4.3	11.75	2.2	4.8	26.9
479239239	-1.49	174.00	4.3	11.68	2.6	5.0	31.2
481240240	-1.50	172.97	4.3	11.59	3.0	5.3	35.1
483241241	-1.51	171.80	4.4	11.52	3.6	5.6	39.2
485242242	-1.52	170.77	4.4	11.47	4.0	5.9	42.4
487243243	-1.54	169.72	4.4	11.34	4.5	6.3	45.1
489244244	-1.54	168.65	4.5	11.33	4.9	6.6	47.9
491245245	-1.55	167.57	4.5	11.26	5.4	7.0	50.2
493246246	-1.55	166.53	4.5	11.25	5.9	7.4	52.4
495247247	-1.55	165.46	4.5	11.22	6.3	7.8	54.4
497248248	-1.56	164.40	4.6	11.18	6.8	8.2	56.1
499249249	-1.55	163.35	4.5	11.26	7.3	8.6	58.0
501250250	-1.54	162.25	4.5	11.28	7.7	9.0	59.6
503251251	-1.54	161.16	4.6	11.28	8.2	9.4	61.0
505252252	-1.54	160.15	4.5	11.33	8.7	9.8	62.3
507253253	-1.53	159.10	4.5	11.37	9.1	10.2	63.6
509254254	-1.53	158.00	4.6	11.36	9.6	10.7	64.7
511255255	-1.54	156.86	4.6	11.31	10.2	11.1	65.6
513256256	-1.53	155.75	4.6	11.39	10.7	11.6	66.7
515257257	-1.52	154.67	4.6	11.46	11.1	12.1	67.7
517258258	-1.52	153.62	4.6	11.47	11.6	12.5	68.4
519259259	-1.52	152.52	4.6	11.47	12.1	13.0	69.2
521260260	-1.53	151.48	4.7	11.42	12.6	13.4	69.7
523261261	-1.52	150.38	4.7	11.46	13.1	13.9	70.4
525262262	-1.52	149.24	4.7	11.48	13.6	14.4	71.1
527263263	-1.52	148.17	4.7	11.44	14.1	14.9	71.5
529264264	-1.53	147.09	4.8	11.40	14.6	15.4	72.0
531265265	-1.53	145.87	4.8	11.40	15.2	16.0	72.5
533266266	-1.53	144.69	4.8	11.36	15.8	16.5	72.9
535267267	-1.54	143.55	4.9	11.34	16.3	17.0	73.3
537268268	-1.56	142.37	5.0	11.18	16.9	17.6	73.5
539269269	-1.56	141.21	5.0	11.19	17.4	18.2	74.0
541270270	-1.57	139.96	5.1	11.08	18.0	18.8	74.2
543271271	-1.59	138.89	5.2	10.96	18.6	19.3	74.4
545272272	-1.61	137.64	5.3	10.81	19.2	19.9	74.5
547273273	-1.64	136.42	5.5	10.60	19.8	20.5	74.6
549274274	-1.67	135.11	5.6	10.44	20.4	21.2	74.7
551275275	-1.70	133.85	5.8	10.25	21.1	21.8	74.7
553276276	-1.75	132.58	6.0	9.97	21.7	22.5	74.6
555277277	-1.79	131.31	6.2	9.72	22.3	23.2	74.5
557278278	-1.84	130.05	6.4	9.47	23.0	23.9	74.4
559279279	-1.88	128.86	6.6	9.28	23.6	24.5	74.4
561280280	-1.93	127.59	6.9	9.02	24.2	25.2	74.2
563281281	-2.00	126.35	7.2	8.74	24.9	25.9	73.9
565282282	-2.05	125.20	7.4	8.51	25.5	26.5	73.7
567283283	-2.12	124.14	7.8	8.23	26.0	27.1	73.4
569284284	-2.18	123.18	8.0	8.02	26.5	27.7	73.2
571285285	-2.23	122.00	8.3	7.84	27.1	28.4	73.0
573286286	-2.28	120.95	8.6	7.68	27.7	29.0	72.8
575287287	-2.32	120.02	8.8	7.54	28.2	29.5	72.7
577288288	-2.35	119.03	9.0	7.42	28.7	30.1	72.6
579289289	-2.38	117.99	9.2	7.35	29.3	30.7	72.6
581290290	-2.42	116.96	9.4	7.23	29.9	31.3	72.5
583291291	-2.43	116.08	9.6	7.19	30.4	31.8	72.5
585292292	-2.44	115.08	9.7	7.17	30.9	32.4	72.6
587293293	-2.45	114.06	9.9	7.15	31.5	33.0	72.6
589294294	-2.43	113.05	9.9	7.19	32.1	33.6	72.9
591295295	-2.43	111.97	10.0	7.21	32.8	34.3	73.0
593296296	-2.42	110.88	10.1	7.24	33.5	35.0	73.2
595297297	-2.39	109.87	10.1	7.31	34.1	35.6	73.5
597298298	-2.36	108.73	10.1	7.40	34.9	36.3	73.8
599299299	-2.34	107.59	10.2	7.48	35.6	37.0	74.1
601300300	-2.31	106.33	10.2	7.55	36.4	37.8	74.3
603301301	-2.27	105.15	10.2	7.70	37.2	38.6	74.7
605302302	-2.25	103.91	10.3	7.77	38.1	39.5	74.9
607303303	-2.20	102.72	10.2	7.93	38.9	40.3	75.3
609304304	-2.16	101.51	10.2	8.07	39.8	41.1	75.6
611305305	-2.13	100.28	10.3	8.19	40.7	42.0	75.9
613306306	-2.10	98.99	10.3	8.32	41.7	42.9	76.1
615307307	-2.06	97.65	10.3	8.49	42.7	43.9	76.4
617308308	-2.02	96.40	10.3	8.63	43.6	44.8	76.7
619309309	-1.99	95.14	10.3	8.78	44.6	45.8	77.0
621310310	-1.94	93.96	10.3	8.98	45.6	46.7	77.3
623311311	-1.90	92.61	10.3	9.16	46.7	47.8	77.5
625312312	-1.88	91.45	10.4	9.27	47.7	48.8	77.7
627313313	-1.84	90.16	10.4	9.47	48.8	49.9	77.9
629314314	-1.81	88.92	10.5	9.64	49.8	50.9	78.2
631315315	-1.76	87.72	10.4	9.93	50.9	52.0	78.5
633316316	-1.73	86.50	10.5	10.07	52.0	53.1	78.6
635317317	-1.70	85.32	10.5	10.23	53.1	54.2	78.8
637318318	-1.68	84.17	10.6	10.40	54.2	55.3	79.0
639319319	-1.63	82.88	10.6	10.70	55.5	56.5	79.2
641320320	-1.60	81.70	10.6	10.86	56.7	57.7	79.4
643321321	-1.58	80.59	10.7	11.01	57.8	58.8	79.5
645322322	-1.56	79.40	10.9	11.14	59.1	60.0	79.6
647323323	-1.53	78.18	11.0	11.35	60.4	61.3	79.7
649324324	-1.52	77.00	11.1	11.48	61.6	62.6	79.8
651325325	-1.51	75.83	11.3	11.54	62.9	64.0	79.8
653326326	-1.50	74.74	11.6	11.59	64.2	65.2	79.8
655327327	-1.50	73.69	11.8	11.63	65.4	66.4	79.8
657328328	-1.49	72.49	12.0	11.71	66.8	67.9	79.8
659329329	-1.48	71.15	12.4	11.76	68.4	69.5	79.7
661330330	-1.49	69.73	12.9	11.68	70.2	71.4	79.6
663331331	-1.48	68.37	13.3	11.75	72.0	73.2	79.5
665332332	-1.48	67.16	13.7	11.73	73.6	74.8	79.4
667333333	-1.51	65.99	14.4	11.50	75.1	76.4	79.1
669334334	-1.52	64.67	15.0	11.45	76.9	78.4	79.0
671335335	-1.53	63.32	15.7	11.35	78.8	80.4	78.8
673336336	-1.54	62.02	16.3	11.31	80.8	82.4	78.6
675337337	-1.56	60.74	17.1	11.18	82.7	84.5	78.3
677338338	-1.61	59.40	18.4	10.80	84.7	86.7	77.8
679339339	-1.65	58.04	19.6	10.54	86.8	89.0	77.3
681340340	-1.67	56.75	20.6	10.42	88.9	91.3	77.0
683341341	-1.72	55.39	22.1	10.13	91.1	93.7	76.4
685342342	-1.75	53.70	23.6	9.97	94.1	97.0	75.9
687343343	-1.81	52.27	25.5	9.66	96.5	99.8	75.2
689344344	-1.85	50.78	27.5	9.42	99.2	102.9	74.5
691345345	-1.90	49.19	29.7	9.19	102.2	106.4	73.8
693346346	-1.96	47.61	32.4	8.91	105.1	110.0	72.9
695347347	-2.01	45.97	35.2	8.67	108.3	113.9	72.0
697348348	-2.08	44.10	38.9	8.40	112.0	118.6	70.9
699349349	-2.13	42.56	42.2	8.19	115.1	122.6	69.9
701350350	-2.20	40.79	46.6	7.92	118.7	127.5	68.6
703351351	-2.25	39.12	50.8	7.75	122.3	132.4	67.4
705352352	-2.32	37.28	56.3	7.53	126.1	138.1	65.9
707353353	-2.37	35.50	61.8	7.38	130.0	144.0	64.6
709354354	-2.44	33.44	69.3	7.18	134.3	151.1	62.7
711355355	-2.49	31.61	76.6	7.03	138.1	158.0	61.0
713356356	-2.54	29.69	85.2	6.88	141.9	165.5	59.0
715357357	-2.59	27.93	93.9	6.75	145.1	172.8	57.1
717358358	-2.65	26.13	103.9	6.61	147.7	180.6	54.9
719359359	-2.69	24.32	114.7	6.52	150.4	189.1	52.7
721360360	-2.75	22.34	128.2	6.37	151.2	198.2	49.7
723361361	-2.77	20.44	141.9	6.32	152.7	208.5	47.1
725362362	-2.80	18.42	158.2	6.25	152.3	219.6	43.9
727363363	-2.84	16.66	173.5	6.18	149.6	229.1	40.8
729364364	-2.85	14.58	193.0	6.15	145.5	241.7	37.0
731365365	-2.87	12.75	211.1	6.11	138.5	252.5	33.3
733366366	-2.88	10.87	229.8	6.08	128.1	263.1	29.1
735367367	-2.89	9.04	248.1	6.06	114.9	273.4	24.9
737368368	-2.88	7.03	267.8	6.08	96.9	284.8	19.9
739369369	-2.89	5.06	283.8	6.07	73.9	293.3	14.6
741370370	-2.87	2.96	298.2	6.11	45.8	301.7	8.7
743371371	-2.87	1.00	304.4	6.10	15.8	304.8	3.0
745372372	-2.86	-1.08	305.6	6.13	-17.2	306.1	-3.2
747373373	-2.86	-3.32	297.7	6.14	-51.4	302.1	-9.8
749374374	-2.87	-5.40	282.9	6.12	-79.3	293.8	-15.7
751375375	-2.89	-7.52	263.1	6.07	-101.8	282.1	-21.1
753376376	-2.90	-9.57	242.1	6.04	-118.1	269.4	-26.0
755377377	-2.93	-11.70	219.9	5.99	-129.9	255.4	-30.6
757378378	-2.95	-13.62	200.5	5.95	-136.5	242.6	-34.3
759379379	-2.97	-15.80	180.0	5.90	-140.5	228.3	-38.0
761380380	-3.03	-17.81	162.7	5.80	-140.0	214.7	-40.7
763381381	-3.08	-19.99	146.3	5.69	-137.9	201.0	-43.3
765382382	-3.13	-22.19	131.8	5.61	-135.1	188.7	-45.7
767383383	-3.21	-24.20	120.5	5.47	-130.6	177.6	-47.3
769384384	-3.29	-26.20	110.6	5.34	-125.8	167.5	-48.7
771385385	-3.41	-28.22	102.2	5.17	-120.2	157.8	-49.6
773386386	-3.54	-30.14	95.5	4.97	-114.4	149.0	-50.1
775387387	-3.67	-32.05	89.5	4.80	-109.2	141.2	-50.6
777388388	-3.84	-33.83	85.0	4.59	-103.5	134.0	-50.6
779389389	-4.03	-35.60	81.1	4.38	-98.1	127.3	-50.4
781390390	-4.23	-36.89	78.9	4.19	-93.4	122.3	-49.8
783391391	-4.41	-37.96	77.2	4.02	-89.5	118.2	-49.2
785392392	-4.60	-38.79	76.2	3.86	-86.0	114.9	-48.5
787393393	-4.75	-39.27	75.8	3.75	-83.5	112.7	-47.8
789394394	-4.86	-39.61	75.5	3.67	-81.7	111.2	-47.3
791395395	-4.95	-39.83	75.4	3.60	-80.3	110.1	-46.8
793396396	-4.97	-39.84	75.4	3.59	-80.0	110.0	-46.7
795397397	-4.89	-39.62	75.6	3.65	-81.3	111.0	-47.1
797398398	-4.74	-39.56	75.1	3.76	-83.4	112.2	-48.0
799399399	-4.50	-39.80	73.4	3.94	-86.7	113.6	-49.7
801400400	-4.23	-40.51	70.2	4.19	-90.0	114.2	-52.0
803401401	-3.91	-41.79	65.1	4.52	-93.2	113.7	-55.1
805402402	-3.60	-43.91	58.2	4.89	-94.6	111.0	-58.4
807403403	-3.36	-46.51	51.1	5.24	-93.6	106.7	-61.4
809404404	-3.15	-49.26	44.7	5.58	-91.6	101.9	-64.0
811405405	-2.99	-52.22	39.2	5.87	-88.4	96.7	-66.1
813406406	-2.86	-55.34	34.5	6.13	-84.6	91.4	-67.8
815407407	-2.79	-58.59	30.7	6.29	-80.4	86.1	-69.1
817408408	-2.71	-61.70	27.6	6.46	-76.6	81.4	-70.2
819409409	-2.67	-64.89	25.0	6.56	-72.7	76.8	-71.0
821410410	-2.66	-67.88	23.2	6.57	-69.1	72.8	-71.4
823411411	-2.64	-70.99	21.4	6.64	-65.6	69.0	-71.9
825412412	-2.63	-74.01	19.9	6.66	-62.4	65.5	-72.3
827413413	-2.63	-76.82	18.8	6.65	-59.5	62.4	-72.5
829414414	-2.63	-79.76	17.7	6.65	-56.7	59.4	-72.6
831415415	-2.64	-82.60	16.8	6.63	-54.0	56.6	-72.7
833416416	-2.65	-85.22	16.1	6.61	-51.7	54.2	-72.7
835417417	-2.67	-87.89	15.4	6.57	-49.4	51.8	-72.7
837418418	-2.68	-90.44	14.8	6.54	-47.4	49.6	-72.6
839419419	-2.69	-93.01	14.3	6.50	-45.4	47.6	-72.5
841420420	-2.70	-95.51	13.8	6.49	-43.5	45.6	-72.4
843421421	-2.70	-97.88	13.3	6.49	-41.8	43.8	-72.3
845422422	-2.72	-100.23	13.0	6.45	-40.1	42.1	-72.1
847423423	-2.75	-102.36	12.7	6.37	-38.6	40.7	-71.8
849424424	-2.76	-104.60	12.4	6.34	-37.1	39.1	-71.5
851425425	-2.78	-106.76	12.2	6.30	-35.7	37.7	-71.2
853426426	-2.79	-108.90	11.9	6.29	-34.4	36.4	-71.0
855427427	-2.80	-110.95	11.6	6.26	-33.1	35.1	-70.7
857428428	-2.83	-112.95	11.5	6.18	-31.9	33.9	-70.2
859429429	-2.86	-114.90	11.4	6.13	-30.7	32.8	-69.7
861430430	-2.88	-116.82	11.2	6.10	-29.6	31.7	-69.3
863431431	-2.91	-118.78	11.1	6.02	-28.5	30.6	-68.7
865432432	-2.90	-120.68	10.9	6.04	-27.5	29.5	-68.4
867433433	-2.94	-122.46	10.8	5.97	-26.5	28.6	-67.8
869434434	-2.98	-124.41	10.8	5.88	-25.4	27.6	-67.0
871435435	-3.01	-126.21	10.7	5.83	-24.4	26.7	-66.4
873436436	-3.04	-128.02	10.6	5.78	-23.5	25.8	-65.6
875437437	-3.07	-129.83	10.6	5.72	-22.5	24.9	-64.8
877438438	-3.09	-131.69	10.5	5.68	-21.6	24.0	-64.1
879439439	-3.12	-133.43	10.5	5.62	-20.7	23.2	-63.2
881440440	-3.15	-135.23	10.4	5.57	-19.8	22.4	-62.2
883441441	-3.16	-137.00	10.3	5.55	-19.0	21.6	-61.4
885442442	-3.19	-138.69	10.3	5.51	-18.1	20.9	-60.4
887443443	-3.20	-140.45	10.2	5.50	-17.3	20.1	-59.4
889444444	-3.21	-142.29	10.2	5.48	-16.4	19.3	-58.3
891445445	-3.21	-144.07	10.1	5.47	-15.6	18.6	-57.2
893446446	-3.22	-145.87	10.0	5.45	-14.8	17.9	-55.9
895447447	-3.23	-147.66	9.9	5.44	-14.0	17.1	-54.6
897448448	-3.23	-149.33	9.9	5.44	-13.2	16.5	-53.3
899449449	-3.23	-151.09	9.8	5.43	-12.4	15.8	-51.8
901450450	-3.22	-152.82	9.7	5.46	-11.7	15.1	-50.3
903451451	-3.20	-154.57	9.6	5.48	-10.9	14.5	-48.7
905452452	-3.19	-156.24	9.5	5.50	-10.2	13.9	-47.0
907453453	-3.15	-157.96	9.3	5.57	-9.4	13.2	-45.3
909454454	-3.13	-159.61	9.2	5.60	-8.7	12.7	-43.4
911455455	-3.10	-161.18	9.1	5.66	-8.0	12.1	-41.5
913456456	-3.09	-162.93	9.0	5.68	-7.3	11.6	-38.9
915457457	-3.03	-164.46	8.8	5.79	-6.6	11.0	-37.0
917458458	-2.98	-165.98	8.6	5.89	-6.0	10.5	-34.7
919459459	-2.93	-167.52	8.5	5.98	-5.3	10.0	-32.1
921460460	-2.89	-169.08	8.3	6.06	-4.6	9.5	-29.2
923461461	-2.84	-170.54	8.1	6.18	-4.0	9.1	-26.3
925462462	-2.78	-171.92	8.0	6.29	-3.4	8.7	-23.3
927463463	-2.72	-173.39	7.8	6.44	-2.8	8.3	-19.9
929464464	-2.67	-174.74	7.6	6.57	-2.2	8.0	-16.4
931465465	-2.61	-176.20	7.5	6.70	-1.6	7.6	-12.2
933466466	-2.55	-177.51	7.3	6.86	-1.1	7.4	-8.3
935467467	-2.49	-178.80	7.1	7.02	-0.5	7.1	-4.1
937468468	-2.43	179.88	6.9	7.20	0.0	6.9	0.4
939469469	-2.37	178.57	6.8	7.38	0.6	6.8	5.2
941470470	-2.30	177.31	6.6	7.61	1.2	6.7	10.0
943471471	-2.26	176.11	6.5	7.74	1.7	6.7	14.5
945472472	-2.19	174.91	6.3	7.97	2.2	6.7	19.2
947473473	-2.12	173.72	6.1	8.23	2.7	6.7	23.9
949474474	-2.08	172.53	6.0	8.40	3.2	6.8	28.3
951475475	-2.01	171.32	5.8	8.69	3.7	6.9	32.9
953476476	-1.94	170.03	5.6	8.99	4.3	7.1	37.6
955477477	-1.89	168.93	5.5	9.22	4.8	7.3	41.2
957478478	-1.83	167.80	5.3	9.52	5.3	7.5	44.8
959479479	-1.78	166.65	5.2	9.81	5.8	7.8	48.3
961480480	-1.72	165.46	5.0	10.16	6.3	8.1	51.6
963481481	-1.67	164.37	4.9	10.45	6.8	8.4	54.4
965482482	-1.61	163.13	4.7	10.85	7.3	8.7	57.4
967483483	-1.56	161.97	4.6	11.19	7.9	9.1	59.8
969484484	-1.51	160.75	4.4	11.57	8.4	9.5	62.2
971485485	-1.44	159.63	4.3	12.13	8.9	9.9	64.5
973486486	-1.37	158.45	4.1	12.69	9.5	10.3	66.6
975487487	-1.32	157.30	3.9	13.22	10.0	10.7	68.5
977488488	-1.26	156.08	3.8	13.80	10.5	11.2	70.2
979489489	-1.21	154.74	3.6	14.41	11.1	11.7	71.9
981490490	-1.15	153.54	3.5	15.15	11.7	12.2	73.4
983491491	-1.10	152.36	3.4	15.81	12.2	12.7	74.7
985492492	-1.02	151.08	3.1	17.07	12.8	13.2	76.3
987493493	-0.97	149.73	3.0	17.99	13.5	13.8	77.5
989494494	-0.91	148.44	2.8	19.15	14.1	14.4	78.7
991495495	-0.84	147.07	2.6	20.68	14.7	15.0	79.9
993496496	-0.79	145.70	2.5	21.92	15.4	15.6	80.8
995497497	-0.73	144.29	2.3	23.86	16.1	16.2	81.8
997498498	-0.67	142.93	2.1	26.04	16.7	16.9	82.7
999499499	-0.61	141.55	2.0	28.51	17.4	17.5	83.6
1001500500	-0.54	140.23	1.8	32.22	18.1	18.2	84.5
1003501501	-0.47	138.73	1.6	36.66	18.8	18.9	85.3
1005502502	-0.39	137.22	1.3	44.40	19.6	19.6	86.2
1007503503	-0.33	135.80	1.1	51.98	20.3	20.3	86.8
1009504504	-0.25	134.25	0.8	69.62	21.1	21.1	87.7
1011505505	-0.17	132.74	0.6	102.66	21.9	21.9	88.5
1013506506	-0.09	131.26	0.3	183.36	22.7	22.7	89.2
1015507507	-0.03	129.57	0.1	672.22	23.5	23.5	89.8
1017508508	0.00	128.13	0.0	?	24.3	24.3	90.0
1019509509	0.00	126.44	0.0	?	25.2	25.2	90.0
1021510510	0.00	124.94	0.0	?	26.1	26.1	90.0
1023511511	0.00	123.32	0.0	?	27.0	27.0	90.0
1025512512	0.00	121.75	0.0	?	27.9	27.9	90.0
1027513513	0.00	119.92	0.0	?	28.9	28.9	90.0
1029514514	0.00	118.31	0.0	?	29.9	29.9	90.0
1031515515	0.00	116.55	0.0	?	30.9	30.9	90.0
1033516516	0.00	114.84	0.0	?	32.0	32.0	90.0
1035517517	0.00	113.24	0.0	?	32.9	32.9	90.0
1037518518	0.00	111.68	0.0	?	33.9	33.9	90.0
1039519519	0.00	109.78	0.0	?	35.2	35.2	90.0
1041520520	0.00	108.13	0.0	?	36.2	36.2	90.0
1043521521	0.00	106.43	0.0	?	37.4	37.4	90.0
1045522522	-1.02	165.60	3.0	17.08	6.3	7.0	64.7
1047523523	0.00	150.88	0.0	?	13.0	13.0	90.0
1049524524	0.00	99.38	0.0	?	42.4	42.4	90.0
1051525525	-0.48	92.37	2.6	36.36	47.9	48.0	86.8
1053526526	-0.52	90.08	3.0	33.17	49.8	49.9	86.5
1055527527	-0.55	87.90	3.3	31.42	51.8	51.9	86.4
1057528528	-0.60	85.40	3.8	28.81	54.0	54.2	86.0
1059529529	-0.63	83.15	4.1	27.39	56.2	56.3	85.8
1061530530	-0.67	81.00	4.6	25.78	58.3	58.5	85.5
1063531531	-0.76	78.32	5.5	22.73	61.1	61.3	84.9
1065532532	-0.84	76.11	6.3	20.65	63.5	63.8	84.3
1067533533	-0.95	73.77	7.6	18.28	66.1	66.5	83.5
1069534534	-1.03	71.29	8.7	16.89	69.0	69.5	82.9
1071535535	-1.14	69.06	10.1	15.25	71.7	72.4	82.0
1073536536	-1.27	66.91	11.9	13.67	74.4	75.3	80.9
1075537537	-1.40	64.42	13.9	12.46	77.6	78.8	79.8
1077538538	-1.52	61.97	16.1	11.49	80.9	82.5	78.8
1079539539	-1.67	59.60	18.9	10.43	84.1	86.2	77.3
1081540540	-1.88	57.46	22.5	9.28	86.8	89.7	75.5
1083541541	-2.07	55.11	26.4	8.41	89.8	93.6	73.6
1085542542	-2.25	52.82	30.5	7.76	92.8	97.7	71.8
1087543543	-2.49	50.29	36.1	7.02	95.6	102.2	69.3
1089544544	-2.75	47.71	42.6	6.37	97.9	106.8	66.5
1091545545	-3.04	45.22	49.9	5.78	99.3	111.2	63.3
1093546546	-3.35	43.03	57.4	5.25	99.1	114.5	59.9
1095547547	-3.71	40.70	65.8	4.75	97.4	117.6	56.0
1097548548	-4.11	38.57	73.9	4.31	93.9	119.5	51.8
1099549549	-4.49	36.39	81.5	3.95	89.4	121.0	47.7
1101550550	-4.94	34.12	88.7	3.61	82.9	121.4	43.1
1103551551	-5.37	31.73	94.9	3.34	75.9	121.5	38.6
1105552552	-5.87	29.39	99.6	3.07	67.1	120.0	34.0
1107553553	-6.34	26.84	103.1	2.86	58.5	118.6	29.6
1109554554	-6.90	24.54	104.2	2.65	49.2	115.2	25.3
1111555555	-7.50	21.68	104.3	2.46	39.5	111.6	20.8
1113556556	-8.15	19.01	102.4	2.28	30.8	107.0	16.7
1115557557	-8.80	15.72	100.3	2.14	22.7	102.8	12.8
1117558558	-9.53	12.38	96.7	2.00	15.6	98.0	9.2
1119559559	-10.37	8.83	92.1	1.87	9.4	92.6	5.8
1121560560	-11.26	5.05	87.3	1.75	4.5	87.4	3.0
1123561561	-12.14	1.25	82.8	1.66	0.9	82.8	0.7
1125562562	-13.12	-3.04	78.2	1.57	-1.9	78.3	-1.4
1127563563	-14.23	-7.59	73.7	1.48	-3.9	73.8	-3.1
1129564564	-15.35	-13.61	69.6	1.41	-5.8	69.9	-4.7
1131565565	-16.68	-20.89	65.5	1.34	-7.0	65.8	-6.1
1133566566	-17.91	-30.02	61.8	1.29	-8.0	62.3	-7.4
1135567567	-19.10	-41.81	58.3	1.25	-8.7	59.0	-8.5
1137568568	-20.15	-55.54	55.1	1.22	-9.0	55.9	-9.3
1139569569	-20.87	-72.65	52.0	1.20	-9.0	52.8	-9.9
1141570570	-20.97	-88.97	49.4	1.20	-8.9	50.2	-10.2
1143571571	-20.43	-105.66	46.7	1.21	-8.6	47.5	-10.5
1145572572	-19.75	-120.38	44.4	1.23	-8.0	45.1	-10.2
1147573573	-18.57	-132.48	42.0	1.27	-7.4	42.7	-10.0
1149574574	-17.38	-142.20	39.8	1.31	-6.7	40.4	-9.6
1151575575	-16.35	-150.29	37.9	1.36	-5.9	38.4	-8.8
1153576576	-15.36	-156.69	36.2	1.41	-5.0	36.5	-7.9
1155577577	-14.42	-162.46	34.5	1.47	-4.1	34.7	-6.8
1157578578	-13.59	-167.98	32.9	1.53	-3.0	33.0	-5.2
1159579579	-12.86	-172.36	31.5	1.59	-2.0	31.6	-3.7
1161580580	-12.15	-176.42	30.2	1.66	-1.0	30.2	-1.9
1163581581	-11.53	179.57	29.0	1.72	0.1	29.0	0.2
1165582582	-10.95	176.07	27.9	1.79	1.2	28.0	2.4
1167583583	-10.50	172.92	27.1	1.85	2.2	27.2	4.6
1169584584	-10.01	169.54	26.2	1.92	3.3	26.4	7.3
1171585585	-9.61	166.62	25.4	1.99	4.4	25.8	9.8
1173586586	-9.21	163.90	24.6	2.06	5.4	25.2	12.3
1175587587	-8.81	161.38	23.9	2.14	6.4	24.7	14.9
1177588588	-8.53	158.92	23.4	2.20	7.3	24.5	17.4
1179589589	-8.22	156.63	22.8	2.27	8.3	24.3	19.9
1181590590	-7.94	154.32	22.3	2.34	9.2	24.1	22.5
1183591591	-7.69	152.03	21.8	2.41	10.2	24.1	25.0
1185592592	-7.48	149.62	21.5	2.46	11.2	24.3	27.5
1187593593	-7.30	147.47	21.3	2.52	12.1	24.5	29.7
1189594594	-7.12	145.77	21.0	2.57	12.9	24.6	31.6
1191595595	-6.97	143.94	20.7	2.62	13.7	24.9	33.4
1193596596	-6.77	142.32	20.4	2.70	14.5	25.0	35.4
1195597597	-6.59	140.97	20.1	2.76	15.1	25.1	37.1
1197598598	-6.40	139.14	19.7	2.84	16.0	25.4	39.1
1199599599	-6.22	137.31	19.5	2.91	16.9	25.8	41.0
1201600600	-6.04	135.92	19.1	2.99	17.7	26.0	42.7
1203601601	-5.82	134.46	18.7	3.09	18.5	26.2	44.7
1205602602	-5.64	132.36	18.4	3.19	19.5	26.8	46.7
1207603603	-5.44	130.73	18.0	3.30	20.4	27.2	48.6
1209604604	-5.24	128.60	17.7	3.42	21.6	27.9	50.7
1211605605	-5.00	126.37	17.2	3.57	22.8	28.6	53.0
1213606606	-4.83	123.83	17.0	3.69	24.2	29.6	54.9
1215607607	-4.64	121.39	16.8	3.84	25.6	30.6	56.8
1217608608	-4.46	119.02	16.6	3.98	27.0	31.7	58.5
1219609609	-4.32	116.12	16.5	4.10	28.7	33.1	60.0
1221610610	-4.19	113.38	16.5	4.22	30.3	34.5	61.3
1223611611	-4.11	110.47	16.8	4.31	32.0	36.1	62.4
1225612612	-3.99	107.29	16.9	4.43	34.0	38.0	63.5
1227613613	-3.92	104.31	17.3	4.51	35.9	39.8	64.3
1229614614	-3.94	101.60	18.0	4.48	37.5	41.6	64.4
1231615615	-3.88	98.61	18.4	4.55	39.5	43.6	65.0
1233616616	-3.83	96.29	18.9	4.61	41.1	45.2	65.4
1235617617	-3.80	93.52	19.5	4.65	43.1	47.3	65.7
1237618618	-3.73	91.01	19.9	4.73	45.0	49.2	66.1
1239619619	-3.65	88.42	20.4	4.83	47.1	51.3	66.6
1241620620	-3.57	85.96	20.8	4.93	49.1	53.4	67.0
1243621621	-3.45	83.81	21.0	5.11	51.1	55.3	67.7
1245622622	-3.22	80.89	20.8	5.46	54.2	58.0	69.0
1247623623	-2.96	78.26	20.3	5.93	57.3	60.7	70.5
1249624624	-2.68	75.15	19.8	6.53	61.0	64.2	72.0
1251625625	-2.42	71.57	19.5	7.23	65.6	68.5	73.4
1253626626	-2.15	67.63	19.2	8.12	71.1	73.7	74.9
1255627627	-1.92	63.34	19.4	9.08	77.6	80.0	76.0
1257628628	-1.67	58.88	19.2	10.46	85.3	87.5	77.3
1259629629	-1.45	53.92	19.7	12.01	95.1	97.1	78.3
1261630630	-1.30	48.88	21.3	13.36	106.5	108.6	78.7
1263631631	-1.19	43.94	23.8	14.59	119.9	122.2	78.8
1265632632	-1.12	39.00	28.0	15.49	136.1	138.9	78.4
1267633633	-1.10	34.23	34.9	15.88	155.2	159.1	77.3
1269634634	-1.12	29.09	48.2	15.50	180.7	187.0	75.1
1271635635	-1.14	24.22	68.2	15.23	212.1	222.8	72.2
1273636636	-1.25	19.75	104.7	13.87	243.9	265.4	66.8
1275637637	-1.33	15.20	164.3	13.10	280.7	325.3	59.7
1277638638	-1.47	10.92	262.0	11.85	291.8	392.2	48.1
1279639639	-1.60	6.72	387.4	10.86	243.9	457.8	32.2
1281640640	-1.74	2.65	476.0	10.03	109.2	488.3	12.9
1283641641	-1.89	-1.34	456.8	9.24	-48.7	459.4	-6.1
1285642642	-2.05	-5.27	370.0	8.52	-142.8	396.6	-21.1
1287643643	-2.26	-9.10	282.0	7.72	-169.3	328.9	-31.0
1289644644	-2.43	-12.94	218.7	7.18	-172.4	278.5	-38.3
1291645645	-2.63	-16.69	174.1	6.65	-162.6	238.2	-43.0
1293646646	-2.79	-20.23	143.7	6.28	-152.1	209.3	-46.6
1295647647	-3.00	-23.60	122.4	5.86	-139.3	185.4	-48.7
1297648648	-3.19	-27.15	105.3	5.50	-127.8	165.6	-50.5
1299649649	-3.37	-30.72	91.8	5.22	-118.0	149.5	-52.1
1301650650	-3.54	-34.33	81.1	4.97	-109.1	135.9	-53.4
1303651651	-3.70	-37.61	73.2	4.77	-101.8	125.3	-54.3
1305652652	-3.86	-41.18	66.0	4.58	-94.7	115.4	-55.1
1307653653	-3.97	-44.40	60.4	4.45	-89.3	107.8	-55.9
1309654654	-4.07	-47.77	55.3	4.34	-84.2	100.7	-56.7
1311655655	-4.22	-50.93	51.5	4.20	-79.2	94.5	-57.0
1313656656	-4.32	-54.23	47.8	4.10	-74.9	88.9	-57.4
1315657657	-4.39	-57.43	44.6	4.04	-71.1	83.9	-57.9
1317658658	-4.46	-60.28	42.0	3.98	-68.0	79.9	-58.3
1319659659	-4.50	-63.30	39.4	3.94	-64.9	75.9	-58.8
1321660660	-4.54	-66.35	37.0	3.91	-62.0	72.2	-59.2
1323661661	-4.55	-69.01	35.0	3.91	-59.7	69.2	-59.6
1325662662	-4.56	-71.74	33.2	3.89	-57.4	66.3	-59.9
1327663663	-4.57	-74.32	31.6	3.89	-55.2	63.6	-60.2
1329664664	-4.57	-76.90	30.1	3.89	-53.2	61.1	-60.5
1331665665	-4.56	-79.44	28.7	3.90	-51.3	58.8	-60.8
1333666666	-4.55	-81.74	27.5	3.90	-49.6	56.7	-61.0
1335667667	-4.54	-83.93	26.4	3.91	-48.1	54.9	-61.2
1337668668	-4.49	-86.04	25.3	3.96	-46.7	53.1	-61.6
1339669669	-4.46	-88.19	24.3	3.98	-45.3	51.4	-61.8
1341670670	-4.43	-90.37	23.4	4.00	-43.9	49.7	-61.9
1343671671	-4.41	-92.31	22.6	4.02	-42.6	48.3	-62.1
1345672672	-4.37	-94.18	21.8	4.06	-41.5	46.9	-62.3
1347673673	-4.32	-96.07	21.0	4.11	-40.4	45.5	-62.5
1349674674	-4.26	-97.54	20.3	4.16	-39.5	44.5	-62.8
1351675675	-4.23	-99.32	19.7	4.19	-38.5	43.2	-62.9
1353676676	-4.19	-100.98	19.2	4.22	-37.5	42.1	-62.9
1355677677	-4.14	-102.52	18.6	4.28	-36.6	41.1	-63.1
1357678678	-4.08	-104.23	17.9	4.33	-35.7	39.9	-63.3
1359679679	-4.04	-105.76	17.5	4.37	-34.8	39.0	-63.4
1361680680	-4.00	-107.20	17.0	4.42	-34.0	38.0	-63.5
1363681681	-3.96	-108.68	16.6	4.46	-33.2	37.1	-63.5
1365682682	-3.92	-109.90	16.2	4.51	-32.6	36.3	-63.6
1367683683	-3.86	-111.50	15.6	4.58	-31.7	35.4	-63.8
1369684684	-3.80	-112.91	15.2	4.65	-31.0	34.5	-63.9
1371685685	-3.75	-114.03	14.8	4.70	-30.4	33.8	-64.0
1373686686	-3.69	-115.15	14.4	4.77	-29.8	33.2	-64.2
1375687687	-3.66	-116.44	14.1	4.81	-29.2	32.4	-64.1
1377688688	-3.62	-117.74	13.8	4.86	-28.5	31.7	-64.1
1379689689	-3.53	-118.99	13.3	4.98	-27.9	30.9	-64.5
1381690690	-3.49	-120.12	13.0	5.04	-27.3	30.3	-64.5
1383691691	-3.46	-121.23	12.8	5.09	-26.7	29.6	-64.5
1385692692	-3.41	-122.44	12.5	5.16	-26.1	29.0	-64.5
1387693693	-3.35	-123.55	12.1	5.25	-25.6	28.3	-64.6
1389694694	-3.29	-124.58	11.8	5.35	-25.1	27.7	-64.8
1391695695	-3.24	-125.70	11.5	5.42	-24.5	27.1	-64.8
1393696696	-3.18	-126.58	11.2	5.53	-24.1	26.6	-65.0
1395697697	-3.10	-127.65	10.9	5.66	-23.6	26.0	-65.3
1397698698	-3.05	-128.69	10.6	5.75	-23.1	25.5	-65.3
1399699699	-2.98	-129.61	10.3	5.89	-22.7	24.9	-65.6
1401700700	-2.90	-130.58	10.0	6.04	-22.3	24.4	-65.9
1403701701	-2.83	-131.40	9.7	6.18	-21.9	23.9	-66.1
1405702702	-2.77	-132.22	9.4	6.31	-21.5	23.5	-66.3
1407703703	-2.71	-133.03	9.2	6.45	-21.1	23.0	-66.5
1409704704	-2.65	-133.91	8.9	6.60	-20.7	22.5	-66.7
1411705705	-2.57	-134.73	8.6	6.82	-20.3	22.1	-67.1
1413706706	-2.52	-135.49	8.4	6.94	-20.0	21.7	-67.2
1415707707	-2.45	-136.13	8.1	7.14	-19.7	21.3	-67.6
1417708708	-2.37	-136.76	7.8	7.38	-19.4	20.9	-68.0
1419709709	-2.29	-137.43	7.5	7.61	-19.1	20.5	-68.4
1421710710	-2.21	-138.29	7.2	7.89	-18.7	20.1	-68.8
1423711711	-2.16	-138.78	7.0	8.10	-18.5	19.8	-69.2
1425712712	-2.08	-139.43	6.7	8.41	-18.2	19.4	-69.6
1427713713	-2.00	-140.11	6.5	8.75	-17.9	19.0	-70.1
1429714714	-1.94	-140.48	6.3	9.00	-17.7	18.8	-70.5
1431715715	-1.87	-141.09	6.0	9.31	-17.4	18.4	-70.9
1433716716	-1.81	-141.56	5.8	9.65	-17.2	18.2	-71.4
1435717717	-1.74	-141.99	5.6	10.04	-17.0	17.9	-71.9
1437718718	-1.69	-142.53	5.4	10.29	-16.8	17.6	-72.1
1439719719	-1.60	-143.00	5.1	10.86	-16.6	17.3	-72.8
1441720720	-1.52	-143.35	4.9	11.42	-16.4	17.1	-73.5
1443721721	-1.44	-143.50	4.6	12.12	-16.4	17.0	-74.4
1445722722	-1.38	-143.95	4.4	12.60	-16.2	16.7	-74.8
1447723723	-1.35	-144.53	4.3	12.88	-15.9	16.5	-74.9
1449724724	-1.29	-144.87	4.1	13.50	-15.7	16.3	-75.5
1451725725	-1.24	-145.15	3.9	14.01	-15.6	16.1	-75.9
1453726726	-1.18	-145.39	3.7	14.76	-15.5	15.9	-76.5
1455727727	-1.14	-145.64	3.6	15.20	-15.4	15.8	-76.8
1457728728	-1.09	-145.88	3.4	15.98	-15.3	15.7	-77.4
1459729729	-1.05	-146.15	3.3	16.53	-15.2	15.5	-77.7
1461730730	-1.03	-146.43	3.2	16.88	-15.0	15.4	-77.9
1463731731	-0.97	-146.63	3.0	17.88	-14.9	15.2	-78.5
1465732732	-0.92	-146.85	2.9	18.88	-14.8	15.1	-79.0
1467733733	-0.89	-147.19	2.8	19.43	-14.7	14.9	-79.2
1469734734	-0.86	-147.38	2.7	20.21	-14.6	14.8	-79.6
1471735735	-0.83	-147.59	2.6	20.88	-14.5	14.7	-79.8
1473736736	-0.82	-147.68	2.6	21.19	-14.5	14.7	-80.0
1475737737	-0.80	-147.79	2.5	21.72	-14.4	14.6	-80.2
1477738738	-0.74	-148.02	2.3	23.40	-14.3	14.5	-80.8
1479739739	-0.74	-148.29	2.3	23.54	-14.2	14.4	-80.8
1481740740	-0.68	-148.43	2.1	25.51	-14.1	14.3	-81.5
1483741741	-0.69	-148.55	2.2	25.07	-14.1	14.2	-81.3
1485742742	-0.72	-148.72	2.2	24.02	-14.0	14.1	-80.9
1487743743	-0.67	-149.02	2.1	26.12	-13.8	14.0	-81.5
1489744744	-0.66	-149.32	2.0	26.53	-13.7	13.8	-81.6
1491745745	-0.66	-149.50	2.0	26.49	-13.6	13.8	-81.5
1493746746	-0.63	-149.75	2.0	27.51	-13.5	13.6	-81.8
1495747747	-0.63	-150.00	1.9	27.80	-13.4	13.5	-81.8
1497748748	-0.64	-150.01	2.0	27.11	-13.4	13.5	-81.6
1499749749	-0.62	-150.34	1.9	27.90	-13.2	13.4	-81.7
1501750750	-0.62	-150.51	1.9	28.06	-13.1	13.3	-81.8
1503751751	-0.63	-150.80	1.9	27.39	-13.0	13.2	-81.5
1505752752	-0.60	-151.22	1.8	28.98	-12.8	12.9	-81.8
1507753753	-0.61	-151.46	1.9	28.65	-12.7	12.8	-81.7
1509754754	-0.60	-151.69	1.9	28.74	-12.6	12.7	-81.6
1511755755	-0.62	-151.99	1.9	27.91	-12.5	12.6	-81.3
1513756756	-0.61	-152.31	1.9	28.28	-12.3	12.5	-81.3
1515757757	-0.63	-152.68	1.9	27.66	-12.1	12.3	-81.0
1517758758	-0.63	-152.77	1.9	27.79	-12.1	12.2	-81.0
1519759759	-0.61	-153.32	1.9	28.31	-11.8	12.0	-81.0
1521760760	-0.61	-153.69	1.9	28.34	-11.7	11.8	-80.9
1523761761	-0.60	-154.05	1.8	28.73	-11.5	11.6	-80.9
1525762762	-0.55	-155.18	1.6	31.86	-11.0	11.1	-81.5
1527763763	-0.50	-156.45	1.5	34.75	-10.4	10.5	-81.8
1529764764	-0.54	-155.34	1.6	32.19	-10.9	11.0	-81.5
1531765765	-0.57	-155.11	1.7	30.51	-11.0	11.2	-81.1
1533766766	-0.60	-155.58	1.8	28.95	-10.8	11.0	-80.5
1535767767	-0.57	-155.89	1.7	30.27	-10.7	10.8	-80.8
1537768768	-0.55	-156.37	1.6	31.79	-10.4	10.6	-81.1
1539769769	-0.54	-156.68	1.6	32.44	-10.3	10.4	-81.1
1541770770	-0.56	-157.28	1.7	31.26	-10.0	10.2	-80.6
1543771771	-0.55	-157.69	1.6	31.69	-9.8	10.0	-80.6
1545772772	-0.52	-157.90	1.5	33.66	-9.8	9.9	-81.0
1547773773	-0.48	-158.57	1.4	36.17	-9.5	9.6	-81.4
1549774774	-0.50	-158.91	1.5	34.48	-9.3	9.4	-80.8
1551775775	-0.50	-159.30	1.5	34.59	-9.1	9.2	-80.7
1553776776	-0.46	-159.64	1.4	38.15	-9.0	9.1	-81.4
1555777777	-0.44	-160.11	1.3	39.75	-8.8	8.9	-81.6
1557778778	-0.42	-160.82	1.2	41.58	-8.4	8.5	-81.7
1559779779	-0.39	-161.14	1.1	44.82	-8.3	8.4	-82.1
1561780780	-0.38	-161.60	1.1	45.69	-8.1	8.2	-82.1
1563781781	-0.37	-162.01	1.1	46.52	-7.9	8.0	-82.1
1565782782	-0.34	-162.58	1.0	51.19	-7.7	7.7	-82.6
1567783783	-0.30	-162.90	0.9	58.72	-7.5	7.6	-83.4
1569784784	-0.25	-163.22	0.7	70.31	-7.4	7.4	-84.4
1571785785	-0.24	-163.71	0.7	73.06	-7.2	7.2	-84.4
1573786786	-0.24	-164.00	0.7	73.56	-7.0	7.1	-84.4
1575787787	-0.16	-164.42	0.5	105.43	-6.8	6.9	-86.0
1577788788	-0.14	-164.82	0.4	119.89	-6.7	6.7	-86.4
1579789789	-0.10	-165.15	0.3	166.84	-6.5	6.5	-87.3
1581790790	-0.06	-165.51	0.2	284.28	-6.4	6.4	-88.4
1583791791	-0.02	-165.71	0.1	826.39	-6.3	6.3	-89.4
1585792792	0.00	-166.16	0.0	?	-6.1	6.1	-90.0
1587793793	0.00	-166.65	0.0	?	-5.9	5.9	-90.0
1589794794	0.00	-166.85	0.0	?	-5.8	5.8	-90.0
1591795795	0.00	-167.21	0.0	?	-5.6	5.6	-90.0
1593796796	0.00	-167.43	0.0	?	-5.5	5.5	-90.0
1595797797	0.00	-167.74	0.0	?	-5.4	5.4	-90.0
1597798798	0.00	-167.82	0.0	?	-5.3	5.3	-90.0
1599799799	0.00	-168.40	0.0	?	-5.1	5.1	-90.0
1601800800	0.00	-168.65	0.0	?	-5.0	5.0	-90.0
1603801801	0.00	-168.92	0.0	?	-4.9	4.9	-90.0
1605802802	0.00	-169.20	0.0	?	-4.7	4.7	-90.0
1607803803	0.00	-169.50	0.0	?	-4.6	4.6	-90.0
1609804804	0.00	-169.79	0.0	?	-4.5	4.5	-90.0
1611805805	0.00	-170.29	0.0	?	-4.2	4.2	-90.0
1613806806	0.00	-170.59	0.0	?	-4.1	4.1	-90.0
1615807807	0.00	-170.91	0.0	?	-4.0	4.0	-90.0
1617808808	0.00	-171.36	0.0	?	-3.8	3.8	-90.0
1619809809	0.00	-171.89	0.0	?	-3.5	3.5	-90.0
1621810810	0.00	-172.43	0.0	?	-3.3	3.3	-90.0
1623811811	0.00	-172.59	0.0	?	-3.2	3.2	-90.0
1625812812	0.00	-172.93	0.0	?	-3.1	3.1	-90.0
1627813813	0.00	-173.24	0.0	?	-3.0	3.0	-90.0
1629814814	0.00	-173.46	0.0	?	-2.9	2.9	-90.0
1631815815	0.00	-174.03	0.0	?	-2.6	2.6	-90.0
1633816816	0.00	-174.45	0.0	?	-2.4	2.4	-90.0
1635817817	0.00	-174.99	0.0	?	-2.2	2.2	-90.0
1637818818	0.00	-175.38	0.0	?	-2.0	2.0	-90.0
1639819819	0.00	-175.77	0.0	?	-1.8	1.8	-90.0
1641820820	0.00	-176.50	0.0	?	-1.5	1.5	-90.0
1643821821	0.00	-176.94	0.0	?	-1.3	1.3	-90.0
1645822822	0.00	-177.57	0.0	?	-1.1	1.1	-90.0
1647823823	0.00	-177.95	0.0	?	-0.9	0.9	-90.0
1649824824	0.00	-178.37	0.0	?	-0.7	0.7	-90.0
1651825825	0.00	-178.83	0.0	?	-0.5	0.5	-90.0
1653826826	0.00	-179.23	0.0	?	-0.3	0.3	-90.0
1655827827	0.00	-179.97	0.0	?	-0.0	0.0	-90.0
1657828828	0.00	179.40	0.0	?	0.3	0.3	90.0
1659829829	0.00	178.88	0.0	?	0.5	0.5	90.0
1661830830	0.00	178.32	0.0	?	0.7	0.7	90.0
1663831831	0.00	177.91	0.0	?	0.9	0.9	90.0
1665832832	0.00	177.30	0.0	?	1.2	1.2	90.0
1667833833	0.00	176.75	0.0	?	1.4	1.4	90.0
1669834834	0.00	175.82	0.0	?	1.8	1.8	90.0
1671835835	0.00	175.00	0.0	?	2.2	2.2	90.0
1673836836	0.00	174.50	0.0	?	2.4	2.4	90.0
1675837837	0.00	173.67	0.0	?	2.8	2.8	90.0
1677838838	0.00	172.85	0.0	?	3.1	3.1	90.0
1679839839	0.00	172.07	0.0	?	3.5	3.5	90.0
1681840840	0.00	171.36	0.0	?	3.8	3.8	90.0
1683841841	0.00	170.72	0.0	?	4.1	4.1	90.0
1685842842	0.00	169.69	0.0	?	4.5	4.5	90.0
1687843843	0.00	168.83	0.0	?	4.9	4.9	90.0
1689844844	0.00	167.72	0.0	?	5.4	5.4	90.0
1691845845	0.00	166.81	0.0	?	5.8	5.8	90.0
1693846846	0.00	165.99	0.0	?	6.1	6.1	90.0
1695847847	0.00	165.10	0.0	?	6.5	6.5	90.0
1697848848	0.00	164.01	0.0	?	7.0	7.0	90.0
1699849849	0.00	163.34	0.0	?	7.3	7.3	90.0
1701850850	0.00	162.47	0.0	?	7.7	7.7	90.0
1703851851	0.00	161.56	0.0	?	8.1	8.1	90.0
1705852852	0.00	160.24	0.0	?	8.7	8.7	90.0
1707853853	0.00	159.25	0.0	?	9.2	9.2	90.0
1709854854	0.00	158.92	0.0	?	9.3	9.3	90.0
1711855855	0.00	158.03	0.0	?	9.7	9.7	90.0
1713856856	0.00	157.19	0.0	?	10.1	10.1	90.0
1715857857	0.00	156.11	0.0	?	10.6	10.6	90.0
1717858858	0.00	155.60	0.0	?	10.8	10.8	90.0
1719859859	0.00	155.48	0.0	?	10.9	10.9	90.0
1721860860	0.00	155.41	0.0	?	10.9	10.9	90.0
1723861861	0.00	154.81	0.0	?	11.2	11.2	90.0
1725862862	0.00	154.57	0.0	?	11.3	11.3	90.0
1727863863	0.00	154.17	0.0	?	11.5	11.5	90.0
1729864864	0.00	153.49	0.0	?	11.8	11.8	90.0
1731865865	0.00	153.13	0.0	?	11.9	11.9	90.0
1733866866	0.00	152.22	0.0	?	12.4	12.4	90.0
1735867867	0.00	151.57	0.0	?	12.7	12.7	90.0
1737868868	0.00	150.63	0.0	?	13.1	13.1	90.0
1739869869	0.00	150.07	0.0	?	13.4	13.4	90.0
1741870870	0.00	148.85	0.0	?	13.9	13.9	90.0
1743871871	0.00	147.27	0.0	?	14.7	14.7	90.0
1745872872	0.00	145.71	0.0	?	15.4	15.4	90.0
1747873873	0.00	144.26	0.0	?	16.1	16.1	90.0
1749874874	0.00	143.10	0.0	?	16.7	16.7	90.0
1751875875	0.00	141.60	0.0	?	17.4	17.4	90.0
1753876876	0.00	139.68	0.0	?	18.4	18.4	90.0
1755877877	0.00	138.37	0.0	?	19.0	19.0	90.0
1757878878	0.00	136.34	0.0	?	20.0	20.0	90.0
1759879879	0.00	134.30	0.0	?	21.1	21.1	90.0
1761880880	0.00	132.87	0.0	?	21.8	21.8	90.0
1763881881	0.00	131.28	0.0	?	22.6	22.6	90.0
1765882882	0.00	129.27	0.0	?	23.7	23.7	90.0
1767883883	0.00	127.47	0.0	?	24.7	24.7	90.0
1769884884	0.00	125.96	0.0	?	25.5	25.5	90.0
1771885885	0.00	124.06	0.0	?	26.6	26.6	90.0
1773886886	0.00	122.06	0.0	?	27.7	27.7	90.0
1775887887	0.00	120.33	0.0	?	28.7	28.7	90.0
1777888888	0.00	118.33	0.0	?	29.8	29.8	90.0
1779889889	0.00	116.09	0.0	?	31.2	31.2	90.0
1781890890	0.00	114.57	0.0	?	32.1	32.1	90.0
1783891891	0.00	112.99	0.0	?	33.1	33.1	90.0
1785892892	0.00	110.97	0.0	?	34.4	34.4	90.0
1787893893	0.00	109.47	0.0	?	35.4	35.4	90.0
1789894894	0.00	107.62	0.0	?	36.6	36.6	90.0
1791895895	0.00	105.19	0.0	?	38.2	38.2	90.0
1793896896	0.00	103.57	0.0	?	39.4	39.4	90.0
1795897897	0.00	101.65	0.0	?	40.7	40.7	90.0
1797898898	0.00	99.54	0.0	?	42.3	42.3	90.0
1799899899	0.00	98.03	0.0	?	43.4	43.4	90.0
1801900900	0.00	96.12	0.0	?	44.9	44.9	90.0
1803901901	0.00	94.35	0.0	?	46.3	46.3	90.0
1805902902	0.00	92.26	0.0	?	48.1	48.1	90.0
1807903903	0.00	90.32	0.0	?	49.7	49.7	90.0
1809904904	0.00	88.39	0.0	?	51.4	51.4	90.0
1811905905	0.00	86.76	0.0	?	52.9	52.9	90.0
1813906906	0.00	84.40	0.0	?	55.1	55.1	90.0
1815907907	0.00	82.66	0.0	?	56.9	56.9	90.0
1817908908	0.00	80.73	0.0	?	58.8	58.8	90.0
1819909909	0.00	78.22	0.0	?	61.5	61.5	90.0
1821910910	-0.17	76.20	1.3	102.64	63.8	63.8	88.9
1823911911	-0.37	74.65	2.9	47.23	65.5	65.6	87.5
1825912912	-0.63	72.39	5.1	27.79	68.1	68.3	85.7
1827913913	-0.85	70.17	7.4	20.41	70.7	71.1	84.0
1829914914	-1.13	68.24	10.2	15.46	72.8	73.5	82.0
1831915915	-1.36	66.07	12.9	12.84	75.3	76.4	80.3
1833916916	-1.61	63.64	16.2	10.84	78.2	79.8	78.3
1835917917	-1.93	61.30	20.6	9.04	80.5	83.1	75.7
1837918918	-2.15	59.22	24.0	8.14	82.8	86.2	73.8
1839919919	-2.35	56.56	28.2	7.45	85.9	90.4	71.9
1841920920	-2.57	54.72	32.2	6.80	87.5	93.2	69.8
1843921921	-2.79	52.21	37.2	6.28	90.0	97.3	67.5
1845922922	-3.11	49.90	43.5	5.65	91.0	100.8	64.5
1847923923	-3.34	47.32	49.6	5.27	92.6	105.1	61.8
1849924924	-3.52	44.86	55.6	5.00	94.2	109.4	59.4
1851925925	-3.71	42.34	62.3	4.75	95.3	113.8	56.8
1853926926	-3.87	40.09	68.6	4.56	95.8	117.8	54.4
1855927927	-4.12	37.40	76.9	4.29	94.8	122.1	51.0
1857928928	-4.30	34.76	84.9	4.12	93.9	126.6	47.9
1859929929	-4.49	31.85	94.1	3.96	91.9	131.5	44.3
1861930930	-4.59	29.54	101.4	3.87	90.4	135.8	41.7
1863931931	-4.79	26.70	110.4	3.72	85.5	139.6	37.7
1865932932	-4.98	23.96	118.7	3.58	79.6	142.9	33.9
1867933933	-5.04	21.40	126.6	3.54	75.3	147.3	30.7
1869934934	-5.13	18.59	135.0	3.49	68.9	151.6	27.0
1871935935	-5.26	16.17	140.7	3.40	60.9	153.4	23.4
1873936936	-5.38	13.30	146.6	3.33	51.1	155.3	19.2
1875937937	-5.53	10.52	150.3	3.25	40.3	155.6	15.0
1877938938	-5.57	8.09	154.1	3.23	31.6	157.3	11.6
1879939939	-5.69	5.39	155.0	3.16	20.7	156.4	7.6
1881940940	-5.72	2.59	156.6	3.15	10.0	156.9	3.7
1883941941	-5.81	-0.23	155.0	3.10	-0.9	155.0	-0.3
1885942942	-5.88	-2.66	152.6	3.07	-9.7	152.9	-3.6
1887943943	-5.92	-5.58	149.4	3.05	-19.8	150.7	-7.5
1889944944	-5.95	-8.00	145.9	3.03	-27.5	148.5	-10.7
1891945945	-6.08	-10.55	139.5	2.97	-33.7	143.5	-13.6
1893946946	-6.09	-13.34	134.2	2.97	-40.7	140.3	-16.9
1895947947	-6.20	-15.67	128.1	2.92	-44.6	135.6	-19.2
1897948948	-6.24	-18.18	122.5	2.90	-48.9	131.9	-21.8
1899949949	-6.32	-20.62	116.4	2.87	-51.6	127.4	-23.9
1901950950	-6.36	-23.03	111.0	2.85	-54.3	123.6	-26.1
1903951951	-6.49	-25.13	105.8	2.80	-54.9	119.2	-27.4
1905952952	-6.70	-28.18	98.6	2.72	-54.7	112.8	-29.0
1907953953	-6.84	-30.17	94.3	2.67	-54.4	108.9	-30.0
1909954954	-6.98	-31.57	91.4	2.62	-53.6	105.9	-30.4
1911955955	-7.15	-32.90	88.6	2.57	-52.4	102.9	-30.6
1913956956	-7.22	-33.96	86.7	2.54	-52.1	101.1	-31.0
1915957957	-7.32	-35.07	84.8	2.51	-51.5	99.2	-31.3
1917958958	-7.38	-35.35	84.2	2.49	-51.0	98.4	-31.2
1919959959	-7.45	-35.79	83.4	2.47	-50.4	97.4	-31.2
1921960960	-7.40	-35.39	84.1	2.49	-50.8	98.2	-31.1
1923961961	-7.31	-35.43	84.2	2.51	-51.6	98.8	-31.5
1925962962	-7.17	-35.19	84.9	2.56	-53.0	100.1	-32.0
1927963963	-6.98	-35.22	85.3	2.62	-55.1	101.5	-32.9
1929964964	-6.87	-35.81	84.5	2.66	-56.4	101.6	-33.7
1931965965	-6.71	-36.60	83.4	2.71	-58.3	101.7	-35.0
1933966966	-6.47	-37.72	81.7	2.81	-61.2	102.1	-36.9
1935967967	-6.25	-38.96	79.5	2.90	-63.8	102.0	-38.8
1937968968	-6.07	-39.22	78.9	2.98	-65.9	102.9	-39.9
1939969969	-5.89	-40.14	77.1	3.06	-67.9	102.8	-41.4
1941970970	-5.70	-41.49	74.3	3.16	-69.9	102.0	-43.3
1943971971	-5.58	-42.48	72.2	3.22	-70.9	101.2	-44.5
1945972972	-5.42	-43.83	69.3	3.31	-72.2	100.1	-46.2
1947973973	-5.28	-44.10	68.4	3.39	-73.6	100.5	-47.1
1949974974	-5.13	-45.41	65.5	3.49	-74.6	99.3	-48.7
1951975975	-4.95	-46.50	62.8	3.61	-75.8	98.5	-50.4
1953976976	-4.84	-47.67	60.4	3.68	-76.0	97.1	-51.5
1955977977	-4.74	-48.69	58.2	3.76	-76.3	96.0	-52.7
1957978978	-4.62	-49.74	55.9	3.85	-76.6	94.8	-53.9
1959979979	-4.42	-51.23	52.5	4.01	-77.0	93.2	-55.7
1961980980	-4.35	-51.72	51.3	4.08	-77.2	92.7	-56.4
1963981981	-4.24	-52.46	49.6	4.18	-77.4	91.9	-57.4
1965982982	-4.12	-53.66	47.1	4.30	-77.2	90.4	-58.6
1967983983	-4.01	-54.48	45.3	4.41	-77.2	89.5	-59.6
1969984984	-3.90	-54.95	43.9	4.53	-77.5	89.1	-60.5
1971985985	-3.86	-55.95	42.5	4.58	-76.7	87.6	-61.0
1973986986	-3.74	-56.84	40.6	4.71	-76.5	86.6	-62.0
1975987987	-3.63	-57.72	38.8	4.86	-76.2	85.5	-63.1
1977988988	-3.50	-58.05	37.4	5.03	-76.7	85.4	-64.0
1979989989	-3.51	-58.77	36.8	5.02	-75.8	84.2	-64.1
1981990990	-3.44	-59.67	35.3	5.12	-75.1	83.0	-64.8
1983991991	-3.32	-60.67	33.5	5.30	-74.6	81.8	-65.8
1985992992	-3.26	-61.13	32.7	5.39	-74.4	81.3	-66.3
1987993993	-3.19	-61.75	31.6	5.50	-74.0	80.5	-66.9
1989994994	-3.13	-62.29	30.6	5.61	-73.7	79.8	-67.4
1991995995	-3.07	-63.07	29.5	5.72	-73.1	78.8	-68.0
1993996996	-3.01	-63.56	28.7	5.83	-72.8	78.2	-68.5
1995997997	-2.97	-64.36	27.8	5.90	-72.0	77.2	-68.9
1997998998	-2.88	-65.01	26.7	6.09	-71.6	76.4	-69.6
1999999999	-2.84	-65.55	26.0	6.17	-71.1	75.7	-69.9
