1000000	-0.93	89.58	5.4	18.68	50.1	50.4	83.9
3001001	0.00	84.27	0.0	?	55.3	55.3	90.0
5002002	0.00	78.55	0.0	?	61.1	61.1	90.0
7003003	0.00	74.25	0.0	?	66.0	66.0	90.0
9004004	0.00	70.59	0.0	?	70.6	70.6	90.0
11005005	0.00	68.46	0.0	?	73.5	73.5	90.0
13006006	-0.02	66.20	0.2	992.75	76.7	76.7	89.9
15007007	-0.23	63.33	2.4	74.95	81.0	81.0	88.3
17008008	-0.30	61.65	3.3	58.25	83.7	83.8	87.8
19009009	-0.40	59.87	4.6	43.23	86.6	86.8	86.9
21010010	-0.46	58.19	5.6	37.58	89.6	89.8	86.4
23011011	-0.51	56.59	6.5	33.92	92.5	92.7	86.0
25012012	-0.57	55.13	7.6	30.57	95.3	95.6	85.4
27013013	-0.61	53.63	8.5	28.72	98.3	98.7	85.1
29014014	-0.63	52.29	9.3	27.50	101.2	101.6	84.7
31015015	-0.66	50.97	10.2	26.29	104.1	104.6	84.4
33016016	-0.67	49.76	10.8	25.86	106.9	107.5	84.2
35017017	-0.68	48.63	11.5	25.42	109.7	110.3	84.0
37018018	-0.68	47.51	12.0	25.44	112.5	113.2	83.9
39019019	-0.67	46.40	12.3	26.01	115.5	116.2	83.9
41020020	-0.66	45.29	12.7	26.28	118.7	119.4	83.9
43021021	-0.66	44.20	13.3	26.28	121.9	122.6	83.8
45022022	-0.67	43.26	14.0	26.03	124.7	125.5	83.6
47023023	-0.67	42.31	14.8	25.76	127.7	128.6	83.4
49024024	-0.68	41.48	15.5	25.52	130.4	131.4	83.2
51025025	-0.69	40.62	16.2	25.30	133.4	134.4	83.1
53026026	-0.70	39.82	17.0	24.99	136.2	137.2	82.9
55027027	-0.72	39.06	18.2	24.29	138.9	140.0	82.5
57028028	-0.72	38.35	18.9	24.11	141.5	142.8	82.4
59029029	-0.75	37.66	20.3	23.30	144.1	145.5	82.0
61030030	-0.78	36.97	21.8	22.38	146.6	148.3	81.5
63031031	-0.80	36.33	23.2	21.71	149.1	150.9	81.1
65032032	-0.84	35.65	25.2	20.75	151.7	153.8	80.6
67033033	-0.88	35.05	27.2	19.76	154.0	156.4	80.0
69034034	-0.92	34.38	29.6	18.80	156.6	159.3	79.3
71035035	-0.98	33.68	32.3	17.83	159.2	162.4	78.5
73036036	-1.03	32.97	35.5	16.82	161.8	165.7	77.6
75037037	-1.09	32.32	38.6	15.96	164.2	168.7	76.8
77038038	-1.15	31.63	42.3	15.07	166.6	171.9	75.7
79039039	-1.23	30.92	46.5	14.20	169.0	175.2	74.6
81040040	-1.30	30.20	51.1	13.40	171.2	178.7	73.4
83041041	-1.38	29.46	56.1	12.66	173.4	182.2	72.1
85042042	-1.46	28.69	61.6	11.93	175.3	185.8	70.6
87043043	-1.54	27.91	67.3	11.34	177.3	189.7	69.2
89044044	-1.61	27.03	73.6	10.83	179.7	194.2	67.7
91045045	-1.69	26.08	81.0	10.32	182.0	199.2	66.0
93046046	-1.78	25.16	89.0	9.79	183.3	203.8	64.1
95047047	-1.87	24.21	97.4	9.34	184.5	208.7	62.2
97048048	-1.95	23.28	106.2	8.93	185.1	213.4	60.2
99049049	-2.01	22.27	115.1	8.67	186.6	219.2	58.3
101050050	-2.08	21.13	126.0	8.37	187.4	225.8	56.1
103051051	-2.16	19.90	138.3	8.09	187.5	233.0	53.6
105052052	-2.23	18.58	152.2	7.84	187.0	241.1	50.9
107053053	-2.31	17.30	166.5	7.58	184.3	248.4	47.9
109054054	-2.39	15.96	181.8	7.31	179.2	255.3	44.6
111055055	-2.45	14.64	197.1	7.13	174.0	262.9	41.4
113056056	-2.52	13.26	213.1	6.94	166.2	270.2	38.0
115057057	-2.58	11.80	229.8	6.79	156.1	277.8	34.2
117058058	-2.63	10.32	246.3	6.64	143.2	284.9	30.2
119059059	-2.69	8.75	262.3	6.51	126.9	291.4	25.8
121060060	-2.74	7.13	276.9	6.39	107.1	296.9	21.2
123061061	-2.78	5.46	289.3	6.29	84.4	301.4	16.3
125062062	-2.83	3.77	298.0	6.20	59.2	303.8	11.2
127063063	-2.87	2.03	301.8	6.10	31.8	303.4	6.0
129064064	-2.91	0.27	301.3	6.03	4.2	301.4	0.8
131065065	-2.94	-1.53	296.5	5.97	-23.0	297.4	-4.4
133066066	-2.96	-3.32	287.7	5.92	-48.0	291.7	-9.5
135067067	-2.98	-5.19	275.2	5.88	-71.1	284.3	-14.5
137068068	-2.98	-7.07	260.8	5.88	-91.6	276.4	-19.4
139069069	-2.99	-9.01	243.3	5.87	-108.6	266.5	-24.1
141070070	-2.97	-11.02	224.9	5.90	-123.1	256.4	-28.7
143071071	-2.97	-13.07	205.3	5.91	-133.2	244.7	-33.0
145072072	-2.95	-15.12	186.4	5.95	-140.7	233.6	-37.0
147073073	-2.92	-17.34	167.1	6.00	-145.3	221.4	-41.0
149074074	-2.91	-19.45	150.1	6.02	-146.4	209.7	-44.3
151075075	-2.87	-21.66	133.9	6.10	-146.7	198.6	-47.6
153076076	-2.84	-24.00	118.5	6.18	-145.0	187.2	-50.7
155077077	-2.79	-26.23	105.5	6.27	-142.4	177.2	-53.5
157078078	-2.76	-28.58	93.5	6.34	-138.4	167.0	-55.9
159079079	-2.72	-31.04	82.5	6.45	-133.9	157.3	-58.4
161080080	-2.68	-33.51	73.2	6.53	-128.9	148.2	-60.4
163081081	-2.65	-35.98	65.1	6.61	-123.6	139.7	-62.2
165082082	-2.63	-38.47	58.4	6.66	-118.2	131.8	-63.7
167083083	-2.60	-40.78	52.7	6.74	-113.5	125.1	-65.1
169084084	-2.55	-43.11	47.4	6.87	-109.1	119.0	-66.5
171085085	-2.48	-45.47	42.6	7.05	-104.9	113.2	-67.9
173086086	-2.41	-47.97	38.1	7.24	-100.5	107.5	-69.2
175087087	-2.34	-50.60	33.9	7.47	-96.2	102.0	-70.6
177088088	-2.26	-53.32	30.2	7.71	-91.8	96.6	-71.8
179089089	-2.20	-56.27	26.8	7.96	-87.2	91.2	-72.9
181090090	-2.15	-59.37	24.0	8.13	-82.5	86.0	-73.8
183091091	-2.09	-62.59	21.4	8.36	-78.1	80.9	-74.7
185092092	-2.06	-65.99	19.3	8.46	-73.5	76.0	-75.3
187093093	-2.05	-69.60	17.5	8.51	-69.0	71.2	-75.7
189094094	-2.04	-73.32	16.0	8.55	-64.7	66.6	-76.1
191095095	-2.03	-77.25	14.6	8.60	-60.5	62.2	-76.4
193096096	-1.99	-81.48	13.2	8.75	-56.3	57.8	-76.8
195097097	-1.94	-86.28	11.8	8.97	-52.0	53.3	-77.3
197098098	-1.92	-92.09	10.5	9.07	-47.1	48.2	-77.4
199099099	-1.96	-98.62	9.7	8.91	-42.1	43.2	-77.0
201100100	-2.05	-105.80	9.2	8.50	-37.0	38.1	-76.1
203101101	-2.17	-113.69	8.8	8.06	-31.9	33.1	-74.6
205102102	-2.33	-122.98	8.6	7.49	-26.5	27.9	-72.0
207103103	-2.56	-133.15	8.6	6.84	-21.1	22.8	-67.7
209104104	-2.87	-144.53	9.0	6.11	-15.5	17.9	-59.9
211105105	-3.26	-157.38	9.6	5.39	-9.6	13.6	-45.0
213106106	-3.80	-171.93	10.8	4.65	-3.4	11.3	-17.3
215107107	-4.46	171.93	12.6	3.98	3.3	13.0	14.7
217108108	-5.15	153.99	15.1	3.47	10.5	18.4	34.9
219109109	-5.73	134.75	18.4	3.14	18.4	26.0	45.0
221110110	-6.03	115.37	22.4	3.00	26.9	35.0	50.2
223111111	-6.01	97.30	27.2	3.01	36.0	45.1	53.0
225112112	-5.73	81.25	33.0	3.14	46.0	56.6	54.3
227113113	-5.33	68.07	39.8	3.36	56.5	69.1	54.9
229114114	-4.84	57.27	47.4	3.68	68.0	82.9	55.1
231115115	-4.29	47.81	56.8	4.13	81.8	99.6	55.2
233116116	-3.79	39.37	69.6	4.66	98.0	120.2	54.6
235117117	-3.39	31.80	88.1	5.19	116.0	145.7	52.8
237118118	-3.03	25.17	113.8	5.79	135.9	177.2	50.0
239119119	-2.74	18.98	153.4	6.40	155.7	218.6	45.4
241120120	-2.54	13.24	213.0	6.89	164.5	269.1	37.7
243121121	-2.38	8.11	290.6	7.35	147.8	326.0	27.0
245122122	-2.25	3.36	369.5	7.77	82.8	378.7	12.6
247123123	-2.14	-1.20	404.1	8.14	-33.9	405.5	-4.8
249124124	-2.07	-5.39	365.5	8.45	-143.0	392.5	-21.4
251125125	-2.04	-9.44	287.6	8.57	-199.4	350.0	-34.7
253126126	-2.00	-13.08	220.9	8.71	-214.9	308.2	-44.2
255127127	-1.96	-16.53	170.1	8.88	-212.3	272.1	-51.3
257128128	-1.92	-19.75	133.6	9.09	-202.8	242.9	-56.6
259129129	-1.88	-22.90	106.6	9.28	-190.1	218.0	-60.7
261130130	-1.85	-26.12	85.8	9.45	-176.4	196.2	-64.1
263131131	-1.83	-29.10	71.4	9.53	-163.8	178.7	-66.4
265132132	-1.78	-31.83	60.3	9.77	-153.7	165.1	-68.6
267133133	-1.73	-34.53	51.0	10.09	-144.6	153.3	-70.6
269134134	-1.67	-37.21	43.6	10.42	-136.1	142.9	-72.2
271135135	-1.62	-39.82	37.5	10.78	-128.4	133.8	-73.7
273136136	-1.55	-42.38	32.3	11.26	-121.6	125.8	-75.1
275137137	-1.49	-45.03	28.0	11.69	-114.8	118.2	-76.3
277138138	-1.43	-47.57	24.4	12.17	-108.9	111.6	-77.4
279139139	-1.39	-50.09	21.6	12.55	-103.3	105.6	-78.2
281140140	-1.35	-52.45	19.3	12.93	-98.5	100.3	-78.9
283141141	-1.29	-54.85	17.2	13.45	-93.9	95.4	-79.6
285142142	-1.25	-57.12	15.5	13.87	-89.8	91.1	-80.2
287143143	-1.22	-59.27	14.1	14.29	-86.2	87.3	-80.7
289144144	-1.18	-61.39	12.8	14.76	-82.8	83.8	-81.2
291145145	-1.14	-63.43	11.7	15.24	-79.7	80.5	-81.6
293146146	-1.11	-65.51	10.8	15.73	-76.7	77.4	-82.0
295147147	-1.07	-67.47	9.9	16.19	-74.0	74.6	-82.4
297148148	-1.05	-69.43	9.2	16.60	-71.4	72.0	-82.6
299149149	-1.03	-71.22	8.7	16.87	-69.1	69.6	-82.8
301150150	-1.00	-73.00	8.1	17.44	-66.9	67.4	-83.1
303151151	-0.99	-74.75	7.7	17.56	-64.9	65.3	-83.2
305152152	-0.98	-76.43	7.3	17.74	-63.0	63.4	-83.4
307153153	-0.97	-78.12	7.0	17.86	-61.1	61.5	-83.5
309154154	-0.97	-79.76	6.7	18.01	-59.4	59.8	-83.5
311155155	-0.97	-81.31	6.5	18.02	-57.8	58.2	-83.6
313156156	-0.96	-82.79	6.3	18.03	-56.3	56.7	-83.6
315157157	-0.96	-84.19	6.1	18.08	-55.0	55.3	-83.6
317158158	-0.96	-85.63	6.0	18.10	-53.6	53.9	-83.7
319159159	-0.94	-86.99	5.7	18.53	-52.4	52.7	-83.8
321160160	-0.91	-88.39	5.3	19.21	-51.1	51.4	-84.0
323161161	-0.88	-89.78	5.1	19.70	-49.9	50.2	-84.2
325162162	-0.87	-91.28	4.9	20.04	-48.7	48.9	-84.3
327163163	-0.85	-92.79	4.7	20.38	-47.4	47.6	-84.4
329164164	-0.84	-94.27	4.5	20.82	-46.2	46.4	-84.5
331165165	-0.82	-95.75	4.3	21.08	-45.0	45.2	-84.5
333166166	-0.81	-97.35	4.1	21.37	-43.8	44.0	-84.6
335167167	-0.81	-98.84	4.0	21.43	-42.7	42.9	-84.6
337168168	-0.82	-100.36	4.0	21.26	-41.5	41.7	-84.5
339169169	-0.83	-101.91	3.9	21.05	-40.4	40.6	-84.4
341170170	-0.83	-103.53	3.9	21.02	-39.3	39.4	-84.4
343171171	-0.84	-105.10	3.8	20.68	-38.2	38.3	-84.3
345172172	-0.85	-106.62	3.8	20.55	-37.1	37.3	-84.2
347173173	-0.86	-108.14	3.8	20.27	-36.1	36.3	-84.1
349174174	-0.86	-109.71	3.7	20.27	-35.1	35.3	-84.0
351175175	-0.86	-111.31	3.6	20.14	-34.0	34.2	-83.9
353176176	-0.88	-112.89	3.6	19.83	-33.0	33.2	-83.7
355177177	-0.89	-114.37	3.6	19.61	-32.1	32.3	-83.6
357178178	-0.90	-115.85	3.6	19.31	-31.2	31.4	-83.4
359179179	-0.90	-117.43	3.6	19.22	-30.3	30.5	-83.3
361180180	-0.91	-119.04	3.5	19.10	-29.3	29.5	-83.2
363181181	-0.92	-120.56	3.5	18.85	-28.4	28.7	-83.0
365182182	-0.93	-122.11	3.5	18.66	-27.5	27.8	-82.8
367183183	-0.94	-123.67	3.5	18.58	-26.7	26.9	-82.6
369184184	-0.94	-125.21	3.4	18.54	-25.8	26.0	-82.5
371185185	-0.94	-126.67	3.4	18.48	-25.0	25.2	-82.3
373186186	-0.94	-128.13	3.3	18.58	-24.2	24.5	-82.2
375187187	-0.94	-129.68	3.3	18.41	-23.4	23.6	-81.9
377188188	-0.94	-131.11	3.3	18.51	-22.6	22.9	-81.8
379189189	-0.93	-132.51	3.2	18.66	-21.9	22.2	-81.7
381190190	-0.93	-133.97	3.2	18.71	-21.2	21.4	-81.5
383191191	-0.92	-135.35	3.1	18.84	-20.5	20.7	-81.4
385192192	-0.91	-136.75	3.0	19.02	-19.8	20.0	-81.3
387193193	-0.91	-138.10	3.0	19.07	-19.1	19.3	-81.0
389194194	-0.91	-139.47	3.0	19.14	-18.4	18.6	-80.8
391195195	-0.90	-140.78	2.9	19.43	-17.8	18.0	-80.7
393196196	-0.89	-142.06	2.9	19.54	-17.1	17.4	-80.5
395197197	-0.88	-143.34	2.8	19.66	-16.5	16.8	-80.3
397198198	-0.87	-144.66	2.8	20.00	-15.9	16.1	-80.2
399199199	-0.86	-145.83	2.7	20.25	-15.3	15.6	-80.0
401200200	-0.86	-147.03	2.7	20.33	-14.8	15.0	-79.7
403201201	-0.85	-148.21	2.6	20.46	-14.2	14.4	-79.5
405202202	-0.84	-149.39	2.6	20.72	-13.6	13.9	-79.2
407203203	-0.83	-150.57	2.6	20.84	-13.1	13.3	-78.9
409204204	-0.83	-151.64	2.6	20.85	-12.6	12.9	-78.6
411205205	-0.83	-152.74	2.5	20.96	-12.1	12.4	-78.2
413206206	-0.83	-153.81	2.5	20.92	-11.6	11.9	-77.8
415207207	-0.84	-154.85	2.5	20.82	-11.1	11.4	-77.2
417208208	-0.84	-155.91	2.5	20.72	-10.6	10.9	-76.7
419209209	-0.84	-156.94	2.5	20.70	-10.2	10.5	-76.1
421210210	-0.85	-157.93	2.5	20.45	-9.7	10.1	-75.4
423211211	-0.85	-158.92	2.5	20.38	-9.3	9.6	-74.7
425212212	-0.86	-159.88	2.6	20.19	-8.8	9.2	-73.9
427213213	-0.89	-160.86	2.6	19.52	-8.4	8.8	-72.6
429214214	-0.90	-161.86	2.7	19.33	-8.0	8.4	-71.6
431215215	-0.91	-162.78	2.7	19.01	-7.5	8.0	-70.4
433216216	-0.94	-163.72	2.8	18.54	-7.1	7.6	-68.9
435217217	-0.96	-164.69	2.8	18.19	-6.7	7.3	-67.3
437218218	-0.98	-165.58	2.9	17.74	-6.3	6.9	-65.6
439219219	-1.00	-166.51	2.9	17.33	-5.9	6.6	-63.6
441220220	-1.03	-167.46	3.0	16.92	-5.5	6.2	-61.3
443221221	-1.06	-168.37	3.1	16.48	-5.1	5.9	-58.9
445222222	-1.08	-169.25	3.1	16.13	-4.7	5.6	-56.3
447223223	-1.10	-170.20	3.2	15.76	-4.3	5.3	-53.2
449224224	-1.14	-171.11	3.3	15.26	-3.9	5.1	-49.6
451225225	-1.17	-172.08	3.4	14.92	-3.4	4.8	-45.7
453226226	-1.19	-173.00	3.4	14.62	-3.0	4.6	-41.6
455227227	-1.22	-173.94	3.5	14.24	-2.6	4.4	-36.8
457228228	-1.24	-174.93	3.6	13.99	-2.2	4.2	-31.6
459229229	-1.27	-175.93	3.7	13.67	-1.8	4.1	-25.8
461230230	-1.30	-176.88	3.7	13.41	-1.4	4.0	-19.9
463231231	-1.33	-177.90	3.8	13.12	-0.9	3.9	-13.5
465232232	-1.35	-178.90	3.9	12.86	-0.5	3.9	-7.0
467233233	-1.38	-179.86	4.0	12.62	-0.1	4.0	-0.9
469234234	-1.40	179.12	4.0	12.41	0.4	4.0	5.4
471235235	-1.42	178.11	4.1	12.25	0.8	4.2	11.3
473236236	-1.44	177.00	4.1	12.10	1.3	4.3	17.5
475237237	-1.46	176.00	4.2	11.93	1.7	4.5	22.5
477238238	-1.47	174.99	4.2	11.82	2.2	4.8	27.1
479239239	-1.49	173.99	4.3	11.69	2.6	5.0	31.3
481240240	-1.50	172.89	4.3	11.61	3.1	5.3	35.5
483241241	-1.51	171.80	4.4	11.52	3.6	5.6	39.2
485242242	-1.52	170.72	4.4	11.48	4.0	6.0	42.5
487243243	-1.53	169.69	4.4	11.38	4.5	6.3	45.3
489244244	-1.54	168.61	4.5	11.33	4.9	6.7	48.0
491245245	-1.55	167.55	4.5	11.26	5.4	7.0	50.3
493246246	-1.55	166.51	4.5	11.22	5.9	7.4	52.4
495247247	-1.55	165.46	4.5	11.22	6.3	7.8	54.4
497248248	-1.57	164.38	4.6	11.12	6.8	8.2	56.0
499249249	-1.55	163.30	4.5	11.24	7.3	8.6	58.0
501250250	-1.54	162.28	4.5	11.30	7.7	9.0	59.6
503251251	-1.54	161.12	4.5	11.30	8.2	9.4	61.1
505252252	-1.54	160.02	4.6	11.32	8.7	9.9	62.5
507253253	-1.54	159.04	4.6	11.31	9.2	10.2	63.5
509254254	-1.54	157.92	4.6	11.32	9.7	10.7	64.6
511255255	-1.54	156.82	4.6	11.34	10.2	11.2	65.7
513256256	-1.53	155.72	4.6	11.40	10.7	11.6	66.7
515257257	-1.52	154.64	4.6	11.45	11.2	12.1	67.7
517258258	-1.51	153.61	4.6	11.50	11.6	12.5	68.5
519259259	-1.52	152.54	4.6	11.44	12.1	13.0	69.1
521260260	-1.53	151.39	4.7	11.39	12.6	13.5	69.7
523261261	-1.51	150.33	4.6	11.50	13.1	13.9	70.5
525262262	-1.52	149.15	4.7	11.49	13.7	14.5	71.1
527263263	-1.52	148.12	4.7	11.44	14.2	14.9	71.5
529264264	-1.52	146.97	4.8	11.43	14.7	15.5	72.1
531265265	-1.54	145.81	4.8	11.33	15.2	16.0	72.4
533266266	-1.54	144.64	4.9	11.31	15.8	16.5	72.9
535267267	-1.55	143.53	4.9	11.26	16.3	17.1	73.2
537268268	-1.55	142.39	5.0	11.21	16.9	17.6	73.6
539269269	-1.56	141.20	5.0	11.20	17.4	18.2	74.0
541270270	-1.57	140.00	5.1	11.10	18.0	18.7	74.2
543271271	-1.59	138.81	5.2	10.97	18.6	19.3	74.4
545272272	-1.61	137.62	5.3	10.79	19.2	19.9	74.5
547273273	-1.64	136.36	5.5	10.61	19.8	20.6	74.6
549274274	-1.66	135.09	5.6	10.51	20.4	21.2	74.8
551275275	-1.70	133.80	5.8	10.24	21.1	21.9	74.7
553276276	-1.75	132.52	6.0	9.96	21.7	22.5	74.6
555277277	-1.80	131.26	6.2	9.71	22.4	23.2	74.5
557278278	-1.84	130.07	6.4	9.50	23.0	23.8	74.5
559279279	-1.87	128.79	6.6	9.30	23.6	24.5	74.4
561280280	-1.92	127.63	6.8	9.08	24.2	25.2	74.3
563281281	-1.98	126.36	7.1	8.80	24.9	25.9	74.0
565282282	-2.04	125.18	7.4	8.57	25.5	26.5	73.9
567283283	-2.10	124.16	7.7	8.30	26.0	27.1	73.5
569284284	-2.17	123.13	8.0	8.06	26.5	27.7	73.3
571285285	-2.19	121.94	8.2	7.96	27.2	28.4	73.3
573286286	-2.25	120.84	8.5	7.78	27.8	29.0	73.1
575287287	-2.29	119.77	8.7	7.63	28.3	29.6	72.9
577288288	-2.32	118.81	8.9	7.53	28.9	30.2	72.8
579289289	-2.35	117.73	9.1	7.42	29.5	30.8	72.8
581290290	-2.40	116.68	9.4	7.29	30.0	31.5	72.6
583291291	-2.42	115.77	9.6	7.23	30.6	32.0	72.6
585292292	-2.44	114.87	9.7	7.17	31.1	32.6	72.6
587293293	-2.45	113.70	9.9	7.15	31.8	33.3	72.7
589294294	-2.44	112.69	10.0	7.16	32.4	33.9	72.8
591295295	-2.44	111.59	10.1	7.17	33.0	34.5	73.0
593296296	-2.43	110.61	10.2	7.20	33.6	35.1	73.2
595297297	-2.41	109.52	10.2	7.25	34.3	35.8	73.4
597298298	-2.39	108.41	10.3	7.31	35.0	36.5	73.6
599299299	-2.36	107.41	10.3	7.42	35.7	37.2	73.9
601300300	-2.34	106.11	10.4	7.48	36.6	38.0	74.2
603301301	-2.31	105.02	10.4	7.55	37.3	38.7	74.4
605302302	-2.27	103.76	10.4	7.69	38.2	39.6	74.8
607303303	-2.24	102.59	10.4	7.81	39.0	40.4	75.1
609304304	-2.19	101.40	10.3	7.98	39.9	41.2	75.4
611305305	-2.16	100.22	10.4	8.07	40.7	42.0	75.7
613306306	-2.11	98.87	10.4	8.26	41.7	43.0	76.0
615307307	-2.07	97.71	10.3	8.43	42.6	43.9	76.4
617308308	-2.03	96.38	10.4	8.58	43.6	44.9	76.6
619309309	-2.00	95.15	10.4	8.71	44.6	45.8	76.9
621310310	-1.94	93.86	10.3	8.98	45.7	46.8	77.3
623311311	-1.92	92.64	10.4	9.11	46.7	47.8	77.5
625312312	-1.88	91.41	10.4	9.26	47.7	48.8	77.7
627313313	-1.84	90.14	10.4	9.46	48.8	49.9	77.9
629314314	-1.80	88.90	10.4	9.68	49.9	50.9	78.2
631315315	-1.76	87.66	10.4	9.92	51.0	52.0	78.5
633316316	-1.71	86.49	10.4	10.17	52.1	53.1	78.7
635317317	-1.71	85.28	10.6	10.20	53.2	54.2	78.8
637318318	-1.67	84.12	10.6	10.43	54.3	55.3	79.0
639319319	-1.63	82.83	10.6	10.68	55.6	56.6	79.2
641320320	-1.60	81.68	10.6	10.90	56.7	57.7	79.4
643321321	-1.57	80.58	10.7	11.06	57.8	58.8	79.5
645322322	-1.56	79.31	10.8	11.20	59.2	60.1	79.6
647323323	-1.54	78.11	11.0	11.34	60.4	61.4	79.7
649324324	-1.52	76.95	11.1	11.48	61.7	62.7	79.8
651325325	-1.50	75.85	11.3	11.62	62.9	63.9	79.9
653326326	-1.50	74.79	11.5	11.63	64.1	65.1	79.8
655327327	-1.48	73.55	11.7	11.74	65.6	66.6	79.9
657328328	-1.49	72.36	12.1	11.68	66.9	68.0	79.7
659329329	-1.49	71.17	12.5	11.66	68.4	69.5	79.7
661330330	-1.48	69.68	12.8	11.77	70.3	71.4	79.7
663331331	-1.47	68.28	13.2	11.86	72.1	73.3	79.6
665332332	-1.47	67.05	13.7	11.81	73.7	75.0	79.5
667333333	-1.50	65.87	14.3	11.65	75.3	76.6	79.3
669334334	-1.51	64.57	14.9	11.57	77.1	78.5	79.1
671335335	-1.52	63.27	15.5	11.47	79.0	80.5	78.9
673336336	-1.53	61.97	16.3	11.36	80.9	82.5	78.6
675337337	-1.55	60.57	17.1	11.22	83.0	84.7	78.3
677338338	-1.60	59.22	18.3	10.91	85.0	87.0	77.9
679339339	-1.64	57.84	19.5	10.63	87.2	89.3	77.4
681340340	-1.66	56.64	20.5	10.49	89.2	91.5	77.0
683341341	-1.71	55.15	22.1	10.20	91.6	94.2	76.4
685342342	-1.74	53.59	23.7	10.01	94.3	97.2	75.9
687343343	-1.79	52.06	25.5	9.75	97.0	100.3	75.3
689344344	-1.85	50.60	27.6	9.45	99.6	103.3	74.5
691345345	-1.88	48.98	29.7	9.27	102.7	107.0	73.9
693346346	-1.94	47.37	32.3	9.00	105.8	110.6	73.0
695347347	-1.99	45.71	35.3	8.75	109.0	114.6	72.1
697348348	-2.06	43.91	38.9	8.48	112.6	119.2	71.0
699349349	-2.11	42.13	42.5	8.29	116.5	124.0	69.9
701350350	-2.18	40.46	46.8	8.03	119.9	128.7	68.7
703351351	-2.23	38.50	51.9	7.82	124.2	134.6	67.3
705352352	-2.30	36.80	57.1	7.60	127.7	139.9	65.9
707353353	-2.36	34.92	63.3	7.42	131.8	146.2	64.4
709354354	-2.43	33.02	70.6	7.19	135.6	152.9	62.5
711355355	-2.48	31.09	78.4	7.04	139.7	160.2	60.7
713356356	-2.54	29.16	87.4	6.88	143.4	167.9	58.7
715357357	-2.61	27.23	97.6	6.71	146.4	175.9	56.3
717358358	-2.66	25.46	107.7	6.58	148.9	183.8	54.1
719359359	-2.72	23.55	120.0	6.43	150.4	192.4	51.4
721360360	-2.77	21.63	133.3	6.32	151.4	201.7	48.6
723361361	-2.81	19.75	147.5	6.24	151.6	211.5	45.8
725362362	-2.85	17.95	162.2	6.14	149.4	220.5	42.6
727363363	-2.88	16.08	178.5	6.09	146.4	230.9	39.4
729364364	-2.91	14.16	196.1	6.02	140.5	241.2	35.6
731365365	-2.93	12.25	214.4	5.99	132.4	252.0	31.7
733366366	-2.94	10.43	232.1	5.97	122.0	262.2	27.7
735367367	-2.96	8.51	249.6	5.93	106.4	271.3	23.1
737368368	-2.95	6.48	267.6	5.94	87.1	281.4	18.0
739369369	-2.96	4.52	281.0	5.92	63.7	288.1	12.8
741370370	-2.95	2.65	292.1	5.95	39.0	294.7	7.6
743371371	-2.96	0.71	295.8	5.92	10.6	296.0	2.0
745372372	-2.97	-1.37	294.3	5.91	-20.2	295.0	-3.9
747373373	-2.97	-3.47	286.7	5.91	-49.9	291.0	-9.9
749374374	-2.97	-5.52	273.9	5.91	-75.7	284.1	-15.4
751375375	-2.97	-7.63	256.7	5.90	-97.6	274.7	-20.8
753376376	-2.99	-9.67	237.2	5.87	-113.6	263.0	-25.6
755377377	-3.01	-11.82	215.9	5.82	-125.0	249.5	-30.1
757378378	-3.04	-13.81	196.8	5.78	-131.7	236.8	-33.8
759379379	-3.07	-15.80	178.8	5.72	-135.0	224.1	-37.1
761380380	-3.12	-17.93	161.3	5.63	-135.5	210.7	-40.0
763381381	-3.16	-19.98	146.3	5.56	-134.4	198.7	-42.6
765382382	-3.22	-22.16	132.2	5.46	-131.7	186.6	-44.9
767383383	-3.30	-24.15	121.2	5.33	-127.4	175.8	-46.4
769384384	-3.39	-26.17	111.4	5.19	-122.8	165.8	-47.8
771385385	-3.53	-28.08	103.7	4.99	-116.8	156.2	-48.4
773386386	-3.65	-29.95	96.9	4.83	-111.9	148.1	-49.1
775387387	-3.77	-31.86	90.9	4.68	-107.1	140.5	-49.7
777388388	-3.94	-33.61	86.3	4.49	-101.8	133.5	-49.7
779389389	-4.13	-35.13	83.0	4.29	-96.8	127.5	-49.4
781390390	-4.31	-36.53	80.2	4.12	-92.4	122.4	-49.1
783391391	-4.49	-37.68	78.3	3.95	-88.5	118.1	-48.5
785392392	-4.67	-38.30	77.6	3.81	-85.3	115.3	-47.7
787393393	-4.82	-38.71	77.3	3.69	-82.8	113.3	-46.9
789394394	-4.93	-38.99	77.1	3.62	-81.1	111.9	-46.4
791395395	-5.00	-39.10	77.1	3.57	-80.0	111.1	-46.1
793396396	-4.96	-38.98	77.2	3.59	-80.6	111.6	-46.2
795397397	-4.87	-38.96	76.9	3.66	-81.9	112.3	-46.8
797398398	-4.72	-39.05	76.1	3.77	-84.0	113.4	-47.8
799399399	-4.46	-39.41	74.1	3.98	-87.6	114.7	-49.8
801400400	-4.18	-40.15	70.7	4.24	-91.2	115.4	-52.2
803401401	-3.87	-41.69	65.0	4.56	-93.8	114.2	-55.3
805402402	-3.60	-43.72	58.5	4.90	-94.9	111.4	-58.3
807403403	-3.35	-46.14	51.7	5.25	-94.2	107.5	-61.2
809404404	-3.15	-48.96	45.2	5.58	-92.0	102.5	-63.9
811405405	-2.98	-52.03	39.4	5.88	-88.7	97.1	-66.1
813406406	-2.85	-55.07	34.7	6.14	-85.1	91.9	-67.8
815407407	-2.78	-58.22	31.0	6.31	-81.0	86.7	-69.1
817408408	-2.70	-61.41	27.7	6.49	-77.0	81.8	-70.2
819409409	-2.65	-64.51	25.1	6.61	-73.2	77.4	-71.1
821410410	-2.65	-67.56	23.3	6.61	-69.5	73.3	-71.5
823411411	-2.63	-70.79	21.5	6.64	-65.8	69.2	-71.9
825412412	-2.63	-73.72	20.0	6.67	-62.7	65.8	-72.3
827413413	-2.62	-76.58	18.8	6.69	-59.8	62.7	-72.5
829414414	-2.62	-79.50	17.7	6.69	-56.9	59.6	-72.7
831415415	-2.63	-82.26	16.9	6.64	-54.3	56.9	-72.7
833416416	-2.64	-85.00	16.1	6.62	-51.9	54.4	-72.8
835417417	-2.65	-87.64	15.4	6.61	-49.7	52.0	-72.8
837418418	-2.65	-90.22	14.8	6.60	-47.6	49.8	-72.8
839419419	-2.67	-92.76	14.3	6.55	-45.6	47.8	-72.6
841420420	-2.67	-95.29	13.7	6.56	-43.7	45.8	-72.6
843421421	-2.67	-97.78	13.2	6.56	-41.9	43.9	-72.5
845422422	-2.68	-99.97	12.8	6.54	-40.3	42.3	-72.4
847423423	-2.71	-102.22	12.6	6.47	-38.8	40.7	-72.1
849424424	-2.73	-104.40	12.3	6.42	-37.3	39.3	-71.8
851425425	-2.73	-106.69	11.9	6.42	-35.8	37.8	-71.6
853426426	-2.73	-108.83	11.7	6.41	-34.5	36.4	-71.3
855427427	-2.75	-110.90	11.5	6.36	-33.2	35.1	-71.0
857428428	-2.79	-112.97	11.3	6.29	-31.9	33.9	-70.5
859429429	-2.81	-114.94	11.2	6.24	-30.7	32.7	-70.1
861430430	-2.82	-116.90	11.0	6.20	-29.6	31.6	-69.6
863431431	-2.85	-118.90	10.9	6.16	-28.5	30.5	-69.1
865432432	-2.85	-120.81	10.7	6.15	-27.4	29.4	-68.7
867433433	-2.89	-122.69	10.6	6.07	-26.4	28.4	-68.1
869434434	-2.94	-124.67	10.6	5.97	-25.3	27.4	-67.3
871435435	-2.96	-126.44	10.5	5.93	-24.3	26.5	-66.7
873436436	-2.99	-128.38	10.4	5.87	-23.3	25.6	-65.9
875437437	-3.02	-130.21	10.4	5.80	-22.4	24.7	-65.1
877438438	-3.05	-132.11	10.3	5.76	-21.4	23.8	-64.2
879439439	-3.09	-133.93	10.3	5.68	-20.5	22.9	-63.2
881440440	-3.12	-135.75	10.3	5.62	-19.6	22.1	-62.2
883441441	-3.15	-137.57	10.3	5.58	-18.7	21.3	-61.2
885442442	-3.15	-139.27	10.2	5.57	-17.9	20.6	-60.4
887443443	-3.18	-141.05	10.1	5.53	-17.0	19.8	-59.3
889444444	-3.19	-142.91	10.1	5.51	-16.2	19.0	-58.1
891445445	-3.20	-144.63	10.0	5.49	-15.4	18.3	-56.9
893446446	-3.22	-146.48	9.9	5.46	-14.5	17.6	-55.6
895447447	-3.23	-148.26	9.9	5.44	-13.7	16.9	-54.1
897448448	-3.24	-150.01	9.8	5.43	-12.9	16.2	-52.7
899449449	-3.24	-151.69	9.8	5.42	-12.2	15.6	-51.2
901450450	-3.23	-153.33	9.7	5.44	-11.4	15.0	-49.7
903451451	-3.22	-155.19	9.6	5.45	-10.6	14.3	-47.9
905452452	-3.21	-156.80	9.5	5.47	-9.9	13.7	-46.2
907453453	-3.18	-158.46	9.4	5.52	-9.2	13.1	-44.4
909454454	-3.15	-160.05	9.2	5.57	-8.5	12.6	-42.6
911455455	-3.13	-161.72	9.1	5.62	-7.8	12.0	-40.5
913456456	-3.08	-163.22	8.9	5.71	-7.1	11.4	-38.6
915457457	-3.06	-164.88	8.9	5.74	-6.4	10.9	-36.0
917458458	-3.02	-166.43	8.7	5.80	-5.8	10.5	-33.4
919459459	-2.98	-167.95	8.6	5.89	-5.1	10.0	-30.9
921460460	-2.94	-169.44	8.4	5.97	-4.5	9.6	-28.0
923461461	-2.88	-170.93	8.3	6.08	-3.9	9.1	-25.0
925462462	-2.82	-172.31	8.1	6.21	-3.3	8.7	-22.0
927463463	-2.78	-173.73	7.9	6.31	-2.7	8.4	-18.6
929464464	-2.72	-175.09	7.8	6.44	-2.1	8.1	-15.1
931465465	-2.67	-176.46	7.6	6.56	-1.5	7.8	-11.2
933466466	-2.60	-177.81	7.4	6.72	-0.9	7.5	-7.1
935467467	-2.54	-179.07	7.3	6.89	-0.4	7.3	-3.1
937468468	-2.47	179.67	7.1	7.07	0.1	7.1	1.2
939469469	-2.41	178.39	6.9	7.24	0.7	6.9	5.7
941470470	-2.36	177.18	6.7	7.41	1.2	6.9	10.1
943471471	-2.29	175.97	6.6	7.63	1.7	6.8	14.7
945472472	-2.24	174.75	6.4	7.79	2.3	6.8	19.3
947473473	-2.18	173.59	6.3	8.01	2.8	6.8	23.8
949474474	-2.11	172.37	6.1	8.26	3.3	6.9	28.4
951475475	-2.05	171.19	5.9	8.50	3.8	7.0	32.7
953476476	-1.99	169.95	5.8	8.76	4.3	7.2	37.0
955477477	-1.93	168.80	5.6	9.03	4.8	7.4	40.9
957478478	-1.87	167.67	5.4	9.33	5.3	7.6	44.6
959479479	-1.80	166.56	5.2	9.67	5.8	7.8	48.0
961480480	-1.75	165.37	5.1	9.96	6.4	8.1	51.2
963481481	-1.69	164.26	4.9	10.33	6.8	8.4	54.2
965482482	-1.64	163.05	4.8	10.65	7.4	8.8	57.0
967483483	-1.59	161.89	4.7	10.96	7.9	9.2	59.4
969484484	-1.54	160.66	4.5	11.35	8.5	9.6	61.8
971485485	-1.46	159.48	4.3	11.91	9.0	10.0	64.2
973486486	-1.40	158.29	4.2	12.42	9.5	10.4	66.3
975487487	-1.34	157.18	4.0	12.97	10.0	10.8	68.2
977488488	-1.29	155.91	3.9	13.46	10.6	11.3	69.9
979489489	-1.23	154.69	3.7	14.20	11.2	11.8	71.7
981490490	-1.18	153.44	3.6	14.72	11.7	12.3	73.0
983491491	-1.11	152.20	3.4	15.67	12.3	12.8	74.6
985492492	-1.05	150.95	3.2	16.49	12.9	13.3	75.9
987493493	-0.99	149.70	3.1	17.48	13.5	13.8	77.2
989494494	-0.94	148.29	2.9	18.47	14.2	14.5	78.3
991495495	-0.88	146.89	2.7	19.86	14.8	15.1	79.5
993496496	-0.81	145.60	2.6	21.45	15.4	15.7	80.6
995497497	-0.76	144.21	2.4	22.80	16.1	16.3	81.5
997498498	-0.69	142.90	2.2	25.06	16.7	16.9	82.5
999499499	-0.62	141.47	2.0	27.87	17.4	17.6	83.4
1001500500	-0.56	140.07	1.8	30.95	18.1	18.2	84.2
1003501501	-0.49	138.64	1.6	35.21	18.9	18.9	85.1
1005502502	-0.42	137.15	1.4	40.94	19.6	19.7	85.9
1007503503	-0.36	135.72	1.2	47.71	20.3	20.4	86.6
1009504504	-0.28	134.07	0.9	62.09	21.2	21.2	87.4
1011505505	-0.22	132.61	0.7	80.60	21.9	21.9	88.1
1013506506	-0.14	131.15	0.5	122.48	22.7	22.7	88.8
1015507507	-0.05	129.59	0.2	335.86	23.5	23.5	89.6
1017508508	-0.01	127.97	0.0	606.14	24.4	24.4	89.9
1019509509	0.00	126.46	0.0	?	25.2	25.2	90.0
1021510510	0.00	124.89	0.0	?	26.1	26.1	90.0
1023511511	0.00	123.20	0.0	?	27.0	27.0	90.0
1025512512	0.00	121.51	0.0	?	28.0	28.0	90.0
1027513513	0.00	119.91	0.0	?	28.9	28.9	90.0
1029514514	0.00	118.21	0.0	?	29.9	29.9	90.0
1031515515	0.00	116.53	0.0	?	30.9	30.9	90.0
1033516516	0.00	114.82	0.0	?	32.0	32.0	90.0
1035517517	0.00	113.16	0.0	?	33.0	33.0	90.0
1037518518	0.00	111.63	0.0	?	34.0	34.0	90.0
1039519519	0.00	109.83	0.0	?	35.1	35.1	90.0
1041520520	0.00	108.13	0.0	?	36.2	36.2	90.0
1043521521	0.00	106.46	0.0	?	37.4	37.4	90.0
1045522522	-1.04	165.62	3.0	16.72	6.3	7.0	64.2
1047523523	0.00	150.77	0.0	?	13.0	13.0	90.0
1049524524	0.00	99.47	0.0	?	42.4	42.4	90.0
1051525525	-0.52	92.35	2.9	33.65	47.9	48.0	86.6
1053526526	-0.55	90.02	3.2	31.69	49.9	50.0	86.4
1055527527	-0.61	87.94	3.6	28.64	51.7	51.8	86.0
1057528528	-0.62	85.59	3.9	27.84	53.9	54.0	85.9
1059529529	-0.65	83.19	4.2	26.71	56.1	56.3	85.7
1061530530	-0.70	81.03	4.7	25.00	58.3	58.5	85.4
1063531531	-0.78	78.49	5.6	22.29	60.9	61.2	84.8
1065532532	-0.86	76.10	6.5	20.24	63.5	63.8	84.2
1067533533	-0.93	73.87	7.4	18.71	66.0	66.4	83.6
1069534534	-1.04	71.42	8.7	16.80	68.8	69.4	82.8
1071535535	-1.14	69.09	10.1	15.25	71.7	72.4	82.0
1073536536	-1.28	66.95	11.9	13.64	74.3	75.2	80.9
1075537537	-1.38	64.46	13.7	12.61	77.6	78.8	80.0
1077538538	-1.55	62.07	16.4	11.26	80.7	82.3	78.5
1079539539	-1.67	59.59	18.9	10.42	84.2	86.3	77.3
1081540540	-1.86	57.33	22.3	9.39	87.1	89.9	75.6
1083541541	-2.04	54.97	26.1	8.55	90.2	93.9	73.8
1085542542	-2.20	52.48	30.3	7.93	93.7	98.5	72.1
1087543543	-2.47	50.18	36.0	7.09	96.0	102.5	69.5
1089544544	-2.73	47.48	42.7	6.41	98.5	107.4	66.6
1091545545	-3.02	45.10	50.0	5.80	99.7	111.5	63.4
1093546546	-3.32	42.82	57.5	5.29	99.8	115.2	60.0
1095547547	-3.67	40.25	66.5	4.80	98.7	119.0	56.0
1097548548	-4.05	38.09	74.7	4.37	95.3	121.1	51.9
1099549549	-4.43	35.92	82.4	4.00	90.7	122.6	47.7
1101550550	-4.87	33.49	90.2	3.66	84.3	123.5	43.1
1103551551	-5.31	30.93	97.1	3.37	76.7	123.7	38.3
1105552552	-5.78	28.43	102.1	3.12	68.0	122.7	33.6
1107553553	-6.27	25.87	105.6	2.89	58.5	120.7	29.0
1109554554	-6.83	22.94	107.5	2.67	48.1	117.8	24.1
1111555555	-7.44	20.35	106.7	2.48	38.5	113.5	19.8
1113556556	-8.10	17.19	104.9	2.30	28.9	108.8	15.4
1115557557	-8.72	14.49	101.9	2.16	21.6	104.2	12.0
1117558558	-9.38	11.24	98.4	2.03	14.7	99.5	8.5
1119559559	-10.60	5.53	91.3	1.84	5.7	91.5	3.6
1121560560	-11.48	0.91	86.4	1.73	0.8	86.4	0.5
1123561561	-12.50	-3.85	80.9	1.62	-2.7	81.0	-1.9
1125562562	-13.54	-9.10	76.0	1.53	-5.3	76.2	-4.0
1127563563	-14.44	-13.33	72.3	1.47	-6.6	72.6	-5.2
1129564564	-15.46	-20.08	68.3	1.41	-8.1	68.8	-6.8
1131565565	-16.72	-29.23	63.8	1.34	-9.3	64.5	-8.3
1133566566	-17.80	-39.86	60.1	1.30	-10.1	60.9	-9.5
1135567567	-18.83	-53.67	56.2	1.26	-10.5	57.2	-10.6
1137568568	-19.50	-70.36	52.6	1.24	-10.6	53.7	-11.4
1139569569	-19.71	-86.01	49.6	1.23	-10.4	50.7	-11.8
1141570570	-19.45	-102.45	46.8	1.24	-9.8	47.8	-11.9
1143571571	-18.78	-115.80	44.3	1.26	-9.3	45.3	-11.9
1145572572	-17.87	-128.55	41.8	1.29	-8.5	42.7	-11.5
1147573573	-16.95	-138.86	39.7	1.33	-7.6	40.4	-10.8
1149574574	-15.95	-146.84	37.7	1.38	-6.8	38.3	-10.2
1151575575	-14.99	-154.21	35.8	1.43	-5.7	36.3	-9.1
1153576576	-14.23	-160.20	34.3	1.48	-4.7	34.6	-7.8
1155577577	-13.33	-166.16	32.5	1.55	-3.5	32.7	-6.2
1157578578	-12.60	-171.15	31.1	1.61	-2.4	31.2	-4.4
1159579579	-11.88	-175.38	29.7	1.68	-1.3	29.8	-2.5
1161580580	-11.33	-179.34	28.7	1.75	-0.2	28.7	-0.4
1163581581	-10.85	177.31	27.7	1.80	0.8	27.7	1.7
1165582582	-10.40	174.43	26.9	1.86	1.7	26.9	3.7
1167583583	-9.84	171.52	25.7	1.95	2.7	25.9	6.1
1169584584	-9.43	168.16	25.0	2.02	3.9	25.3	8.9
1171585585	-9.07	164.76	24.3	2.09	5.1	24.8	11.9
1173586586	-8.78	161.79	23.8	2.14	6.2	24.6	14.7
1175587587	-8.45	159.04	23.2	2.22	7.3	24.3	17.5
1177588588	-8.20	156.37	22.8	2.27	8.4	24.2	20.2
1179589589	-7.94	153.88	22.3	2.34	9.4	24.2	22.8
1181590590	-7.71	151.89	21.9	2.40	10.2	24.2	25.0
1183591591	-7.53	149.29	21.7	2.45	11.3	24.4	27.5
1185592592	-7.38	147.09	21.5	2.49	12.2	24.7	29.6
1187593593	-7.23	144.77	21.3	2.54	13.2	25.1	31.8
1189594594	-7.11	142.96	21.2	2.58	14.0	25.4	33.4
1191595595	-7.03	141.41	21.2	2.60	14.7	25.8	34.7
1193596596	-6.91	139.74	21.0	2.65	15.4	26.1	36.2
1195597597	-6.71	138.48	20.7	2.72	16.1	26.2	37.9
1197598598	-6.58	136.96	20.5	2.76	16.8	26.5	39.3
1199599599	-6.40	135.43	20.2	2.84	17.6	26.8	41.1
1201600600	-6.26	134.18	19.9	2.89	18.2	27.0	42.4
1203601601	-6.05	132.73	19.5	2.99	19.0	27.3	44.2
1205602602	-5.88	131.12	19.3	3.06	19.9	27.7	45.9
1207603603	-5.69	129.70	18.9	3.16	20.7	28.0	47.6
1209604604	-5.49	127.70	18.6	3.27	21.8	28.6	49.5
1211605605	-5.28	125.72	18.2	3.39	22.9	29.2	51.5
1213606606	-5.13	123.31	18.1	3.49	24.2	30.2	53.2
1215607607	-4.92	120.88	17.8	3.63	25.6	31.2	55.2
1217608608	-4.78	118.93	17.7	3.72	26.7	32.0	56.5
1219609609	-4.58	116.25	17.4	3.88	28.3	33.2	58.4
1221610610	-4.46	113.66	17.5	3.98	29.8	34.5	59.6
1223611611	-4.34	110.91	17.6	4.08	31.5	36.0	60.8
1225612612	-4.25	107.95	17.8	4.17	33.3	37.7	61.8
1227613613	-4.17	105.29	18.1	4.25	34.9	39.3	62.7
1229614614	-4.09	102.42	18.4	4.32	36.8	41.1	63.4
1231615615	-4.02	99.91	18.7	4.40	38.4	42.8	64.0
1233616616	-3.96	97.00	19.2	4.46	40.4	44.8	64.6
1235617617	-3.89	94.51	19.6	4.54	42.2	46.6	65.1
1237618618	-3.81	92.14	19.9	4.63	44.0	48.3	65.6
1239619619	-3.68	89.55	20.2	4.79	46.1	50.4	66.4
1241620620	-3.57	87.05	20.4	4.94	48.3	52.4	67.1
1243621621	-3.40	84.76	20.4	5.17	50.5	54.4	68.0
1245622622	-3.19	81.83	20.2	5.52	53.5	57.2	69.3
1247623623	-2.88	78.91	19.6	6.08	56.8	60.1	71.0
1249624624	-2.58	75.70	18.9	6.77	60.7	63.6	72.7
1251625625	-2.30	71.87	18.5	7.59	65.6	68.2	74.2
1253626626	-2.03	67.76	18.2	8.60	71.3	73.6	75.7
1255627627	-1.78	63.41	18.0	9.80	78.0	80.0	77.0
1257628628	-1.58	58.63	18.4	11.02	86.1	88.0	77.9
1259629629	-1.40	53.60	19.3	12.43	95.9	97.8	78.6
1261630630	-1.24	48.75	20.4	14.08	107.2	109.1	79.2
1263631631	-1.13	43.45	23.1	15.41	121.7	123.9	79.3
1265632632	-1.08	38.68	27.4	16.15	137.6	140.3	78.7
1267633633	-1.06	33.61	35.2	16.34	158.4	162.3	77.5
1269634634	-1.07	28.72	47.4	16.21	183.9	189.9	75.5
1271635635	-1.09	23.85	67.5	15.95	216.7	227.0	72.7
1273636636	-1.17	19.30	103.7	14.82	252.9	273.3	67.7
1275637637	-1.33	14.90	169.5	13.09	283.4	330.2	59.1
1277638638	-1.44	10.60	269.9	12.13	299.2	402.9	47.9
1279639639	-1.57	6.35	403.3	11.08	245.1	471.9	31.3
1281640640	-1.71	2.29	489.1	10.18	98.5	498.9	11.4
1283641641	-1.86	-1.69	459.8	9.37	-63.0	464.1	-7.8
1285642642	-2.06	-5.55	363.6	8.48	-146.9	392.2	-22.0
1287643643	-2.24	-9.44	277.6	7.80	-174.7	328.0	-32.2
1289644644	-2.40	-13.03	218.0	7.27	-175.4	279.8	-38.8
1291645645	-2.62	-16.90	172.0	6.67	-163.1	237.0	-43.5
1293646646	-2.80	-20.67	140.5	6.25	-151.0	206.2	-47.1
1295647647	-2.98	-23.84	120.9	5.89	-139.6	184.6	-49.1
1297648648	-3.19	-27.52	103.5	5.51	-127.5	164.2	-50.9
1299649649	-3.36	-30.83	91.4	5.23	-118.0	149.2	-52.2
1301650650	-3.56	-34.60	80.4	4.95	-108.4	134.9	-53.4
1303651651	-3.70	-37.86	72.5	4.76	-101.4	124.7	-54.4
1305652652	-3.84	-41.36	65.5	4.60	-94.7	115.1	-55.4
1307653653	-3.97	-44.48	60.2	4.45	-89.2	107.6	-56.0
1309654654	-4.07	-47.81	55.2	4.34	-84.1	100.6	-56.7
1311655655	-4.19	-50.97	51.3	4.22	-79.4	94.5	-57.1
1313656656	-4.32	-54.27	47.8	4.10	-74.8	88.8	-57.4
1315657657	-4.39	-57.45	44.5	4.04	-71.2	83.9	-58.0
1317658658	-4.42	-60.25	41.8	4.01	-68.2	80.0	-58.5
1319659659	-4.50	-63.45	39.2	3.95	-64.8	75.7	-58.8
1321660660	-4.53	-66.20	37.1	3.92	-62.2	72.4	-59.2
1323661661	-4.53	-69.07	34.9	3.92	-59.7	69.2	-59.7
1325662662	-4.56	-71.90	33.1	3.90	-57.2	66.1	-60.0
1327663663	-4.57	-74.35	31.6	3.89	-55.2	63.6	-60.2
1329664664	-4.57	-76.87	30.1	3.89	-53.2	61.2	-60.5
1331665665	-4.56	-79.43	28.7	3.90	-51.3	58.8	-60.8
1333666666	-4.55	-81.79	27.5	3.91	-49.6	56.7	-61.0
1335667667	-4.53	-83.91	26.4	3.92	-48.1	54.9	-61.2
1337668668	-4.48	-86.12	25.2	3.96	-46.7	53.1	-61.6
1339669669	-4.47	-88.17	24.3	3.98	-45.3	51.4	-61.7
1341670670	-4.43	-90.17	23.4	4.01	-44.0	49.9	-62.0
1343671671	-4.41	-92.31	22.6	4.02	-42.6	48.2	-62.1
1345672672	-4.35	-94.23	21.7	4.07	-41.5	46.8	-62.3
1347673673	-4.30	-96.07	20.9	4.12	-40.4	45.5	-62.6
1349674674	-4.25	-97.71	20.3	4.17	-39.4	44.3	-62.8
1351675675	-4.22	-99.32	19.7	4.20	-38.5	43.2	-62.9
1353676676	-4.19	-100.94	19.2	4.22	-37.5	42.1	-62.9
1355677677	-4.10	-102.64	18.4	4.31	-36.6	41.0	-63.3
1357678678	-4.08	-104.14	18.0	4.33	-35.7	40.0	-63.3
1359679679	-4.03	-105.85	17.4	4.39	-34.8	38.9	-63.4
1361680680	-4.00	-107.19	17.0	4.42	-34.0	38.0	-63.5
1363681681	-3.96	-108.55	16.6	4.46	-33.3	37.2	-63.5
1365682682	-3.90	-109.97	16.1	4.53	-32.5	36.3	-63.7
1367683683	-3.87	-111.53	15.7	4.56	-31.7	35.4	-63.7
1369684684	-3.80	-112.82	15.2	4.65	-31.0	34.6	-63.9
1371685685	-3.74	-114.01	14.8	4.72	-30.4	33.8	-64.1
1373686686	-3.70	-115.22	14.4	4.77	-29.8	33.1	-64.1
1375687687	-3.67	-116.41	14.2	4.80	-29.2	32.4	-64.1
1377688688	-3.62	-117.79	13.8	4.87	-28.5	31.6	-64.1
1379689689	-3.54	-119.04	13.3	4.98	-27.8	30.9	-64.4
1381690690	-3.47	-120.10	12.9	5.08	-27.3	30.2	-64.7
1383691691	-3.45	-121.19	12.8	5.10	-26.8	29.7	-64.5
1385692692	-3.40	-122.37	12.4	5.18	-26.2	29.0	-64.6
1387693693	-3.34	-123.52	12.1	5.27	-25.6	28.3	-64.7
1389694694	-3.30	-124.57	11.9	5.33	-25.1	27.8	-64.7
1391695695	-3.23	-125.64	11.5	5.43	-24.6	27.2	-64.9
1393696696	-3.18	-126.63	11.2	5.52	-24.1	26.6	-65.0
1395697697	-3.09	-127.69	10.9	5.67	-23.6	26.0	-65.3
1397698698	-3.04	-128.60	10.6	5.77	-23.2	25.5	-65.4
1399699699	-2.97	-129.64	10.3	5.92	-22.7	24.9	-65.7
1401700700	-2.89	-130.45	10.0	6.06	-22.3	24.4	-66.0
1403701701	-2.82	-131.48	9.6	6.21	-21.8	23.9	-66.2
1405702702	-2.77	-132.39	9.4	6.33	-21.4	23.4	-66.3
1407703703	-2.71	-133.11	9.1	6.47	-21.1	23.0	-66.5
1409704704	-2.64	-133.91	8.9	6.63	-20.7	22.5	-66.8
1411705705	-2.58	-134.71	8.6	6.78	-20.3	22.1	-67.0
1413706706	-2.52	-135.53	8.4	6.95	-19.9	21.6	-67.3
1415707707	-2.43	-136.16	8.1	7.18	-19.7	21.3	-67.7
1417708708	-2.36	-136.78	7.8	7.40	-19.4	20.9	-68.1
1419709709	-2.29	-137.52	7.5	7.64	-19.1	20.5	-68.5
1421710710	-2.24	-138.19	7.3	7.81	-18.7	20.1	-68.7
1423711711	-2.15	-138.84	7.0	8.12	-18.4	19.7	-69.2
1425712712	-2.07	-139.36	6.7	8.45	-18.2	19.4	-69.8
1427713713	-2.00	-139.99	6.5	8.72	-17.9	19.1	-70.1
1429714714	-1.92	-140.55	6.2	9.06	-17.7	18.7	-70.6
1431715715	-1.86	-141.15	6.0	9.37	-17.4	18.4	-71.0
1433716716	-1.80	-141.49	5.8	9.66	-17.3	18.2	-71.4
1435717717	-1.75	-141.98	5.6	9.94	-17.0	17.9	-71.7
1437718718	-1.69	-142.52	5.4	10.34	-16.8	17.6	-72.2
1439719719	-1.60	-143.02	5.1	10.88	-16.6	17.3	-72.9
1441720720	-1.53	-143.37	4.9	11.39	-16.4	17.1	-73.5
1443721721	-1.45	-143.57	4.6	12.02	-16.3	17.0	-74.2
1445722722	-1.38	-144.03	4.4	12.60	-16.1	16.7	-74.8
1447723723	-1.34	-144.44	4.2	13.03	-15.9	16.5	-75.1
1449724724	-1.29	-144.85	4.1	13.51	-15.7	16.3	-75.5
1451725725	-1.25	-145.20	4.0	13.88	-15.6	16.1	-75.8
1453726726	-1.17	-145.35	3.7	14.81	-15.5	16.0	-76.6
1455727727	-1.13	-145.70	3.5	15.45	-15.4	15.8	-77.0
1457728728	-1.09	-145.81	3.4	16.03	-15.3	15.7	-77.4
1459729729	-1.07	-146.16	3.4	16.22	-15.1	15.5	-77.5
1461730730	-1.03	-146.43	3.2	16.86	-15.0	15.4	-77.9
1463731731	-0.98	-146.75	3.1	17.80	-14.9	15.2	-78.4
1465732732	-0.93	-146.98	2.9	18.78	-14.8	15.1	-78.9
1467733733	-0.89	-147.20	2.8	19.60	-14.7	14.9	-79.3
1469734734	-0.86	-147.37	2.7	20.18	-14.6	14.8	-79.6
1471735735	-0.82	-147.45	2.6	21.14	-14.6	14.8	-80.0
1473736736	-0.82	-147.78	2.5	21.29	-14.4	14.6	-80.0
1475737737	-0.80	-147.84	2.5	21.79	-14.4	14.6	-80.2
1477738738	-0.76	-147.94	2.4	22.86	-14.3	14.5	-80.6
1479739739	-0.71	-148.16	2.2	24.42	-14.2	14.4	-81.2
1481740740	-0.69	-148.44	2.2	25.03	-14.1	14.3	-81.3
1483741741	-0.70	-148.64	2.2	24.86	-14.0	14.2	-81.2
1485742742	-0.70	-148.86	2.2	24.72	-13.9	14.1	-81.1
1487743743	-0.66	-149.15	2.0	26.35	-13.8	13.9	-81.6
1489744744	-0.67	-149.31	2.1	25.93	-13.7	13.9	-81.4
1491745745	-0.68	-149.50	2.1	25.65	-13.6	13.8	-81.3
1493746746	-0.63	-149.67	1.9	27.72	-13.5	13.7	-81.9
1495747747	-0.64	-149.95	2.0	27.10	-13.4	13.5	-81.6
1497748748	-0.65	-150.02	2.0	26.62	-13.4	13.5	-81.4
1499749749	-0.62	-150.29	1.9	27.81	-13.2	13.4	-81.7
1501750750	-0.61	-150.54	1.9	28.44	-13.1	13.3	-81.9
1503751751	-0.61	-150.90	1.9	28.66	-13.0	13.1	-81.8
1505752752	-0.61	-151.25	1.9	28.40	-12.8	12.9	-81.7
1507753753	-0.60	-151.42	1.8	29.04	-12.7	12.9	-81.8
1509754754	-0.62	-151.79	1.9	27.88	-12.5	12.7	-81.4
1511755755	-0.62	-151.93	1.9	27.95	-12.5	12.6	-81.3
1513756756	-0.62	-152.36	1.9	28.02	-12.3	12.4	-81.2
1515757757	-0.63	-152.76	1.9	27.64	-12.1	12.3	-81.0
1517758758	-0.62	-152.88	1.9	27.89	-12.0	12.2	-81.0
1519759759	-0.61	-153.22	1.9	28.32	-11.9	12.0	-81.1
1521760760	-0.61	-153.69	1.9	28.36	-11.7	11.8	-80.9
1523761761	-0.59	-154.05	1.8	29.26	-11.5	11.6	-81.1
1525762762	-0.55	-155.03	1.7	31.50	-11.1	11.2	-81.4
1527763763	-0.52	-156.54	1.5	33.69	-10.4	10.5	-81.5
1529764764	-0.56	-155.21	1.7	30.90	-11.0	11.1	-81.2
1531765765	-0.57	-155.22	1.7	30.23	-11.0	11.1	-81.0
1533766766	-0.59	-155.66	1.8	29.49	-10.8	10.9	-80.6
1535767767	-0.58	-155.86	1.7	30.08	-10.7	10.8	-80.8
1537768768	-0.53	-156.25	1.6	32.62	-10.5	10.6	-81.3
1539769769	-0.54	-156.72	1.6	32.40	-10.3	10.4	-81.1
1541770770	-0.54	-157.28	1.6	31.91	-10.0	10.2	-80.8
1543771771	-0.53	-157.67	1.6	32.49	-9.9	10.0	-80.8
1545772772	-0.52	-157.94	1.6	33.28	-9.7	9.9	-80.9
1547773773	-0.47	-158.53	1.4	36.86	-9.5	9.6	-81.6
1549774774	-0.48	-159.09	1.4	36.42	-9.2	9.3	-81.2
1551775775	-0.50	-159.43	1.5	34.91	-9.1	9.2	-80.7
1553776776	-0.48	-159.73	1.4	36.58	-8.9	9.0	-81.0
1555777777	-0.45	-160.20	1.3	38.83	-8.7	8.8	-81.3
1557778778	-0.43	-160.73	1.3	40.20	-8.5	8.6	-81.4
1559779779	-0.41	-161.15	1.2	42.83	-8.3	8.4	-81.8
1561780780	-0.39	-161.55	1.2	44.53	-8.1	8.2	-81.9
1563781781	-0.36	-162.02	1.1	47.80	-7.9	8.0	-82.3
1565782782	-0.32	-162.45	0.9	54.59	-7.7	7.8	-83.1
1567783783	-0.28	-162.89	0.8	63.14	-7.5	7.6	-83.9
1569784784	-0.26	-163.24	0.8	68.01	-7.4	7.4	-84.2
1571785785	-0.23	-163.81	0.7	75.10	-7.1	7.1	-84.5
1573786786	-0.23	-164.10	0.7	76.47	-7.0	7.0	-84.5
1575787787	-0.20	-164.52	0.6	87.97	-6.8	6.8	-85.1
1577788788	-0.14	-164.83	0.4	122.32	-6.7	6.7	-86.4
1579789789	-0.09	-165.19	0.3	201.55	-6.5	6.5	-87.8
1581790790	-0.09	-165.43	0.3	189.63	-6.4	6.4	-87.6
1583791791	-0.03	-165.65	0.1	623.69	-6.3	6.3	-89.3
1585792792	0.00	-166.09	0.0	?	-6.1	6.1	-90.0
1587793793	0.00	-166.66	0.0	?	-5.8	5.8	-90.0
1589794794	0.00	-166.93	0.0	?	-5.7	5.7	-90.0
1591795795	0.00	-167.24	0.0	?	-5.6	5.6	-90.0
1593796796	0.00	-167.52	0.0	?	-5.5	5.5	-90.0
1595797797	0.00	-167.68	0.0	?	-5.4	5.4	-90.0
1597798798	0.00	-167.96	0.0	?	-5.3	5.3	-90.0
1599799799	0.00	-168.34	0.0	?	-5.1	5.1	-90.0
1601800800	0.00	-168.66	0.0	?	-5.0	5.0	-90.0
1603801801	0.00	-168.99	0.0	?	-4.8	4.8	-90.0
1605802802	0.00	-169.07	0.0	?	-4.8	4.8	-90.0
1607803803	0.00	-169.56	0.0	?	-4.6	4.6	-90.0
1609804804	0.00	-169.90	0.0	?	-4.4	4.4	-90.0
1611805805	0.00	-170.19	0.0	?	-4.3	4.3	-90.0
1613806806	0.00	-170.61	0.0	?	-4.1	4.1	-90.0
1615807807	0.00	-170.95	0.0	?	-4.0	4.0	-90.0
1617808808	0.00	-171.43	0.0	?	-3.7	3.7	-90.0
1619809809	0.00	-171.92	0.0	?	-3.5	3.5	-90.0
1621810810	0.00	-172.33	0.0	?	-3.4	3.4	-90.0
1623811811	0.00	-172.52	0.0	?	-3.3	3.3	-90.0
1625812812	0.00	-172.97	0.0	?	-3.1	3.1	-90.0
1627813813	0.00	-173.30	0.0	?	-2.9	2.9	-90.0
1629814814	0.00	-173.70	0.0	?	-2.8	2.8	-90.0
1631815815	0.00	-174.18	0.0	?	-2.5	2.5	-90.0
1633816816	0.00	-174.42	0.0	?	-2.4	2.4	-90.0
1635817817	0.00	-174.91	0.0	?	-2.2	2.2	-90.0
1637818818	0.00	-175.51	0.0	?	-2.0	2.0	-90.0
1639819819	0.00	-175.84	0.0	?	-1.8	1.8	-90.0
1641820820	0.00	-176.25	0.0	?	-1.6	1.6	-90.0
1643821821	0.00	-176.81	0.0	?	-1.4	1.4	-90.0
1645822822	0.00	-177.45	0.0	?	-1.1	1.1	-90.0
1647823823	0.00	-178.02	0.0	?	-0.9	0.9	-90.0
1649824824	0.00	-178.56	0.0	?	-0.6	0.6	-90.0
1651825825	0.00	-178.54	0.0	?	-0.6	0.6	-90.0
1653826826	0.00	-179.47	0.0	?	-0.2	0.2	-90.0
1655827827	0.00	-179.92	0.0	?	-0.0	0.0	-90.0
1657828828	0.00	179.49	0.0	?	0.2	0.2	90.0
1659829829	0.00	178.99	0.0	?	0.4	0.4	90.0
1661830830	0.00	178.56	0.0	?	0.6	0.6	90.0
1663831831	0.00	177.91	0.0	?	0.9	0.9	90.0
1665832832	0.00	177.31	0.0	?	1.2	1.2	90.0
1667833833	0.00	176.66	0.0	?	1.5	1.5	90.0
1669834834	0.00	175.65	0.0	?	1.9	1.9	90.0
1671835835	0.00	175.01	0.0	?	2.2	2.2	90.0
1673836836	0.00	174.42	0.0	?	2.4	2.4	90.0
1675837837	0.00	173.62	0.0	?	2.8	2.8	90.0
1677838838	0.00	172.79	0.0	?	3.2	3.2	90.0
1679839839	0.00	171.88	0.0	?	3.5	3.5	90.0
1681840840	0.00	171.63	0.0	?	3.7	3.7	90.0
1683841841	0.00	170.33	0.0	?	4.2	4.2	90.0
1685842842	0.00	169.69	0.0	?	4.5	4.5	90.0
1687843843	0.00	168.81	0.0	?	4.9	4.9	90.0
1689844844	0.00	167.96	0.0	?	5.3	5.3	90.0
1691845845	0.00	167.16	0.0	?	5.6	5.6	90.0
1693846846	0.00	166.12	0.0	?	6.1	6.1	90.0
1695847847	0.00	165.11	0.0	?	6.5	6.5	90.0
1697848848	0.00	164.31	0.0	?	6.9	6.9	90.0
1699849849	0.00	163.36	0.0	?	7.3	7.3	90.0
1701850850	0.00	162.26	0.0	?	7.8	7.8	90.0
1703851851	0.00	161.75	0.0	?	8.0	8.0	90.0
1705852852	0.00	160.62	0.0	?	8.5	8.5	90.0
1707853853	0.00	159.46	0.0	?	9.1	9.1	90.0
1709854854	0.00	158.87	0.0	?	9.3	9.3	90.0
1711855855	0.00	158.05	0.0	?	9.7	9.7	90.0
1713856856	0.00	156.99	0.0	?	10.2	10.2	90.0
1715857857	0.00	156.13	0.0	?	10.6	10.6	90.0
1717858858	0.00	155.89	0.0	?	10.7	10.7	90.0
1719859859	0.00	155.60	0.0	?	10.8	10.8	90.0
1721860860	0.00	154.62	0.0	?	11.3	11.3	90.0
1723861861	0.00	154.59	0.0	?	11.3	11.3	90.0
1725862862	0.00	154.60	0.0	?	11.3	11.3	90.0
1727863863	0.00	153.70	0.0	?	11.7	11.7	90.0
1729864864	0.00	153.45	0.0	?	11.8	11.8	90.0
1731865865	0.00	152.89	0.0	?	12.1	12.1	90.0
1733866866	0.00	152.29	0.0	?	12.3	12.3	90.0
1735867867	0.00	151.17	0.0	?	12.9	12.9	90.0
1737868868	0.00	150.24	0.0	?	13.3	13.3	90.0
1739869869	0.00	149.60	0.0	?	13.6	13.6	90.0
1741870870	0.00	148.48	0.0	?	14.1	14.1	90.0
1743871871	0.00	147.11	0.0	?	14.8	14.8	90.0
1745872872	0.00	145.60	0.0	?	15.5	15.5	90.0
1747873873	0.00	144.31	0.0	?	16.1	16.1	90.0
1749874874	0.00	143.17	0.0	?	16.6	16.6	90.0
1751875875	0.00	141.57	0.0	?	17.4	17.4	90.0
1753876876	0.00	139.93	0.0	?	18.2	18.2	90.0
1755877877	0.00	138.30	0.0	?	19.0	19.0	90.0
1757878878	0.00	136.21	0.0	?	20.1	20.1	90.0
1759879879	0.00	134.71	0.0	?	20.9	20.9	90.0
1761880880	0.00	132.82	0.0	?	21.8	21.8	90.0
1763881881	0.00	131.38	0.0	?	22.6	22.6	90.0
1765882882	0.00	129.58	0.0	?	23.5	23.5	90.0
1767883883	0.00	127.70	0.0	?	24.5	24.5	90.0
1769884884	0.00	126.01	0.0	?	25.5	25.5	90.0
1771885885	0.00	124.03	0.0	?	26.6	26.6	90.0
1773886886	0.00	122.25	0.0	?	27.6	27.6	90.0
1775887887	0.00	120.48	0.0	?	28.6	28.6	90.0
1777888888	0.00	118.62	0.0	?	29.7	29.7	90.0
1779889889	0.00	115.93	0.0	?	31.3	31.3	90.0
1781890890	0.00	114.53	0.0	?	32.1	32.1	90.0
1783891891	0.00	113.14	0.0	?	33.0	33.0	90.0
1785892892	0.00	110.97	0.0	?	34.4	34.4	90.0
1787893893	0.00	109.19	0.0	?	35.5	35.5	90.0
1789894894	0.00	107.42	0.0	?	36.7	36.7	90.0
1791895895	0.00	105.87	0.0	?	37.8	37.8	90.0
1793896896	0.00	103.44	0.0	?	39.5	39.5	90.0
1795897897	0.00	101.88	0.0	?	40.6	40.6	90.0
1797898898	0.00	100.00	0.0	?	42.0	42.0	90.0
1799899899	0.00	97.87	0.0	?	43.6	43.6	90.0
1801900900	0.00	95.85	0.0	?	45.1	45.1	90.0
1803901901	0.00	94.54	0.0	?	46.2	46.2	90.0
1805902902	0.00	92.36	0.0	?	48.0	48.0	90.0
1807903903	0.00	90.07	0.0	?	49.9	49.9	90.0
1809904904	0.00	88.15	0.0	?	51.6	51.6	90.0
1811905905	0.00	86.26	0.0	?	53.4	53.4	90.0
1813906906	0.00	84.46	0.0	?	55.1	55.1	90.0
1815907907	0.00	82.40	0.0	?	57.1	57.1	90.0
1817908908	0.00	80.74	0.0	?	58.8	58.8	90.0
1819909909	0.00	78.60	0.0	?	61.1	61.1	90.0
1821910910	-0.18	76.20	1.3	97.52	63.7	63.8	88.8
1823911911	-0.39	74.35	3.0	45.04	65.8	65.9	87.4
1825912912	-0.65	72.35	5.4	26.54	68.1	68.3	85.5
1827913913	-0.89	69.92	7.7	19.58	71.0	71.4	83.8
1829914914	-1.15	68.01	10.4	15.18	73.1	73.8	81.9
1831915915	-1.37	66.12	13.1	12.67	75.2	76.4	80.1
1833916916	-1.65	63.47	16.7	10.55	78.3	80.1	77.9
1835917917	-1.88	61.34	20.1	9.25	80.6	83.1	76.0
1837918918	-2.13	59.08	24.0	8.18	83.0	86.4	73.9
1839919919	-2.36	56.85	28.1	7.40	85.4	89.9	71.8
1841920920	-2.57	54.44	32.4	6.81	87.9	93.7	69.8
1843921921	-2.84	52.08	37.9	6.17	89.8	97.4	67.1
1845922922	-3.03	49.82	42.8	5.79	91.8	101.2	65.0
1847923923	-3.29	47.54	48.8	5.34	92.8	104.8	62.2
1849924924	-3.51	44.81	55.6	5.02	94.4	109.6	59.5
1851925925	-3.72	42.24	62.6	4.74	95.3	114.0	56.7
1853926926	-3.85	39.91	68.8	4.58	96.4	118.4	54.5
1855927927	-4.13	37.40	76.9	4.29	94.7	122.0	50.9
1857928928	-4.23	34.91	84.2	4.18	95.0	127.0	48.5
1859929929	-4.40	31.64	94.5	4.03	93.8	133.1	44.8
1861930930	-4.64	29.31	102.1	3.84	89.4	135.7	41.2
1863931931	-4.80	26.69	110.4	3.71	85.4	139.6	37.7
1865932932	-4.90	24.10	118.6	3.64	81.4	143.9	34.5
1867933933	-5.02	20.81	128.8	3.56	74.9	149.0	30.2
1869934934	-5.14	18.65	134.6	3.48	68.6	151.1	27.0
1871935935	-5.27	16.05	140.9	3.40	60.4	153.3	23.2
1873936936	-5.38	13.24	146.9	3.33	51.0	155.5	19.1
1875937937	-5.46	10.94	150.8	3.29	42.7	156.8	15.8
1877938938	-5.57	7.70	154.8	3.23	30.3	157.7	11.1
1879939939	-5.65	5.18	156.2	3.18	20.2	157.5	7.4
1881940940	-5.72	2.46	156.6	3.15	9.5	156.9	3.5
1883941941	-5.83	-0.03	154.6	3.09	-0.1	154.6	-0.0
1885942942	-5.90	-2.77	152.0	3.05	-10.0	152.3	-3.8
1887943943	-5.95	-5.43	148.9	3.03	-19.0	150.1	-7.3
1889944944	-5.95	-7.98	145.9	3.03	-27.4	148.5	-10.6
1891945945	-6.04	-10.46	140.3	2.99	-33.8	144.3	-13.6
1893946946	-6.10	-13.28	134.2	2.96	-40.5	140.2	-16.8
1895947947	-6.19	-15.74	128.1	2.92	-44.8	135.7	-19.3
1897948948	-6.22	-18.09	122.9	2.91	-49.0	132.3	-21.8
1899949949	-6.25	-20.90	116.6	2.90	-53.1	128.1	-24.5
1901950950	-6.38	-23.30	110.3	2.84	-54.4	123.0	-26.2
1903951951	-6.46	-25.19	105.8	2.81	-55.3	119.4	-27.6
1905952952	-6.62	-28.20	99.0	2.75	-55.8	113.6	-29.4
1907953953	-6.81	-30.22	94.3	2.68	-54.7	109.1	-30.1
1909954954	-6.90	-31.75	91.3	2.65	-54.6	106.4	-30.9
1911955955	-7.10	-33.12	88.4	2.58	-53.0	103.1	-30.9
1913956956	-7.22	-34.16	86.4	2.54	-52.1	100.9	-31.1
1915957957	-7.30	-35.38	84.3	2.52	-51.8	99.0	-31.6
1917958958	-7.40	-36.20	82.9	2.49	-51.0	97.3	-31.6
1919959959	-7.41	-35.91	83.3	2.49	-50.9	97.6	-31.4
1921960960	-7.37	-35.94	83.3	2.50	-51.2	97.8	-31.6
1923961961	-7.31	-35.80	83.7	2.52	-51.8	98.4	-31.8
1925962962	-7.19	-35.47	84.4	2.55	-52.9	99.6	-32.1
1927963963	-7.06	-35.88	84.0	2.59	-54.4	100.1	-32.9
1929964964	-6.87	-36.02	84.1	2.66	-56.5	101.4	-33.9
1931965965	-6.70	-37.20	82.4	2.72	-58.5	101.1	-35.4
1933966966	-6.51	-37.97	81.2	2.79	-60.8	101.5	-36.8
1935967967	-6.32	-38.70	80.0	2.87	-63.0	101.8	-38.3
1937968968	-6.09	-39.65	78.2	2.97	-65.7	102.1	-40.0
1939969969	-5.92	-40.38	76.7	3.05	-67.5	102.2	-41.4
1941970970	-5.72	-41.20	74.9	3.15	-69.8	102.3	-43.0
1943971971	-5.58	-42.31	72.5	3.22	-71.0	101.5	-44.4
1945972972	-5.46	-43.51	70.0	3.29	-71.9	100.4	-45.7
1947973973	-5.34	-44.48	68.0	3.35	-72.7	99.5	-46.9
1949974974	-5.14	-45.33	65.7	3.48	-74.5	99.3	-48.6
1951975975	-4.99	-46.47	63.1	3.58	-75.4	98.3	-50.1
1953976976	-4.84	-47.54	60.5	3.68	-76.2	97.3	-51.5
1955977977	-4.73	-48.51	58.4	3.77	-76.6	96.3	-52.7
1957978978	-4.62	-49.54	56.2	3.85	-76.7	95.1	-53.7
1959979979	-4.48	-51.27	52.8	3.97	-76.5	92.9	-55.4
1961980980	-4.34	-51.97	50.9	4.09	-77.0	92.3	-56.5
1963981981	-4.25	-52.57	49.5	4.17	-77.2	91.7	-57.4
1965982982	-4.12	-53.59	47.2	4.30	-77.2	90.5	-58.5
1967983983	-4.00	-54.28	45.5	4.42	-77.4	89.8	-59.6
1969984984	-3.94	-55.08	44.1	4.49	-77.1	88.8	-60.2
1971985985	-3.88	-55.92	42.6	4.56	-76.6	87.6	-60.9
1973986986	-3.73	-56.81	40.5	4.73	-76.6	86.7	-62.1
1975987987	-3.62	-57.77	38.7	4.87	-76.2	85.5	-63.1
1977988988	-3.52	-58.08	37.6	5.00	-76.5	85.2	-63.8
1979989989	-3.49	-58.68	36.7	5.04	-76.0	84.4	-64.2
1981990990	-3.44	-59.63	35.4	5.12	-75.2	83.1	-64.8
1983991991	-3.36	-60.45	34.0	5.24	-74.7	82.1	-65.5
1985992992	-3.28	-61.34	32.6	5.37	-74.1	80.9	-66.2
1987993993	-3.21	-61.59	31.8	5.48	-74.1	80.7	-66.8
1989994994	-3.09	-62.41	30.3	5.67	-73.7	79.7	-67.7
1991995995	-3.07	-62.77	29.8	5.73	-73.4	79.2	-67.9
1993996996	-3.00	-63.41	28.8	5.84	-73.0	78.4	-68.5
1995997997	-2.97	-64.20	27.9	5.90	-72.2	77.4	-68.8
1997998998	-2.91	-64.67	27.2	6.02	-71.8	76.8	-69.3
1999999999	-2.86	-65.53	26.2	6.13	-71.1	75.7	-69.8
