1000000	-0.95	89.67	5.5	18.28	50.0	50.3	83.7
3001001	0.00	84.35	0.0	?	55.2	55.2	90.0
5002002	0.00	78.64	0.0	?	61.0	61.0	90.0
7003003	0.00	74.33	0.0	?	66.0	66.0	90.0
9004004	0.00	70.66	0.0	?	70.5	70.5	90.0
11005005	0.00	68.53	0.0	?	73.4	73.4	90.0
13006006	-0.03	66.31	0.3	594.89	76.5	76.5	89.8
15007007	-0.24	63.39	2.5	72.64	80.9	81.0	88.2
17008008	-0.31	61.69	3.4	56.60	83.6	83.7	87.7
19009009	-0.41	59.93	4.7	42.59	86.5	86.7	86.9
21010010	-0.47	58.27	5.6	37.30	89.4	89.6	86.4
23011011	-0.52	56.65	6.6	33.57	92.4	92.6	85.9
25012012	-0.57	55.14	7.7	30.29	95.3	95.6	85.4
27013013	-0.61	53.67	8.5	28.64	98.3	98.6	85.0
29014014	-0.64	52.28	9.4	27.32	101.2	101.6	84.7
31015015	-0.66	51.04	10.2	26.31	103.9	104.4	84.4
33016016	-0.67	49.79	10.8	25.84	106.8	107.4	84.2
35017017	-0.68	48.66	11.4	25.59	109.6	110.2	84.0
37018018	-0.68	47.54	11.9	25.60	112.5	113.1	83.9
39019019	-0.66	46.40	12.2	26.16	115.6	116.2	84.0
41020020	-0.66	45.32	12.7	26.32	118.6	119.3	83.9
43021021	-0.66	44.22	13.2	26.47	121.8	122.5	83.8
45022022	-0.67	43.30	14.0	26.04	124.6	125.4	83.6
47023023	-0.67	42.36	14.7	25.84	127.6	128.4	83.4
49024024	-0.68	41.55	15.5	25.38	130.2	131.1	83.2
51025025	-0.68	40.73	16.0	25.45	133.0	134.0	83.1
53026026	-0.70	39.90	17.0	24.93	135.9	136.9	82.9
55027027	-0.71	39.16	18.1	24.32	138.5	139.6	82.6
57028028	-0.72	38.43	19.0	23.98	141.2	142.5	82.3
59029029	-0.75	37.76	20.2	23.26	143.6	145.1	82.0
61030030	-0.78	37.07	21.7	22.41	146.3	147.9	81.6
63031031	-0.81	36.41	23.3	21.51	148.7	150.5	81.1
65032032	-0.85	35.75	25.3	20.55	151.2	153.3	80.5
67033033	-0.89	35.10	27.4	19.55	153.7	156.1	79.9
69034034	-0.93	34.45	29.7	18.67	156.2	159.0	79.2
71035035	-0.98	33.77	32.3	17.71	158.7	162.0	78.5
73036036	-1.05	33.07	35.7	16.62	161.2	165.1	77.5
75037037	-1.11	32.38	39.0	15.74	163.7	168.3	76.6
77038038	-1.17	31.65	42.9	14.83	166.2	171.6	75.5
79039039	-1.25	30.92	47.3	13.93	168.5	175.0	74.3
81040040	-1.32	30.24	51.6	13.21	170.6	178.2	73.2
83041041	-1.40	29.49	56.7	12.46	172.7	181.8	71.8
85042042	-1.48	28.72	62.3	11.74	174.6	185.4	70.4
87043043	-1.55	27.95	67.8	11.21	176.6	189.2	69.0
89044044	-1.62	27.06	74.0	10.73	179.1	193.8	67.5
91045045	-1.70	26.11	81.3	10.24	181.4	198.8	65.9
93046046	-1.79	25.15	89.3	9.75	183.1	203.7	64.0
95047047	-1.88	24.20	97.8	9.30	184.2	208.5	62.0
97048048	-1.96	23.29	106.3	8.91	184.7	213.1	60.1
99049049	-2.02	22.23	115.7	8.63	186.3	219.3	58.2
101050050	-2.09	21.06	126.7	8.35	187.4	226.2	55.9
103051051	-2.16	19.82	139.2	8.07	187.5	233.5	53.4
105052052	-2.23	18.53	152.7	7.84	187.1	241.5	50.8
107053053	-2.31	17.28	166.7	7.57	184.1	248.3	47.8
109054054	-2.39	15.98	181.5	7.32	179.6	255.3	44.7
111055055	-2.45	14.65	197.0	7.14	174.4	263.1	41.5
113056056	-2.51	13.32	212.5	6.96	166.9	270.2	38.1
115057057	-2.58	11.85	229.3	6.78	156.2	277.4	34.3
117058058	-2.63	10.36	245.8	6.65	143.7	284.8	30.3
119059059	-2.69	8.75	262.6	6.52	127.1	291.7	25.8
121060060	-2.73	7.18	276.9	6.41	108.3	297.3	21.4
123061061	-2.78	5.54	288.9	6.30	85.7	301.4	16.5
125062062	-2.83	3.85	297.1	6.19	60.2	303.2	11.5
127063063	-2.88	2.13	300.9	6.09	33.1	302.7	6.3
129064064	-2.91	0.36	301.3	6.03	5.6	301.3	1.1
131065065	-2.94	-1.41	296.2	5.96	-21.1	297.0	-4.1
133066066	-2.97	-3.27	287.0	5.90	-46.8	290.8	-9.3
135067067	-2.98	-5.11	275.6	5.88	-70.2	284.4	-14.3
137068068	-2.99	-6.97	260.9	5.86	-90.2	276.1	-19.1
139069069	-3.00	-8.92	243.6	5.85	-107.4	266.3	-23.8
141070070	-3.00	-10.95	224.8	5.86	-121.4	255.4	-28.4
143071071	-2.98	-12.99	205.7	5.88	-132.1	244.5	-32.7
145072072	-2.97	-15.07	186.5	5.90	-139.1	232.7	-36.7
147073073	-2.95	-17.26	167.7	5.95	-143.7	220.8	-40.6
149074074	-2.92	-19.48	149.8	6.01	-145.9	209.1	-44.2
151075075	-2.89	-21.67	134.0	6.06	-145.7	197.9	-47.4
153076076	-2.85	-23.98	118.8	6.14	-144.4	187.0	-50.6
155077077	-2.81	-26.29	105.4	6.23	-141.6	176.5	-53.3
157078078	-2.77	-28.65	93.4	6.32	-138.0	166.6	-55.9
159079079	-2.73	-31.08	82.6	6.42	-133.5	157.0	-58.2
161080080	-2.70	-33.59	73.2	6.49	-128.3	147.7	-60.3
163081081	-2.67	-36.06	65.2	6.57	-123.1	139.3	-62.1
165082082	-2.64	-38.52	58.4	6.64	-117.9	131.6	-63.7
167083083	-2.61	-40.89	52.6	6.72	-113.1	124.7	-65.1
169084084	-2.56	-43.20	47.5	6.83	-108.7	118.7	-66.4
171085085	-2.49	-45.53	42.6	7.02	-104.7	113.0	-67.8
173086086	-2.42	-48.02	38.2	7.21	-100.4	107.4	-69.2
175087087	-2.34	-50.71	33.9	7.46	-95.9	101.7	-70.6
177088088	-2.27	-53.49	30.1	7.69	-91.4	96.3	-71.8
179089089	-2.20	-56.46	26.7	7.93	-86.9	90.9	-72.9
181090090	-2.15	-59.51	23.9	8.13	-82.3	85.7	-73.8
183091091	-2.09	-62.70	21.3	8.35	-77.9	80.8	-74.7
185092092	-2.06	-66.07	19.2	8.46	-73.4	75.9	-75.3
187093093	-2.06	-69.75	17.5	8.48	-68.8	71.0	-75.7
189094094	-2.04	-73.40	16.0	8.55	-64.6	66.5	-76.1
191095095	-2.03	-77.23	14.6	8.59	-60.5	62.2	-76.4
193096096	-1.99	-81.49	13.1	8.78	-56.3	57.8	-76.9
195097097	-1.94	-86.36	11.7	8.98	-51.9	53.2	-77.3
197098098	-1.93	-92.18	10.6	9.03	-47.0	48.2	-77.3
199099099	-1.97	-98.74	9.7	8.88	-42.0	43.1	-77.0
201100100	-2.07	-105.90	9.2	8.44	-36.9	38.1	-76.0
203101101	-2.19	-113.77	8.9	7.98	-31.9	33.1	-74.5
205102102	-2.35	-123.00	8.7	7.44	-26.5	27.9	-71.9
207103103	-2.57	-133.17	8.7	6.81	-21.1	22.8	-67.6
209104104	-2.89	-144.59	9.0	6.07	-15.5	17.9	-59.7
211105105	-3.27	-157.47	9.7	5.37	-9.6	13.6	-44.8
213106106	-3.80	-171.98	10.8	4.64	-3.3	11.3	-17.2
215107107	-4.45	171.81	12.6	3.99	3.4	13.0	14.9
217108108	-5.13	153.83	15.1	3.48	10.6	18.4	35.2
219109109	-5.68	134.54	18.3	3.16	18.5	26.0	45.4
221110110	-6.00	115.17	22.3	3.01	27.0	35.1	50.5
223111111	-5.98	96.91	27.2	3.02	36.3	45.4	53.2
225112112	-5.72	81.03	33.1	3.14	46.2	56.8	54.4
227113113	-5.34	68.00	39.8	3.36	56.5	69.2	54.8
229114114	-4.82	57.25	47.3	3.69	68.1	83.0	55.2
231115115	-4.28	47.79	56.7	4.14	81.9	99.7	55.3
233116116	-3.80	39.29	69.9	4.64	98.0	120.3	54.5
235117117	-3.39	31.76	88.2	5.19	116.1	145.8	52.8
237118118	-3.06	25.19	113.9	5.74	135.0	176.6	49.8
239119119	-2.77	19.10	152.5	6.33	153.9	216.7	45.3
241120120	-2.55	13.34	211.6	6.87	164.2	267.8	37.8
243121121	-2.39	8.15	288.8	7.30	146.7	324.0	26.9
245122122	-2.26	3.31	368.8	7.74	81.0	377.6	12.4
247123123	-2.16	-1.14	401.3	8.08	-31.6	402.5	-4.5
249124124	-2.09	-5.29	365.0	8.37	-138.7	390.5	-20.8
251125125	-2.04	-9.38	288.4	8.54	-198.0	349.8	-34.5
253126126	-2.01	-13.03	221.7	8.68	-214.2	308.3	-44.0
255127127	-1.97	-16.44	171.5	8.85	-212.0	272.6	-51.0
257128128	-1.93	-19.75	134.0	9.03	-201.9	242.4	-56.4
259129129	-1.88	-22.91	106.5	9.27	-190.1	217.9	-60.7
261130130	-1.86	-26.09	86.4	9.38	-176.0	196.1	-63.9
263131131	-1.84	-29.05	72.0	9.47	-163.6	178.8	-66.3
265132132	-1.80	-31.82	60.7	9.70	-153.5	165.1	-68.4
267133133	-1.74	-34.54	51.4	9.99	-144.3	153.1	-70.4
269134134	-1.68	-37.17	43.9	10.36	-136.1	143.0	-72.1
271135135	-1.62	-39.84	37.5	10.77	-128.4	133.7	-73.7
273136136	-1.55	-42.44	32.4	11.21	-121.4	125.6	-75.1
275137137	-1.51	-45.01	28.3	11.57	-114.8	118.2	-76.2
277138138	-1.44	-47.56	24.5	12.12	-108.9	111.6	-77.3
279139139	-1.39	-50.03	21.7	12.50	-103.4	105.7	-78.1
281140140	-1.35	-52.45	19.4	12.86	-98.4	100.3	-78.8
283141141	-1.31	-54.82	17.4	13.29	-93.9	95.5	-79.5
285142142	-1.27	-57.02	15.8	13.68	-89.9	91.3	-80.1
287143143	-1.22	-59.24	14.2	14.22	-86.2	87.3	-80.7
289144144	-1.18	-61.37	12.9	14.70	-82.8	83.8	-81.1
291145145	-1.15	-63.42	11.8	15.14	-79.7	80.5	-81.6
293146146	-1.10	-65.43	10.8	15.75	-76.8	77.5	-82.0
295147147	-1.08	-67.44	10.0	16.08	-74.0	74.7	-82.3
297148148	-1.06	-69.44	9.3	16.46	-71.3	71.9	-82.6
299149149	-1.03	-71.18	8.7	16.85	-69.1	69.7	-82.8
301150150	-1.01	-72.95	8.2	17.18	-67.0	67.5	-83.0
303151151	-1.00	-74.67	7.7	17.46	-65.0	65.4	-83.2
305152152	-0.98	-76.33	7.4	17.73	-63.1	63.5	-83.4
307153153	-0.98	-78.07	7.0	17.83	-61.2	61.6	-83.4
309154154	-0.97	-79.66	6.8	17.97	-59.5	59.9	-83.5
311155155	-0.98	-81.27	6.6	17.78	-57.8	58.2	-83.5
313156156	-0.97	-82.76	6.4	17.85	-56.3	56.7	-83.5
315157157	-0.98	-84.16	6.2	17.83	-55.0	55.3	-83.5
317158158	-0.97	-85.53	6.0	17.97	-53.7	54.0	-83.6
319159159	-0.95	-86.94	5.7	18.39	-52.4	52.7	-83.8
321160160	-0.92	-88.32	5.4	18.99	-51.2	51.5	-84.0
323161161	-0.89	-89.72	5.1	19.55	-50.0	50.2	-84.1
325162162	-0.88	-91.19	4.9	19.85	-48.7	49.0	-84.2
327163163	-0.85	-92.71	4.7	20.42	-47.5	47.7	-84.4
329164164	-0.84	-94.18	4.5	20.62	-46.3	46.5	-84.4
331165165	-0.83	-95.71	4.3	21.06	-45.1	45.3	-84.5
333166166	-0.82	-97.25	4.2	21.27	-43.9	44.1	-84.6
335167167	-0.82	-98.84	4.1	21.20	-42.7	42.9	-84.5
337168168	-0.82	-100.30	4.0	21.18	-41.6	41.8	-84.5
339169169	-0.83	-101.88	4.0	20.92	-40.4	40.6	-84.4
341170170	-0.84	-103.49	3.9	20.67	-39.3	39.5	-84.3
343171171	-0.85	-105.04	3.9	20.45	-38.2	38.4	-84.2
345172172	-0.85	-106.59	3.8	20.46	-37.1	37.3	-84.2
347173173	-0.86	-108.07	3.8	20.21	-36.1	36.3	-84.0
349174174	-0.87	-109.70	3.7	20.07	-35.1	35.3	-83.9
351175175	-0.87	-111.27	3.7	19.91	-34.1	34.3	-83.8
353176176	-0.89	-112.82	3.7	19.61	-33.1	33.3	-83.7
355177177	-0.90	-114.31	3.6	19.41	-32.2	32.4	-83.5
357178178	-0.90	-115.80	3.6	19.28	-31.2	31.5	-83.4
359179179	-0.91	-117.39	3.6	19.12	-30.3	30.5	-83.3
361180180	-0.92	-118.99	3.6	18.90	-29.3	29.6	-83.1
363181181	-0.93	-120.53	3.5	18.69	-28.5	28.7	-82.9
365182182	-0.93	-122.02	3.5	18.60	-27.6	27.8	-82.8
367183183	-0.94	-123.64	3.5	18.45	-26.7	26.9	-82.6
369184184	-0.95	-125.13	3.5	18.35	-25.9	26.1	-82.4
371185185	-0.95	-126.62	3.4	18.29	-25.0	25.3	-82.2
373186186	-0.95	-128.10	3.4	18.29	-24.2	24.5	-82.1
375187187	-0.95	-129.59	3.3	18.32	-23.4	23.7	-81.9
377188188	-0.95	-131.08	3.3	18.35	-22.7	22.9	-81.7
379189189	-0.94	-132.51	3.2	18.43	-21.9	22.2	-81.6
381190190	-0.94	-133.89	3.2	18.45	-21.2	21.4	-81.4
383191191	-0.93	-135.32	3.1	18.64	-20.5	20.7	-81.3
385192192	-0.92	-136.70	3.1	18.92	-19.8	20.0	-81.2
387193193	-0.91	-138.04	3.0	19.01	-19.1	19.3	-81.0
389194194	-0.91	-139.43	3.0	19.10	-18.4	18.7	-80.8
391195195	-0.90	-140.75	2.9	19.25	-17.8	18.0	-80.7
393196196	-0.90	-142.03	2.9	19.31	-17.2	17.4	-80.4
395197197	-0.89	-143.30	2.8	19.47	-16.5	16.8	-80.2
397198198	-0.88	-144.62	2.8	19.86	-15.9	16.1	-80.1
399199199	-0.87	-145.79	2.7	20.01	-15.3	15.6	-79.9
401200200	-0.86	-146.98	2.7	20.13	-14.8	15.0	-79.6
403201201	-0.86	-148.16	2.7	20.27	-14.2	14.5	-79.4
405202202	-0.85	-149.35	2.6	20.47	-13.7	13.9	-79.1
407203203	-0.85	-150.53	2.6	20.44	-13.1	13.4	-78.7
409204204	-0.84	-151.62	2.6	20.73	-12.6	12.9	-78.5
411205205	-0.83	-152.74	2.5	20.84	-12.1	12.4	-78.1
413206206	-0.84	-153.73	2.5	20.75	-11.6	11.9	-77.7
415207207	-0.84	-154.85	2.5	20.73	-11.1	11.4	-77.2
417208208	-0.84	-155.89	2.5	20.70	-10.7	10.9	-76.7
419209209	-0.85	-156.89	2.5	20.51	-10.2	10.5	-76.0
421210210	-0.86	-157.92	2.6	20.27	-9.7	10.1	-75.3
423211211	-0.86	-158.90	2.6	20.15	-9.3	9.6	-74.6
425212212	-0.87	-159.88	2.6	19.94	-8.8	9.2	-73.7
427213213	-0.89	-160.82	2.6	19.47	-8.4	8.8	-72.6
429214214	-0.91	-161.80	2.7	19.14	-8.0	8.4	-71.5
431215215	-0.93	-162.77	2.7	18.72	-7.6	8.0	-70.1
433216216	-0.94	-163.70	2.8	18.46	-7.1	7.7	-68.8
435217217	-0.97	-164.66	2.8	17.90	-6.7	7.3	-67.0
437218218	-1.00	-165.56	2.9	17.47	-6.3	7.0	-65.3
439219219	-1.01	-166.51	3.0	17.14	-5.9	6.6	-63.4
441220220	-1.04	-167.44	3.0	16.73	-5.5	6.3	-61.1
443221221	-1.07	-168.37	3.1	16.29	-5.1	5.9	-58.6
445222222	-1.09	-169.26	3.1	16.03	-4.7	5.6	-56.1
447223223	-1.11	-170.17	3.2	15.61	-4.3	5.4	-53.0
449224224	-1.15	-171.08	3.3	15.19	-3.9	5.1	-49.6
451225225	-1.17	-172.09	3.4	14.83	-3.4	4.8	-45.4
453226226	-1.20	-173.02	3.5	14.49	-3.0	4.6	-41.2
455227227	-1.23	-173.93	3.5	14.14	-2.6	4.4	-36.6
457228228	-1.26	-174.94	3.6	13.83	-2.2	4.2	-31.3
459229229	-1.28	-175.91	3.7	13.55	-1.8	4.1	-25.7
461230230	-1.31	-176.91	3.8	13.32	-1.3	4.0	-19.6
463231231	-1.34	-177.86	3.9	12.96	-0.9	4.0	-13.5
465232232	-1.36	-178.84	3.9	12.79	-0.5	3.9	-7.3
467233233	-1.39	-179.85	4.0	12.54	-0.1	4.0	-0.9
469234234	-1.41	179.13	4.1	12.31	0.4	4.1	5.3
471235235	-1.43	178.09	4.1	12.18	0.8	4.2	11.4
473236236	-1.45	177.08	4.2	11.99	1.3	4.4	16.9
475237237	-1.46	175.99	4.2	11.90	1.7	4.6	22.5
477238238	-1.48	174.96	4.3	11.74	2.2	4.8	27.1
479239239	-1.50	173.98	4.3	11.62	2.6	5.0	31.2
481240240	-1.51	172.87	4.3	11.55	3.1	5.3	35.4
483241241	-1.52	171.83	4.4	11.48	3.5	5.6	39.0
485242242	-1.53	170.75	4.4	11.39	4.0	6.0	42.2
487243243	-1.54	169.69	4.4	11.34	4.5	6.3	45.2
489244244	-1.55	168.61	4.5	11.24	4.9	6.7	47.7
491245245	-1.55	167.59	4.5	11.21	5.4	7.0	50.1
493246246	-1.56	166.49	4.5	11.15	5.9	7.4	52.3
495247247	-1.56	165.44	4.5	11.17	6.3	7.8	54.3
497248248	-1.56	164.40	4.6	11.14	6.8	8.2	56.1
499249249	-1.56	163.27	4.6	11.18	7.3	8.6	57.9
501250250	-1.55	162.27	4.6	11.22	7.7	9.0	59.5
503251251	-1.54	161.15	4.5	11.30	8.2	9.4	61.1
505252252	-1.54	160.12	4.6	11.30	8.7	9.8	62.3
507253253	-1.54	159.03	4.6	11.32	9.2	10.3	63.5
509254254	-1.54	157.97	4.6	11.33	9.7	10.7	64.6
511255255	-1.53	156.87	4.6	11.35	10.1	11.1	65.7
513256256	-1.53	155.79	4.6	11.35	10.6	11.6	66.6
515257257	-1.52	154.67	4.6	11.43	11.1	12.1	67.6
517258258	-1.52	153.63	4.6	11.45	11.6	12.5	68.4
519259259	-1.52	152.53	4.6	11.46	12.1	13.0	69.1
521260260	-1.52	151.46	4.6	11.47	12.6	13.4	69.8
523261261	-1.52	150.31	4.7	11.43	13.1	14.0	70.4
525262262	-1.52	149.20	4.7	11.45	13.7	14.4	71.0
527263263	-1.53	148.10	4.7	11.41	14.2	14.9	71.5
529264264	-1.53	146.96	4.8	11.41	14.7	15.5	72.0
531265265	-1.53	145.81	4.8	11.37	15.2	16.0	72.5
533266266	-1.54	144.65	4.9	11.29	15.8	16.5	72.9
535267267	-1.55	143.54	4.9	11.25	16.3	17.1	73.2
537268268	-1.55	142.33	5.0	11.21	16.9	17.6	73.6
539269269	-1.56	141.22	5.0	11.19	17.4	18.1	74.0
541270270	-1.57	139.96	5.1	11.09	18.0	18.8	74.2
543271271	-1.59	138.79	5.2	10.98	18.6	19.3	74.4
545272272	-1.61	137.54	5.3	10.85	19.2	19.9	74.6
547273273	-1.64	136.33	5.5	10.61	19.8	20.6	74.6
549274274	-1.67	135.09	5.6	10.44	20.4	21.2	74.7
551275275	-1.70	133.79	5.8	10.25	21.1	21.9	74.7
553276276	-1.74	132.44	6.0	10.01	21.8	22.6	74.7
555277277	-1.79	131.14	6.2	9.75	22.4	23.3	74.6
557278278	-1.83	129.92	6.4	9.52	23.0	23.9	74.5
559279279	-1.88	128.67	6.6	9.29	23.7	24.6	74.4
561280280	-1.93	127.39	6.9	9.03	24.3	25.3	74.2
563281281	-2.00	126.18	7.2	8.73	25.0	26.0	74.0
565282282	-2.06	124.97	7.5	8.49	25.6	26.7	73.7
567283283	-2.12	123.89	7.8	8.23	26.1	27.3	73.5
569284284	-2.19	122.88	8.1	7.99	26.7	27.9	73.1
571285285	-2.25	121.75	8.4	7.76	27.3	28.5	72.9
573286286	-2.30	120.70	8.7	7.59	27.8	29.1	72.7
575287287	-2.36	119.69	9.0	7.40	28.3	29.7	72.4
577288288	-2.39	118.85	9.1	7.33	28.8	30.2	72.4
579289289	-2.43	117.81	9.4	7.20	29.4	30.8	72.2
581290290	-2.47	116.91	9.7	7.08	29.9	31.4	72.1
583291291	-2.48	115.96	9.8	7.06	30.4	31.9	72.2
585292292	-2.49	115.05	9.9	7.03	30.9	32.5	72.2
587293293	-2.50	114.12	10.1	7.00	31.5	33.0	72.3
589294294	-2.48	113.06	10.1	7.06	32.1	33.7	72.6
591295295	-2.47	112.07	10.2	7.09	32.7	34.3	72.7
593296296	-2.44	111.05	10.2	7.16	33.4	34.9	73.0
595297297	-2.42	109.99	10.2	7.22	34.0	35.5	73.3
597298298	-2.38	108.83	10.2	7.34	34.8	36.2	73.7
599299299	-2.34	107.69	10.2	7.46	35.5	37.0	74.0
601300300	-2.32	106.50	10.2	7.55	36.3	37.7	74.3
603301301	-2.28	105.25	10.2	7.66	37.2	38.6	74.6
605302302	-2.24	104.04	10.2	7.79	38.0	39.4	74.9
607303303	-2.20	102.74	10.2	7.94	38.9	40.2	75.3
609304304	-2.16	101.61	10.2	8.10	39.7	41.0	75.6
611305305	-2.13	100.19	10.2	8.21	40.8	42.0	75.9
613306306	-2.08	98.94	10.2	8.38	41.7	42.9	76.2
615307307	-2.04	97.62	10.2	8.55	42.7	43.9	76.5
617308308	-2.00	96.32	10.2	8.72	43.7	44.9	76.8
619309309	-1.97	95.10	10.3	8.85	44.7	45.8	77.1
621310310	-1.94	93.78	10.3	9.00	45.7	46.9	77.3
623311311	-1.90	92.52	10.3	9.16	46.8	47.9	77.5
625312312	-1.87	91.34	10.4	9.32	47.8	48.9	77.7
627313313	-1.84	90.01	10.4	9.50	48.9	50.0	78.0
629314314	-1.80	88.69	10.5	9.67	50.0	51.1	78.2
631315315	-1.74	87.64	10.3	9.99	51.0	52.1	78.6
633316316	-1.72	86.30	10.4	10.13	52.2	53.3	78.7
635317317	-1.69	85.17	10.5	10.29	53.3	54.3	78.9
637318318	-1.67	83.91	10.6	10.45	54.5	55.5	79.0
639319319	-1.63	82.74	10.6	10.67	55.6	56.6	79.2
641320320	-1.61	81.39	10.7	10.83	57.0	58.0	79.3
643321321	-1.58	80.37	10.8	11.03	58.0	59.0	79.5
645322322	-1.57	79.17	11.0	11.09	59.3	60.3	79.5
647323323	-1.54	77.89	11.1	11.27	60.6	61.7	79.6
649324324	-1.52	76.81	11.2	11.44	61.8	62.8	79.7
651325325	-1.51	75.63	11.4	11.50	63.1	64.2	79.7
653326326	-1.51	74.44	11.7	11.53	64.5	65.5	79.7
655327327	-1.51	73.40	11.9	11.56	65.7	66.8	79.7
657328328	-1.49	72.14	12.2	11.65	67.2	68.3	79.7
659329329	-1.50	70.94	12.6	11.58	68.6	69.8	79.6
661330330	-1.51	69.39	13.2	11.53	70.6	71.8	79.4
663331331	-1.49	68.09	13.5	11.67	72.3	73.5	79.5
665332332	-1.51	66.83	14.0	11.55	73.9	75.3	79.3
667333333	-1.53	65.73	14.7	11.36	75.4	76.8	79.0
669334334	-1.56	64.33	15.5	11.18	77.3	78.8	78.7
671335335	-1.56	63.07	16.1	11.14	79.1	80.8	78.5
673336336	-1.56	61.74	16.7	11.15	81.1	82.8	78.4
675337337	-1.59	60.42	17.6	10.96	83.1	85.0	78.1
677338338	-1.64	59.14	18.9	10.59	85.0	87.1	77.5
679339339	-1.67	57.70	20.0	10.41	87.3	89.5	77.1
681340340	-1.72	56.50	21.3	10.15	89.2	91.7	76.6
683341341	-1.75	55.15	22.6	9.94	91.4	94.2	76.1
685342342	-1.80	53.57	24.4	9.70	94.1	97.2	75.5
687343343	-1.84	52.13	26.2	9.45	96.6	100.0	74.8
689344344	-1.89	50.63	28.2	9.22	99.2	103.2	74.1
691345345	-1.94	49.04	30.4	9.00	102.2	106.6	73.4
693346346	-1.98	47.48	32.9	8.79	105.2	110.2	72.6
695347347	-2.06	45.75	36.2	8.48	108.4	114.3	71.5
697348348	-2.11	44.04	39.5	8.26	111.8	118.6	70.5
699349349	-2.18	42.31	43.4	8.01	115.2	123.1	69.4
701350350	-2.24	40.66	47.4	7.81	118.6	127.7	68.2
703351351	-2.29	38.98	51.8	7.63	122.1	132.6	67.0
705352352	-2.34	37.22	56.8	7.46	125.9	138.1	65.7
707353353	-2.39	35.41	62.5	7.31	129.8	144.1	64.3
709354354	-2.45	33.49	69.3	7.14	133.9	150.8	62.6
711355355	-2.49	31.55	76.8	7.02	138.2	158.2	60.9
713356356	-2.55	29.64	85.5	6.86	141.9	165.7	58.9
715357357	-2.60	27.78	94.7	6.73	145.3	173.5	56.9
717358358	-2.65	25.98	104.8	6.60	148.0	181.3	54.7
719359359	-2.70	24.12	116.1	6.49	150.2	189.9	52.3
721360360	-2.74	22.13	129.5	6.39	152.1	199.8	49.6
723361361	-2.77	20.25	143.4	6.33	153.2	209.8	46.9
725362362	-2.81	18.28	159.4	6.24	152.0	220.3	43.6
727363363	-2.82	16.35	176.4	6.20	150.1	231.6	40.4
729364364	-2.85	14.36	195.2	6.16	145.1	243.2	36.6
731365365	-2.87	12.44	214.2	6.12	137.4	254.5	32.7
733366366	-2.87	10.46	234.6	6.10	126.4	266.5	28.3
735367367	-2.87	8.57	253.8	6.10	112.3	277.5	23.9
737368368	-2.88	6.52	272.4	6.08	91.5	287.4	18.6
739369369	-2.88	4.45	289.1	6.10	66.6	296.6	13.0
741370370	-2.87	2.40	300.8	6.11	37.5	303.2	7.1
743371371	-2.88	0.38	304.7	6.10	6.0	304.7	1.1
745372372	-2.88	-1.63	302.2	6.09	-25.5	303.3	-4.8
747373373	-2.88	-3.75	293.0	6.09	-56.7	298.4	-10.9
749374374	-2.89	-5.89	277.1	6.07	-84.0	289.6	-16.9
751375375	-2.91	-8.00	257.1	6.03	-104.8	277.7	-22.2
753376376	-2.92	-10.03	236.9	6.01	-120.5	265.8	-27.0
755377377	-2.94	-12.24	214.2	5.97	-131.8	251.5	-31.6
757378378	-2.97	-14.25	194.2	5.91	-137.3	237.8	-35.3
759379379	-3.00	-16.23	176.0	5.85	-139.6	224.6	-38.4
761380380	-3.04	-18.43	157.8	5.76	-139.5	210.6	-41.5
763381381	-3.08	-20.60	142.1	5.69	-137.9	198.0	-44.1
765382382	-3.15	-22.72	128.6	5.57	-134.0	185.8	-46.2
767383383	-3.24	-24.72	117.8	5.42	-129.0	174.7	-47.6
769384384	-3.32	-26.81	108.0	5.29	-124.2	164.6	-49.0
771385385	-3.45	-28.84	99.9	5.11	-118.3	154.9	-49.8
773386386	-3.58	-30.74	93.5	4.92	-112.7	146.5	-50.3
775387387	-3.72	-32.55	88.2	4.74	-107.5	139.1	-50.6
777388388	-3.87	-34.34	83.7	4.56	-102.5	132.3	-50.8
779389389	-4.06	-35.95	80.3	4.35	-97.2	126.1	-50.4
781390390	-4.24	-37.41	77.6	4.18	-92.8	121.0	-50.1
783391391	-4.43	-38.47	76.1	4.00	-88.8	117.0	-49.4
785392392	-4.62	-39.28	75.2	3.85	-85.4	113.8	-48.7
787393393	-4.74	-39.99	74.2	3.75	-83.1	111.4	-48.3
789394394	-4.88	-40.35	74.0	3.65	-80.9	109.6	-47.5
791395395	-4.97	-40.38	74.3	3.59	-79.7	108.9	-47.0
793396396	-4.98	-40.35	74.4	3.59	-79.6	109.0	-46.9
795397397	-4.92	-40.29	74.3	3.63	-80.4	109.5	-47.3
797398398	-4.76	-40.23	73.7	3.74	-82.7	110.8	-48.3
799399399	-4.50	-40.47	71.9	3.94	-86.2	112.3	-50.1
801400400	-4.21	-41.35	68.3	4.21	-89.5	112.5	-52.7
803401401	-3.91	-42.68	63.3	4.51	-92.1	111.8	-55.5
805402402	-3.65	-44.72	57.1	4.83	-92.8	109.0	-58.4
807403403	-3.38	-47.21	50.3	5.20	-92.3	105.1	-61.4
809404404	-3.16	-50.12	43.7	5.56	-90.1	100.1	-64.1
811405405	-3.02	-53.17	38.4	5.82	-86.7	94.8	-66.1
813406406	-2.89	-56.21	33.9	6.06	-83.1	89.8	-67.8
815407407	-2.81	-59.49	30.2	6.23	-79.0	84.6	-69.1
817408408	-2.73	-62.65	27.0	6.42	-75.2	80.0	-70.2
819409409	-2.71	-65.81	24.8	6.46	-71.3	75.5	-70.8
821410410	-2.70	-68.88	23.0	6.47	-67.7	71.5	-71.3
823411411	-2.68	-72.05	21.2	6.54	-64.3	67.7	-71.8
825412412	-2.67	-75.08	19.8	6.56	-61.2	64.3	-72.1
827413413	-2.67	-77.85	18.7	6.55	-58.4	61.3	-72.3
829414414	-2.68	-80.68	17.7	6.54	-55.7	58.4	-72.4
831415415	-2.69	-83.45	16.8	6.51	-53.2	55.8	-72.4
833416416	-2.70	-86.12	16.1	6.47	-50.8	53.3	-72.4
835417417	-2.72	-88.78	15.5	6.44	-48.6	51.0	-72.4
837418418	-2.73	-91.36	14.9	6.41	-46.6	48.9	-72.3
839419419	-2.75	-93.91	14.4	6.38	-44.6	46.9	-72.1
841420420	-2.74	-96.38	13.8	6.38	-42.8	45.0	-72.1
843421421	-2.75	-98.70	13.4	6.37	-41.1	43.3	-72.0
845422422	-2.76	-101.09	13.0	6.34	-39.5	41.5	-71.8
847423423	-2.79	-103.21	12.8	6.27	-38.0	40.1	-71.4
849424424	-2.82	-105.34	12.5	6.22	-36.6	38.7	-71.1
851425425	-2.82	-107.54	12.2	6.21	-35.2	37.2	-70.9
853426426	-2.83	-109.65	11.9	6.20	-33.9	35.9	-70.6
855427427	-2.84	-111.70	11.7	6.16	-32.6	34.7	-70.3
857428428	-2.88	-113.70	11.6	6.09	-31.4	33.5	-69.8
859429429	-2.91	-115.64	11.4	6.03	-30.3	32.4	-69.3
861430430	-2.93	-117.63	11.3	5.99	-29.1	31.2	-68.8
863431431	-2.95	-119.54	11.2	5.95	-28.0	30.2	-68.3
865432432	-2.96	-121.39	11.0	5.94	-27.0	29.2	-67.9
867433433	-2.98	-123.29	10.9	5.89	-26.0	28.2	-67.3
869434434	-3.02	-125.15	10.9	5.80	-25.0	27.2	-66.5
871435435	-3.05	-126.96	10.8	5.75	-24.0	26.3	-65.8
873436436	-3.08	-128.77	10.7	5.71	-23.1	25.4	-65.1
875437437	-3.11	-130.64	10.7	5.65	-22.1	24.5	-64.3
877438438	-3.13	-132.44	10.6	5.61	-21.2	23.7	-63.5
879439439	-3.15	-134.32	10.5	5.57	-20.3	22.8	-62.6
881440440	-3.19	-135.96	10.5	5.51	-19.5	22.1	-61.6
883441441	-3.20	-137.75	10.4	5.50	-18.6	21.3	-60.8
885442442	-3.22	-139.46	10.4	5.46	-17.8	20.6	-59.8
887443443	-3.23	-141.28	10.3	5.44	-16.9	19.8	-58.7
889444444	-3.23	-143.12	10.2	5.43	-16.0	19.0	-57.6
891445445	-3.24	-144.86	10.1	5.42	-15.2	18.3	-56.4
893446446	-3.24	-146.64	10.0	5.42	-14.4	17.6	-55.2
895447447	-3.24	-148.41	9.9	5.42	-13.6	16.9	-53.9
897448448	-3.24	-150.11	9.9	5.42	-12.9	16.2	-52.5
899449449	-3.25	-151.87	9.8	5.40	-12.1	15.6	-50.9
901450450	-3.23	-153.52	9.7	5.44	-11.3	14.9	-49.5
903451451	-3.22	-155.34	9.6	5.46	-10.5	14.2	-47.7
905452452	-3.19	-156.98	9.4	5.50	-9.8	13.6	-46.1
907453453	-3.17	-158.64	9.3	5.54	-9.1	13.1	-44.3
909454454	-3.14	-160.33	9.2	5.60	-8.4	12.4	-42.4
911455455	-3.11	-161.96	9.1	5.65	-7.7	11.9	-40.3
913456456	-3.07	-163.58	8.9	5.72	-7.0	11.3	-38.1
915457457	-3.02	-165.22	8.8	5.81	-6.3	10.8	-35.7
917458458	-2.98	-166.72	8.6	5.88	-5.7	10.3	-33.3
919459459	-2.95	-168.18	8.5	5.95	-5.0	9.9	-30.7
921460460	-2.89	-169.78	8.3	6.07	-4.3	9.4	-27.6
923461461	-2.83	-171.24	8.1	6.19	-3.7	8.9	-24.7
925462462	-2.78	-172.65	8.0	6.30	-3.1	8.6	-21.5
927463463	-2.72	-174.11	7.8	6.43	-2.5	8.2	-17.8
929464464	-2.67	-175.46	7.6	6.57	-1.9	7.9	-14.2
931465465	-2.61	-176.85	7.5	6.71	-1.3	7.6	-10.2
933466466	-2.55	-178.24	7.3	6.86	-0.7	7.3	-5.9
935467467	-2.49	-179.50	7.1	7.04	-0.2	7.1	-1.7
937468468	-2.43	179.21	6.9	7.20	0.3	7.0	2.8
939469469	-2.36	177.92	6.7	7.42	0.9	6.8	7.5
941470470	-2.30	176.65	6.6	7.58	1.4	6.8	12.3
943471471	-2.24	175.37	6.4	7.80	2.0	6.7	17.2
945472472	-2.19	174.19	6.3	7.98	2.5	6.8	21.7
947473473	-2.12	172.96	6.1	8.23	3.0	6.8	26.4
949474474	-2.06	171.72	5.9	8.46	3.6	6.9	31.0
951475475	-2.00	170.61	5.8	8.73	4.1	7.0	35.1
953476476	-1.94	169.29	5.6	8.98	4.6	7.3	39.5
955477477	-1.88	168.15	5.4	9.27	5.1	7.5	43.3
957478478	-1.83	167.01	5.3	9.55	5.6	7.7	46.7
959479479	-1.76	165.81	5.1	9.90	6.2	8.0	50.2
961480480	-1.71	164.73	5.0	10.22	6.6	8.3	53.1
963481481	-1.65	163.49	4.8	10.54	7.2	8.7	56.0
965482482	-1.60	162.39	4.7	10.89	7.7	9.0	58.5
967483483	-1.55	161.10	4.6	11.24	8.3	9.4	61.0
969484484	-1.49	159.98	4.4	11.68	8.8	9.8	63.3
971485485	-1.42	158.75	4.2	12.24	9.3	10.2	65.6
973486486	-1.36	157.61	4.1	12.77	9.8	10.6	67.5
975487487	-1.31	156.39	3.9	13.33	10.4	11.1	69.4
977488488	-1.25	155.08	3.8	13.93	11.0	11.6	71.1
979489489	-1.20	153.84	3.6	14.54	11.6	12.1	72.6
981490490	-1.14	152.50	3.5	15.27	12.2	12.7	74.1
983491491	-1.09	151.26	3.3	15.93	12.8	13.2	75.3
985492492	-1.03	150.04	3.2	16.95	13.3	13.7	76.7
987493493	-0.95	148.69	3.0	18.25	14.0	14.3	78.1
989494494	-0.91	147.35	2.8	19.14	14.6	14.9	79.0
991495495	-0.83	145.90	2.6	21.06	15.3	15.5	80.4
993496496	-0.77	144.56	2.4	22.62	15.9	16.1	81.3
995497497	-0.71	143.16	2.3	24.35	16.6	16.8	82.2
997498498	-0.66	141.72	2.1	26.52	17.3	17.5	83.0
999499499	-0.59	140.32	1.9	29.49	18.0	18.1	83.9
1001500500	-0.52	138.87	1.7	33.65	18.7	18.8	84.8
1003501501	-0.45	137.38	1.5	38.54	19.5	19.5	85.6
1005502502	-0.39	135.93	1.3	44.37	20.2	20.3	86.3
1007503503	-0.31	134.35	1.0	56.46	21.0	21.1	87.2
1009504504	-0.24	132.81	0.8	73.19	21.8	21.8	87.9
1011505505	-0.17	131.15	0.6	102.51	22.7	22.7	88.5
1013506506	-0.09	129.71	0.3	186.34	23.5	23.5	89.2
1015507507	-0.02	128.00	0.1	798.59	24.4	24.4	89.8
1017508508	0.00	126.40	0.0	?	25.3	25.3	90.0
1019509509	0.00	124.88	0.0	?	26.1	26.1	90.0
1021510510	0.00	123.28	0.0	?	27.0	27.0	90.0
1023511511	0.00	121.58	0.0	?	28.0	28.0	90.0
1025512512	0.00	119.85	0.0	?	29.0	29.0	90.0
1027513513	0.00	118.16	0.0	?	30.0	30.0	90.0
1029514514	0.00	116.38	0.0	?	31.0	31.0	90.0
1031515515	0.00	114.74	0.0	?	32.0	32.0	90.0
1033516516	0.00	112.96	0.0	?	33.1	33.1	90.0
1035517517	0.00	111.22	0.0	?	34.2	34.2	90.0
1037518518	0.00	109.64	0.0	?	35.2	35.2	90.0
1039519519	0.00	107.73	0.0	?	36.5	36.5	90.0
1041520520	0.00	106.04	0.0	?	37.6	37.6	90.0
1043521521	0.00	104.21	0.0	?	38.9	38.9	90.0
1045522522	-0.98	164.04	2.9	17.66	7.0	7.6	67.6
1047523523	0.00	149.00	0.0	?	13.9	13.9	90.0
1049524524	-0.02	96.95	0.1	826.14	44.3	44.3	89.9
1051525525	-0.59	89.73	3.4	29.52	50.1	50.2	86.1
1053526526	-0.65	87.36	3.9	26.85	52.2	52.4	85.7
1055527527	-0.71	85.10	4.5	24.37	54.3	54.5	85.3
1057528528	-0.76	82.70	5.0	22.83	56.6	56.8	84.9
1059529529	-0.81	80.35	5.6	21.36	58.9	59.2	84.6
1061530530	-0.86	78.19	6.2	20.21	61.2	61.5	84.2
1063531531	-0.95	75.51	7.2	18.39	64.1	64.5	83.6
1065532532	-1.03	73.03	8.3	16.90	66.9	67.4	82.9
1067533533	-1.12	70.80	9.6	15.47	69.5	70.1	82.2
1069534534	-1.24	68.27	11.2	13.99	72.6	73.4	81.2
1071535535	-1.39	66.01	13.2	12.54	75.4	76.5	80.0
1073536536	-1.49	63.64	15.1	11.72	78.5	79.9	79.1
1075537537	-1.65	61.29	17.8	10.57	81.6	83.5	77.7
1077538538	-1.80	58.92	20.6	9.70	84.8	87.2	76.3
1079539539	-1.98	56.41	24.3	8.81	88.1	91.4	74.6
1081540540	-2.18	54.08	28.5	8.01	91.0	95.4	72.6
1083541541	-2.37	51.61	33.1	7.38	94.1	99.8	70.6
1085542542	-2.64	49.19	39.3	6.63	96.3	104.0	67.8
1087543543	-2.90	46.71	45.9	6.04	98.2	108.4	64.9
1089544544	-3.18	44.07	53.6	5.52	99.5	113.0	61.7
1091545545	-3.51	41.54	62.1	5.02	99.2	117.1	58.0
1093546546	-3.84	38.90	71.1	4.60	97.8	120.9	54.0
1095547547	-4.25	36.71	79.5	4.16	93.2	122.5	49.5
1097548548	-4.68	34.19	87.9	3.80	87.4	123.9	44.8
1099549549	-5.12	31.59	95.4	3.49	80.1	124.6	40.0
1101550550	-5.59	29.10	101.1	3.22	71.5	123.8	35.2
1103551551	-6.12	26.45	105.2	2.96	61.3	121.8	30.2
1105552552	-6.67	23.62	107.5	2.73	50.9	118.9	25.4
1107553553	-7.27	20.87	107.4	2.53	40.8	114.9	20.8
1109554554	-7.96	18.12	105.1	2.33	31.1	109.6	16.5
1111555555	-8.59	14.89	102.7	2.18	22.8	105.2	12.5
1113556556	-9.33	11.61	98.7	2.04	15.4	99.9	8.8
1115557557	-10.10	8.33	94.2	1.91	9.5	94.7	5.7
1117558558	-10.96	3.82	89.3	1.79	3.7	89.4	2.3
1119559559	-11.92	-0.59	83.9	1.68	-0.5	83.9	-0.3
1121560560	-12.90	-5.78	79.0	1.59	-3.8	79.1	-2.8
1123561561	-13.98	-11.27	74.1	1.50	-6.0	74.4	-4.7
1125562562	-15.11	-17.41	69.6	1.43	-7.5	70.1	-6.2
1127563563	-16.35	-26.03	65.2	1.36	-8.9	65.8	-7.8
1129564564	-17.64	-35.71	61.1	1.30	-9.5	61.9	-8.9
1131565565	-18.85	-47.89	57.4	1.26	-9.8	58.2	-9.7
1133566566	-19.79	-61.71	54.2	1.23	-9.9	55.1	-10.3
1135567567	-20.26	-77.40	51.2	1.21	-9.8	52.1	-10.8
1137568568	-20.24	-94.25	48.4	1.22	-9.5	49.3	-11.1
1139569569	-19.84	-109.84	45.8	1.23	-8.9	46.7	-11.0
1141570570	-18.93	-122.22	43.6	1.26	-8.4	44.4	-11.0
1143571571	-18.00	-132.37	41.5	1.29	-7.8	42.2	-10.7
1145572572	-17.13	-142.10	39.6	1.32	-6.9	40.2	-9.9
1147573573	-16.04	-148.92	37.7	1.37	-6.3	38.2	-9.5
1149574574	-15.08	-155.22	35.9	1.43	-5.5	36.3	-8.7
1151575575	-14.24	-160.80	34.3	1.48	-4.5	34.6	-7.6
1153576576	-13.41	-165.44	32.7	1.54	-3.7	32.9	-6.4
1155577577	-12.68	-169.88	31.3	1.61	-2.7	31.4	-4.9
1157578578	-12.00	-173.98	30.0	1.67	-1.7	30.0	-3.2
1159579579	-11.42	-177.75	28.8	1.73	-0.7	28.8	-1.3
1161580580	-10.88	178.63	27.8	1.80	0.4	27.8	0.9
1163581581	-10.35	175.75	26.7	1.87	1.3	26.8	2.8
1165582582	-9.93	172.83	25.9	1.94	2.3	26.0	5.1
1167583583	-9.50	169.73	25.1	2.01	3.4	25.3	7.7
1169584584	-9.12	166.98	24.3	2.08	4.4	24.7	10.2
1171585585	-8.76	164.47	23.6	2.15	5.3	24.2	12.7
1173586586	-8.44	161.96	23.0	2.22	6.3	23.8	15.3
1175587587	-8.14	159.67	22.4	2.29	7.2	23.5	17.8
1177588588	-7.83	157.38	21.8	2.37	8.2	23.3	20.5
1179589589	-7.59	155.25	21.4	2.43	9.0	23.2	22.9
1181590590	-7.31	153.32	20.8	2.52	9.9	23.0	25.4
1183591591	-7.11	151.18	20.5	2.58	10.8	23.1	27.8
1185592592	-6.88	148.87	20.1	2.65	11.8	23.3	30.5
1187593593	-6.70	147.05	19.7	2.72	12.6	23.4	32.6
1189594594	-6.54	145.57	19.5	2.78	13.3	23.6	34.4
1191595595	-6.36	143.93	19.1	2.85	14.1	23.8	36.4
1193596596	-6.14	142.07	18.7	2.95	15.0	24.0	38.7
1195597597	-5.98	140.52	18.4	3.02	15.8	24.2	40.5
1197598598	-5.78	139.09	18.0	3.12	16.5	24.4	42.5
1199599599	-5.60	137.29	17.7	3.21	17.4	24.8	44.5
1201600600	-5.35	135.67	17.2	3.35	18.3	25.1	46.8
1203601601	-5.17	134.05	16.8	3.46	19.1	25.5	48.7
1205602602	-4.96	132.17	16.4	3.59	20.1	26.0	50.9
1207603603	-4.79	130.28	16.1	3.72	21.2	26.6	52.8
1209604604	-4.59	128.03	15.7	3.87	22.4	27.4	54.9
1211605605	-4.36	125.93	15.3	4.07	23.6	28.1	57.1
1213606606	-4.20	123.10	15.1	4.22	25.2	29.3	59.1
1215607607	-4.05	120.59	14.9	4.36	26.6	30.5	60.7
1217608608	-3.90	117.96	14.8	4.53	28.1	31.8	62.3
1219609609	-3.80	115.20	14.8	4.65	29.7	33.2	63.5
1221610610	-3.65	112.63	14.7	4.83	31.3	34.6	64.9
1223611611	-3.56	109.45	14.9	4.95	33.2	36.4	65.9
1225612612	-3.45	106.35	15.0	5.10	35.2	38.3	67.0
1227613613	-3.43	103.33	15.5	5.13	37.1	40.2	67.4
1229614614	-3.41	100.18	16.0	5.16	39.2	42.4	67.8
1231615615	-3.34	97.26	16.4	5.27	41.3	44.4	68.3
1233616616	-3.30	94.67	16.9	5.32	43.2	46.3	68.7
1235617617	-3.23	91.95	17.2	5.43	45.3	48.4	69.1
1237618618	-3.16	89.37	17.6	5.56	47.4	50.5	69.6
1239619619	-3.08	86.57	18.0	5.71	49.7	52.9	70.1
1241620620	-2.98	84.13	18.3	5.88	52.0	55.1	70.6
1243621621	-2.85	81.56	18.4	6.16	54.5	57.5	71.4
1245622622	-2.64	78.39	18.2	6.64	57.9	60.7	72.5
1247623623	-2.40	75.04	17.9	7.29	61.9	64.5	73.9
1249624624	-2.17	71.63	17.6	8.05	66.3	68.6	75.1
1251625625	-1.92	67.81	17.3	9.06	71.6	73.6	76.4
1253626626	-1.73	63.67	17.4	10.07	77.8	79.7	77.4
1255627627	-1.54	59.57	17.5	11.31	84.7	86.4	78.3
1257628628	-1.34	55.03	17.6	13.00	93.4	95.0	79.3
1259629629	-1.24	50.21	19.3	14.05	103.8	105.6	79.5
1261630630	-1.11	45.39	20.9	15.67	116.4	118.2	79.8
1263631631	-1.03	40.48	24.2	16.81	131.7	133.9	79.6
1265632632	-1.01	35.80	29.8	17.21	149.5	152.4	78.7
1267633633	-1.01	30.85	39.2	17.25	173.0	177.4	77.2
1269634634	-1.07	26.18	56.0	16.26	200.2	207.9	74.4
1271635635	-1.12	21.54	82.9	15.49	234.7	248.9	70.6
1273636636	-1.19	17.17	127.4	14.62	273.6	301.8	65.0
1275637637	-1.34	13.07	204.5	13.01	299.1	362.4	55.6
1277638638	-1.47	8.74	327.3	11.84	292.4	438.9	41.8
1279639639	-1.61	4.80	448.9	10.80	201.3	492.0	24.2
1281640640	-1.75	0.82	495.0	9.95	35.1	496.2	4.1
1283641641	-1.91	-2.91	433.0	9.12	-99.2	444.2	-12.9
1285642642	-2.10	-6.67	337.6	8.30	-160.4	373.7	-25.4
1287643643	-2.30	-10.58	256.2	7.59	-175.5	310.5	-34.4
1289644644	-2.46	-14.09	203.6	7.10	-172.4	266.8	-40.2
1291645645	-2.65	-17.83	163.2	6.60	-161.0	229.3	-44.6
1293646646	-2.85	-21.40	135.5	6.15	-148.1	200.7	-47.5
1295647647	-3.04	-24.65	116.7	5.78	-136.4	179.5	-49.4
1297648648	-3.21	-28.02	101.5	5.47	-126.1	161.8	-51.2
1299649649	-3.41	-31.58	89.0	5.16	-115.8	146.1	-52.4
1301650650	-3.56	-34.96	79.3	4.95	-107.9	133.9	-53.7
1303651651	-3.73	-38.53	71.1	4.73	-100.1	122.7	-54.6
1305652652	-3.86	-41.80	64.7	4.57	-93.8	114.0	-55.4
1307653653	-3.99	-45.06	59.3	4.43	-88.3	106.3	-56.1
1309654654	-4.09	-48.20	54.7	4.32	-83.5	99.8	-56.8
1311655655	-4.22	-51.57	50.6	4.20	-78.5	93.4	-57.2
1313656656	-4.35	-54.75	47.4	4.08	-74.1	88.0	-57.4
1315657657	-4.41	-57.76	44.3	4.02	-70.7	83.4	-57.9
1317658658	-4.45	-60.71	41.5	3.99	-67.6	79.3	-58.5
1319659659	-4.52	-63.70	39.1	3.93	-64.4	75.4	-58.7
1321660660	-4.54	-66.49	36.9	3.91	-61.9	72.1	-59.2
1323661661	-4.55	-69.40	34.8	3.90	-59.4	68.8	-59.6
1325662662	-4.56	-72.08	32.9	3.90	-57.1	65.9	-60.0
1327663663	-4.57	-74.50	31.5	3.89	-55.1	63.5	-60.2
1329664664	-4.57	-77.09	30.0	3.89	-53.1	61.0	-60.5
1331665665	-4.57	-79.67	28.6	3.89	-51.1	58.6	-60.8
1333666666	-4.56	-81.81	27.5	3.90	-49.6	56.7	-61.0
1335667667	-4.54	-84.05	26.4	3.91	-48.0	54.8	-61.2
1337668668	-4.50	-86.34	25.2	3.95	-46.5	52.9	-61.5
1339669669	-4.47	-88.25	24.3	3.97	-45.2	51.4	-61.7
1341670670	-4.43	-90.33	23.4	4.00	-43.9	49.7	-62.0
1343671671	-4.41	-92.40	22.6	4.02	-42.6	48.2	-62.1
1345672672	-4.35	-94.35	21.7	4.08	-41.4	46.7	-62.4
1347673673	-4.31	-96.25	20.9	4.11	-40.3	45.4	-62.5
1349674674	-4.26	-97.72	20.3	4.16	-39.4	44.3	-62.8
1351675675	-4.23	-99.30	19.7	4.19	-38.5	43.2	-62.9
1353676676	-4.20	-101.09	19.2	4.22	-37.4	42.0	-62.9
1355677677	-4.12	-102.61	18.5	4.30	-36.6	41.0	-63.2
1357678678	-4.09	-104.28	18.0	4.32	-35.6	39.9	-63.2
1359679679	-4.05	-105.91	17.5	4.37	-34.7	38.9	-63.3
1361680680	-4.03	-107.33	17.1	4.39	-33.9	38.0	-63.3
1363681681	-3.96	-108.66	16.5	4.47	-33.2	37.1	-63.5
1365682682	-3.90	-109.95	16.1	4.53	-32.6	36.3	-63.7
1367683683	-3.86	-111.52	15.7	4.57	-31.7	35.4	-63.7
1369684684	-3.81	-112.89	15.2	4.63	-31.0	34.5	-63.8
1371685685	-3.75	-114.07	14.8	4.70	-30.4	33.8	-64.0
1373686686	-3.70	-115.19	14.5	4.76	-29.8	33.1	-64.1
1375687687	-3.67	-116.52	14.2	4.81	-29.1	32.4	-64.1
1377688688	-3.63	-117.74	13.8	4.86	-28.5	31.7	-64.1
1379689689	-3.53	-119.08	13.3	4.99	-27.8	30.9	-64.5
1381690690	-3.48	-120.15	13.0	5.06	-27.3	30.2	-64.6
1383691691	-3.46	-121.18	12.8	5.09	-26.8	29.7	-64.4
1385692692	-3.40	-122.43	12.4	5.18	-26.1	29.0	-64.6
1387693693	-3.35	-123.59	12.1	5.25	-25.6	28.3	-64.6
1389694694	-3.30	-124.65	11.9	5.32	-25.1	27.7	-64.7
1391695695	-3.23	-125.62	11.5	5.43	-24.6	27.2	-64.9
1393696696	-3.18	-126.71	11.2	5.53	-24.1	26.6	-65.0
1395697697	-3.09	-127.71	10.9	5.67	-23.6	26.0	-65.3
1397698698	-3.04	-128.67	10.6	5.77	-23.1	25.5	-65.4
1399699699	-2.97	-129.63	10.3	5.90	-22.7	24.9	-65.6
1401700700	-2.90	-130.56	10.0	6.05	-22.3	24.4	-65.9
1403701701	-2.84	-131.56	9.7	6.17	-21.8	23.8	-66.0
1405702702	-2.77	-132.28	9.4	6.33	-21.5	23.4	-66.3
1407703703	-2.70	-133.17	9.1	6.48	-21.0	22.9	-66.6
1409704704	-2.65	-133.85	8.9	6.62	-20.7	22.6	-66.8
1411705705	-2.58	-134.71	8.6	6.78	-20.3	22.1	-67.0
1413706706	-2.52	-135.46	8.4	6.94	-20.0	21.7	-67.2
1415707707	-2.45	-136.11	8.1	7.13	-19.7	21.3	-67.6
1417708708	-2.38	-136.73	7.9	7.33	-19.4	20.9	-67.9
1419709709	-2.27	-137.56	7.5	7.68	-19.0	20.4	-68.6
1421710710	-2.21	-138.24	7.2	7.90	-18.7	20.1	-68.9
1423711711	-2.16	-138.83	7.0	8.10	-18.5	19.7	-69.1
1425712712	-2.08	-139.42	6.8	8.40	-18.2	19.4	-69.6
1427713713	-2.02	-139.94	6.5	8.66	-18.0	19.1	-70.0
1429714714	-1.94	-140.60	6.2	9.01	-17.7	18.7	-70.5
1431715715	-1.85	-141.17	6.0	9.41	-17.4	18.4	-71.1
1433716716	-1.80	-141.56	5.8	9.66	-17.2	18.2	-71.4
1435717717	-1.74	-141.89	5.6	9.99	-17.1	18.0	-71.9
1437718718	-1.68	-142.50	5.4	10.38	-16.8	17.6	-72.3
1439719719	-1.60	-142.97	5.1	10.86	-16.6	17.4	-72.9
1441720720	-1.54	-143.35	4.9	11.31	-16.4	17.1	-73.4
1443721721	-1.43	-143.67	4.5	12.16	-16.3	16.9	-74.4
1445722722	-1.40	-143.95	4.4	12.43	-16.2	16.8	-74.6
1447723723	-1.35	-144.37	4.3	12.87	-16.0	16.5	-75.0
1449724724	-1.31	-144.82	4.1	13.31	-15.8	16.3	-75.3
1451725725	-1.25	-145.09	3.9	13.92	-15.6	16.1	-75.8
1453726726	-1.20	-145.32	3.8	14.49	-15.5	16.0	-76.3
1455727727	-1.14	-145.71	3.6	15.26	-15.4	15.8	-76.9
1457728728	-1.11	-145.84	3.5	15.62	-15.3	15.7	-77.1
1459729729	-1.07	-146.21	3.3	16.32	-15.1	15.5	-77.5
1461730730	-1.04	-146.48	3.3	16.73	-15.0	15.4	-77.7
1463731731	-0.97	-146.60	3.0	17.98	-15.0	15.3	-78.5
1465732732	-0.92	-146.88	2.9	18.85	-14.8	15.1	-79.0
1467733733	-0.89	-147.17	2.8	19.45	-14.7	15.0	-79.2
1469734734	-0.86	-147.21	2.7	20.28	-14.7	14.9	-79.7
1471735735	-0.84	-147.44	2.6	20.68	-14.6	14.8	-79.8
1473736736	-0.83	-147.77	2.6	20.88	-14.4	14.6	-79.8
1475737737	-0.81	-147.90	2.5	21.43	-14.4	14.6	-80.0
1477738738	-0.76	-147.92	2.4	22.84	-14.3	14.5	-80.6
1479739739	-0.72	-148.17	2.2	24.30	-14.2	14.4	-81.1
1481740740	-0.70	-148.35	2.2	25.00	-14.1	14.3	-81.3
1483741741	-0.69	-148.63	2.2	25.08	-14.0	14.2	-81.3
1485742742	-0.70	-148.81	2.2	24.84	-13.9	14.1	-81.1
1487743743	-0.66	-149.10	2.1	26.22	-13.8	13.9	-81.5
1489744744	-0.66	-149.27	2.1	26.22	-13.7	13.9	-81.5
1491745745	-0.67	-149.42	2.1	25.90	-13.6	13.8	-81.4
1493746746	-0.64	-149.71	2.0	27.21	-13.5	13.7	-81.7
1495747747	-0.64	-149.92	2.0	27.35	-13.4	13.6	-81.7
1497748748	-0.65	-150.02	2.0	26.83	-13.4	13.5	-81.5
1499749749	-0.63	-150.19	1.9	27.54	-13.3	13.4	-81.7
1501750750	-0.61	-150.47	1.9	28.30	-13.2	13.3	-81.8
1503751751	-0.61	-150.71	1.9	28.66	-13.0	13.2	-81.9
1505752752	-0.60	-151.16	1.8	28.87	-12.8	13.0	-81.8
1507753753	-0.62	-151.40	1.9	28.21	-12.7	12.9	-81.6
1509754754	-0.62	-151.78	1.9	27.94	-12.6	12.7	-81.4
1511755755	-0.61	-152.05	1.9	28.30	-12.4	12.6	-81.4
1513756756	-0.64	-152.25	2.0	26.99	-12.3	12.5	-80.9
1515757757	-0.65	-152.68	2.0	26.69	-12.1	12.3	-80.7
1517758758	-0.62	-152.90	1.9	27.97	-12.0	12.2	-81.1
1519759759	-0.61	-153.20	1.9	28.49	-11.9	12.0	-81.1
1521760760	-0.62	-153.65	1.9	27.89	-11.7	11.8	-80.8
1523761761	-0.61	-153.89	1.9	28.27	-11.6	11.7	-80.9
1525762762	-0.55	-155.04	1.7	31.54	-11.1	11.2	-81.4
1527763763	-0.52	-156.51	1.6	33.46	-10.4	10.5	-81.5
1529764764	-0.56	-155.28	1.7	31.25	-10.9	11.1	-81.3
1531765765	-0.59	-155.13	1.8	29.27	-11.0	11.2	-80.8
1533766766	-0.61	-155.60	1.8	28.57	-10.8	10.9	-80.4
1535767767	-0.58	-155.76	1.7	29.89	-10.7	10.9	-80.7
1537768768	-0.55	-156.32	1.7	31.55	-10.5	10.6	-81.0
1539769769	-0.54	-156.83	1.6	32.02	-10.2	10.4	-81.0
1541770770	-0.56	-157.32	1.7	31.17	-10.0	10.2	-80.5
1543771771	-0.56	-157.71	1.7	31.03	-9.8	10.0	-80.3
1545772772	-0.54	-157.93	1.6	32.37	-9.7	9.9	-80.7
1547773773	-0.51	-158.38	1.5	34.08	-9.5	9.7	-80.9
1549774774	-0.50	-159.02	1.5	35.10	-9.3	9.4	-81.0
1551775775	-0.50	-159.19	1.5	34.56	-9.2	9.3	-80.7
1553776776	-0.48	-159.86	1.4	36.02	-8.9	9.0	-80.8
1555777777	-0.47	-160.23	1.4	37.20	-8.7	8.8	-81.0
1557778778	-0.43	-160.65	1.3	40.31	-8.5	8.6	-81.5
1559779779	-0.43	-160.97	1.3	40.80	-8.4	8.5	-81.4
1561780780	-0.41	-161.36	1.2	42.46	-8.2	8.3	-81.6
1563781781	-0.39	-161.96	1.1	44.85	-7.9	8.0	-81.8
1565782782	-0.33	-162.45	1.0	52.68	-7.7	7.8	-82.8
1567783783	-0.30	-162.75	0.9	58.68	-7.6	7.6	-83.4
1569784784	-0.28	-163.27	0.8	61.32	-7.4	7.4	-83.5
1571785785	-0.25	-163.45	0.7	68.58	-7.3	7.3	-84.2
1573786786	-0.23	-164.07	0.7	76.38	-7.0	7.0	-84.5
1575787787	-0.21	-164.34	0.6	84.26	-6.9	6.9	-85.0
1577788788	-0.15	-164.55	0.5	112.91	-6.8	6.8	-86.2
1579789789	-0.11	-165.09	0.3	159.10	-6.5	6.6	-87.2
1581790790	-0.08	-165.31	0.2	208.94	-6.4	6.5	-87.8
1583791791	-0.02	-165.64	0.1	826.62	-6.3	6.3	-89.4
1585792792	0.00	-166.04	0.0	?	-6.1	6.1	-90.0
1587793793	0.00	-166.53	0.0	?	-5.9	5.9	-90.0
1589794794	0.00	-166.83	0.0	?	-5.8	5.8	-90.0
1591795795	0.00	-167.08	0.0	?	-5.7	5.7	-90.0
1593796796	0.00	-167.22	0.0	?	-5.6	5.6	-90.0
1595797797	0.00	-167.47	0.0	?	-5.5	5.5	-90.0
1597798798	0.00	-167.87	0.0	?	-5.3	5.3	-90.0
1599799799	0.00	-168.16	0.0	?	-5.2	5.2	-90.0
1601800800	0.00	-168.70	0.0	?	-4.9	4.9	-90.0
1603801801	0.00	-168.84	0.0	?	-4.9	4.9	-90.0
1605802802	0.00	-169.28	0.0	?	-4.7	4.7	-90.0
1607803803	0.00	-169.33	0.0	?	-4.7	4.7	-90.0
1609804804	0.00	-169.69	0.0	?	-4.5	4.5	-90.0
1611805805	0.00	-170.17	0.0	?	-4.3	4.3	-90.0
1613806806	0.00	-170.50	0.0	?	-4.2	4.2	-90.0
1615807807	0.00	-170.98	0.0	?	-3.9	3.9	-90.0
1617808808	0.00	-171.42	0.0	?	-3.8	3.8	-90.0
1619809809	0.00	-171.87	0.0	?	-3.6	3.6	-90.0
1621810810	0.00	-172.31	0.0	?	-3.4	3.4	-90.0
1623811811	0.00	-172.50	0.0	?	-3.3	3.3	-90.0
1625812812	0.00	-172.84	0.0	?	-3.1	3.1	-90.0
1627813813	0.00	-173.35	0.0	?	-2.9	2.9	-90.0
1629814814	0.00	-173.58	0.0	?	-2.8	2.8	-90.0
1631815815	0.00	-174.09	0.0	?	-2.6	2.6	-90.0
1633816816	0.00	-174.49	0.0	?	-2.4	2.4	-90.0
1635817817	0.00	-174.85	0.0	?	-2.2	2.2	-90.0
1637818818	0.00	-175.41	0.0	?	-2.0	2.0	-90.0
1639819819	0.00	-175.80	0.0	?	-1.8	1.8	-90.0
1641820820	0.00	-176.49	0.0	?	-1.5	1.5	-90.0
1643821821	0.00	-176.84	0.0	?	-1.4	1.4	-90.0
1645822822	0.00	-177.36	0.0	?	-1.2	1.2	-90.0
1647823823	0.00	-177.86	0.0	?	-0.9	0.9	-90.0
1649824824	0.00	-178.23	0.0	?	-0.8	0.8	-90.0
1651825825	0.00	-178.78	0.0	?	-0.5	0.5	-90.0
1653826826	0.00	-179.34	0.0	?	-0.3	0.3	-90.0
1655827827	0.00	-180.00	0.0	?	-0.0	0.0	-90.0
1657828828	0.00	179.54	0.0	?	0.2	0.2	90.0
1659829829	0.00	178.98	0.0	?	0.4	0.4	90.0
1661830830	0.00	178.22	0.0	?	0.8	0.8	90.0
1663831831	0.00	177.94	0.0	?	0.9	0.9	90.0
1665832832	0.00	177.45	0.0	?	1.1	1.1	90.0
1667833833	0.00	176.64	0.0	?	1.5	1.5	90.0
1669834834	0.00	175.76	0.0	?	1.9	1.9	90.0
1671835835	0.00	175.03	0.0	?	2.2	2.2	90.0
1673836836	0.00	174.31	0.0	?	2.5	2.5	90.0
1675837837	0.00	173.87	0.0	?	2.7	2.7	90.0
1677838838	0.00	172.65	0.0	?	3.2	3.2	90.0
1679839839	0.00	172.14	0.0	?	3.4	3.4	90.0
1681840840	0.00	171.40	0.0	?	3.8	3.8	90.0
1683841841	0.00	170.58	0.0	?	4.1	4.1	90.0
1685842842	0.00	169.68	0.0	?	4.5	4.5	90.0
1687843843	0.00	168.77	0.0	?	4.9	4.9	90.0
1689844844	0.00	168.16	0.0	?	5.2	5.2	90.0
1691845845	0.00	167.07	0.0	?	5.7	5.7	90.0
1693846846	0.00	165.97	0.0	?	6.2	6.2	90.0
1695847847	0.00	165.23	0.0	?	6.5	6.5	90.0
1697848848	0.00	164.12	0.0	?	7.0	7.0	90.0
1699849849	0.00	163.28	0.0	?	7.3	7.3	90.0
1701850850	0.00	162.75	0.0	?	7.6	7.6	90.0
1703851851	0.00	161.50	0.0	?	8.1	8.1	90.0
1705852852	0.00	160.44	0.0	?	8.6	8.6	90.0
1707853853	0.00	159.49	0.0	?	9.0	9.0	90.0
1709854854	0.00	159.21	0.0	?	9.2	9.2	90.0
1711855855	0.00	158.32	0.0	?	9.6	9.6	90.0
1713856856	0.00	157.41	0.0	?	10.0	10.0	90.0
1715857857	0.00	156.64	0.0	?	10.3	10.3	90.0
1717858858	0.00	156.04	0.0	?	10.6	10.6	90.0
1719859859	0.00	156.02	0.0	?	10.6	10.6	90.0
1721860860	0.00	155.43	0.0	?	10.9	10.9	90.0
1723861861	0.00	155.03	0.0	?	11.1	11.1	90.0
1725862862	0.00	154.72	0.0	?	11.2	11.2	90.0
1727863863	0.00	154.56	0.0	?	11.3	11.3	90.0
1729864864	0.00	153.90	0.0	?	11.6	11.6	90.0
1731865865	0.00	153.04	0.0	?	12.0	12.0	90.0
1733866866	0.00	152.60	0.0	?	12.2	12.2	90.0
1735867867	0.00	151.61	0.0	?	12.6	12.6	90.0
1737868868	0.00	150.72	0.0	?	13.1	13.1	90.0
1739869869	0.00	149.84	0.0	?	13.5	13.5	90.0
1741870870	0.00	148.40	0.0	?	14.1	14.1	90.0
1743871871	0.00	147.33	0.0	?	14.7	14.7	90.0
1745872872	0.00	145.96	0.0	?	15.3	15.3	90.0
1747873873	0.00	144.43	0.0	?	16.0	16.0	90.0
1749874874	0.00	143.13	0.0	?	16.7	16.7	90.0
1751875875	0.00	141.27	0.0	?	17.6	17.6	90.0
1753876876	0.00	139.63	0.0	?	18.4	18.4	90.0
1755877877	0.00	138.07	0.0	?	19.2	19.2	90.0
1757878878	0.00	136.48	0.0	?	20.0	20.0	90.0
1759879879	0.00	134.52	0.0	?	21.0	21.0	90.0
1761880880	0.00	133.00	0.0	?	21.7	21.7	90.0
1763881881	0.00	131.44	0.0	?	22.6	22.6	90.0
1765882882	0.00	129.15	0.0	?	23.8	23.8	90.0
1767883883	0.00	127.45	0.0	?	24.7	24.7	90.0
1769884884	0.00	126.01	0.0	?	25.5	25.5	90.0
1771885885	0.00	124.07	0.0	?	26.5	26.5	90.0
1773886886	0.00	122.01	0.0	?	27.7	27.7	90.0
1775887887	0.00	120.33	0.0	?	28.7	28.7	90.0
1777888888	0.00	118.36	0.0	?	29.8	29.8	90.0
1779889889	0.00	116.15	0.0	?	31.2	31.2	90.0
1781890890	0.00	114.89	0.0	?	31.9	31.9	90.0
1783891891	0.00	112.89	0.0	?	33.2	33.2	90.0
1785892892	0.00	111.06	0.0	?	34.3	34.3	90.0
1787893893	0.00	109.25	0.0	?	35.5	35.5	90.0
1789894894	0.00	107.37	0.0	?	36.7	36.7	90.0
1791895895	0.00	105.59	0.0	?	38.0	38.0	90.0
1793896896	0.00	103.64	0.0	?	39.3	39.3	90.0
1795897897	0.00	101.81	0.0	?	40.6	40.6	90.0
1797898898	0.00	99.85	0.0	?	42.1	42.1	90.0
1799899899	0.00	98.20	0.0	?	43.3	43.3	90.0
1801900900	0.00	96.15	0.0	?	44.9	44.9	90.0
1803901901	0.00	94.15	0.0	?	46.5	46.5	90.0
1805902902	0.00	92.20	0.0	?	48.1	48.1	90.0
1807903903	0.00	90.49	0.0	?	49.6	49.6	90.0
1809904904	0.00	88.25	0.0	?	51.6	51.6	90.0
1811905905	0.00	86.35	0.0	?	53.3	53.3	90.0
1813906906	0.00	84.64	0.0	?	54.9	54.9	90.0
1815907907	0.00	83.09	0.0	?	56.4	56.4	90.0
1817908908	0.00	81.12	0.0	?	58.4	58.4	90.0
1819909909	0.00	78.84	0.0	?	60.8	60.8	90.0
1821910910	-0.16	76.44	1.2	108.51	63.5	63.5	88.9
1823911911	-0.42	74.54	3.3	41.82	65.6	65.7	87.2
1825912912	-0.60	72.66	4.9	28.78	67.8	67.9	85.8
1827913913	-0.89	70.51	7.6	19.62	70.2	70.6	83.8
1829914914	-1.17	68.13	10.6	14.93	72.9	73.7	81.7
1831915915	-1.41	66.12	13.4	12.32	75.1	76.3	79.9
1833916916	-1.66	63.83	16.7	10.47	77.7	79.5	77.9
1835917917	-1.93	61.55	20.4	9.03	80.2	82.7	75.7
1837918918	-2.13	59.38	23.8	8.20	82.6	86.0	74.0
1839919919	-2.34	56.87	27.9	7.46	85.4	89.9	71.9
1841920920	-2.59	54.60	32.5	6.75	87.6	93.4	69.6
1843921921	-2.83	52.36	37.5	6.18	89.4	96.9	67.2
1845922922	-3.07	50.11	42.8	5.72	91.0	100.5	64.8
1847923923	-3.34	47.49	49.3	5.27	92.4	104.7	61.9
1849924924	-3.53	44.78	55.8	4.99	94.2	109.5	59.4
1851925925	-3.73	42.70	61.7	4.73	94.5	112.9	56.9
1853926926	-3.88	40.10	68.6	4.55	95.7	117.8	54.4
1855927927	-4.09	37.33	76.9	4.32	95.4	122.5	51.1
1857928928	-4.22	34.81	84.4	4.19	95.3	127.3	48.5
1859929929	-4.47	32.29	92.7	3.97	92.1	130.7	44.8
1861930930	-4.62	29.55	101.4	3.85	89.8	135.4	41.5
1863931931	-4.84	26.85	109.8	3.68	84.6	138.6	37.6
1865932932	-4.93	23.89	119.2	3.62	80.6	143.9	34.1
1867933933	-5.07	21.24	127.0	3.52	74.5	147.2	30.4
1869934934	-5.17	18.56	134.5	3.46	67.8	150.7	26.8
1871935935	-5.20	16.10	141.9	3.44	62.0	154.9	23.6
1873936936	-5.41	13.21	146.4	3.32	50.4	154.9	19.0
1875937937	-5.51	10.22	151.2	3.26	39.6	156.3	14.7
1877938938	-5.61	8.19	152.9	3.20	31.5	156.1	11.6
1879939939	-5.68	5.55	155.0	3.16	21.3	156.4	7.8
1881940940	-5.71	2.51	157.0	3.15	9.7	157.3	3.6
1883941941	-5.83	0.04	154.7	3.09	0.2	154.7	0.1
1885942942	-5.89	-2.84	152.4	3.06	-10.3	152.8	-3.9
1887943943	-5.97	-5.77	148.1	3.02	-20.0	149.5	-7.7
1889944944	-5.97	-7.99	145.5	3.02	-27.2	148.0	-10.6
1891945945	-6.08	-10.44	139.7	2.98	-33.4	143.6	-13.4
1893946946	-6.12	-13.25	134.0	2.96	-40.2	139.9	-16.7
1895947947	-6.21	-15.97	127.4	2.92	-45.1	135.1	-19.5
1897948948	-6.21	-18.27	122.6	2.91	-49.4	132.1	-21.9
1899949949	-6.30	-20.72	116.4	2.88	-52.1	127.5	-24.1
1901950950	-6.35	-22.94	111.3	2.86	-54.3	123.8	-26.0
1903951951	-6.49	-25.23	105.6	2.80	-55.0	119.0	-27.5
1905952952	-6.63	-28.12	99.1	2.75	-55.6	113.6	-29.3
1907953953	-6.81	-30.16	94.5	2.68	-54.8	109.2	-30.1
1909954954	-6.90	-31.89	91.1	2.65	-54.6	106.2	-30.9
1911955955	-7.15	-33.01	88.4	2.56	-52.4	102.8	-30.6
1913956956	-7.25	-34.44	85.9	2.53	-52.0	100.4	-31.2
1915957957	-7.33	-35.06	84.7	2.51	-51.4	99.1	-31.2
1917958958	-7.43	-35.88	83.3	2.48	-50.7	97.5	-31.3
1919959959	-7.50	-35.92	83.1	2.46	-50.0	96.9	-31.0
1921960960	-7.42	-35.84	83.4	2.48	-50.8	97.6	-31.3
1923961961	-7.34	-36.12	83.1	2.51	-51.7	97.9	-31.9
1925962962	-7.24	-35.60	84.1	2.54	-52.4	99.1	-31.9
1927963963	-6.99	-35.66	84.5	2.62	-55.0	100.8	-33.1
1929964964	-6.86	-36.15	83.9	2.66	-56.6	101.2	-34.0
1931965965	-6.65	-37.13	82.5	2.74	-59.1	101.5	-35.6
1933966966	-6.54	-37.69	81.7	2.78	-60.5	101.6	-36.5
1935967967	-6.33	-38.63	80.1	2.86	-62.9	101.8	-38.1
1937968968	-6.09	-39.25	78.9	2.97	-65.7	102.7	-39.8
1939969969	-5.92	-40.41	76.6	3.04	-67.5	102.1	-41.4
1941970970	-5.72	-41.78	73.8	3.14	-69.5	101.4	-43.3
1943971971	-5.56	-42.40	72.3	3.23	-71.2	101.5	-44.6
1945972972	-5.42	-43.32	70.2	3.31	-72.5	100.9	-45.9
1947973973	-5.30	-44.76	67.3	3.38	-73.1	99.3	-47.3
1949974974	-5.15	-45.40	65.6	3.47	-74.3	99.1	-48.5
1951975975	-4.98	-46.16	63.6	3.58	-75.7	98.9	-50.0
1953976976	-4.87	-47.71	60.4	3.66	-75.7	96.9	-51.4
1955977977	-4.75	-48.38	58.7	3.75	-76.4	96.4	-52.5
1957978978	-4.59	-49.81	55.6	3.87	-76.8	94.8	-54.1
1959979979	-4.49	-51.20	53.0	3.95	-76.4	93.0	-55.2
1961980980	-4.36	-51.49	51.7	4.07	-77.3	93.0	-56.2
1963981981	-4.26	-52.29	49.9	4.16	-77.4	92.1	-57.2
1965982982	-4.13	-53.37	47.6	4.29	-77.4	90.9	-58.4
1967983983	-3.98	-54.34	45.3	4.44	-77.5	89.8	-59.7
1969984984	-3.89	-55.07	43.7	4.54	-77.4	88.9	-60.5
1971985985	-3.86	-55.79	42.7	4.57	-76.8	87.9	-60.9
1973986986	-3.76	-56.80	40.8	4.69	-76.4	86.6	-61.9
1975987987	-3.63	-57.65	38.9	4.85	-76.3	85.6	-63.0
1977988988	-3.52	-58.10	37.5	5.00	-76.5	85.2	-63.9
1979989989	-3.46	-58.83	36.4	5.08	-76.0	84.2	-64.4
1981990990	-3.42	-59.64	35.3	5.14	-75.3	83.1	-64.9
1983991991	-3.35	-60.32	34.1	5.25	-74.9	82.3	-65.5
1985992992	-3.26	-61.25	32.5	5.40	-74.3	81.1	-66.4
1987993993	-3.18	-61.70	31.6	5.52	-74.1	80.6	-66.9
1989994994	-3.10	-62.32	30.4	5.66	-73.8	79.8	-67.6
1991995995	-3.09	-62.83	29.9	5.68	-73.3	79.1	-67.8
1993996996	-3.01	-63.42	28.8	5.83	-72.9	78.4	-68.4
1995997997	-2.93	-64.31	27.6	5.98	-72.2	77.3	-69.1
1997998998	-2.89	-64.99	26.8	6.06	-71.6	76.4	-69.5
1999999999	-2.86	-65.46	26.2	6.13	-71.1	75.8	-69.8
