1000000	-1.01	89.71	5.8	17.24	49.9	50.2	83.4
3001001	0.00	84.31	0.0	?	55.2	55.2	90.0
5002002	0.00	78.51	0.0	?	61.2	61.2	90.0
7003003	0.00	74.14	0.0	?	66.2	66.2	90.0
9004004	0.00	70.38	0.0	?	70.9	70.9	90.0
11005005	0.00	68.20	0.0	?	73.9	73.9	90.0
13006006	-0.01	65.96	0.1	207.75	77.1	77.1	89.9
15007007	-0.22	63.02	2.3	79.87	81.5	81.5	88.4
17008008	-0.28	61.36	3.1	61.30	84.2	84.2	87.9
19009009	-0.38	59.62	4.5	45.27	87.1	87.2	87.1
21010010	-0.44	57.99	5.4	39.53	90.0	90.1	86.6
23011011	-0.48	56.40	6.2	35.87	92.9	93.1	86.2
25012012	-0.54	54.97	7.3	32.17	95.7	96.0	85.7
27013013	-0.57	53.51	8.1	30.33	98.6	99.0	85.3
29014014	-0.60	52.13	9.0	28.77	101.6	102.0	85.0
31015015	-0.63	50.88	9.7	27.70	104.4	104.8	84.7
33016016	-0.65	49.71	10.5	26.83	107.1	107.6	84.4
35017017	-0.65	48.62	11.0	26.60	109.8	110.3	84.3
37018018	-0.65	47.49	11.5	26.57	112.7	113.3	84.2
39019019	-0.64	46.41	11.7	27.21	115.6	116.2	84.2
41020020	-0.64	45.33	12.3	27.24	118.7	119.3	84.1
43021021	-0.64	44.26	12.8	27.26	121.8	122.5	84.0
45022022	-0.65	43.34	13.6	26.68	124.5	125.3	83.8
47023023	-0.66	42.39	14.4	26.38	127.5	128.3	83.6
49024024	-0.67	41.58	15.1	25.98	130.2	131.1	83.4
51025025	-0.68	40.74	16.0	25.54	133.0	133.9	83.1
53026026	-0.69	39.90	16.9	25.18	135.9	136.9	82.9
55027027	-0.71	39.13	18.0	24.48	138.6	139.8	82.6
57028028	-0.73	38.41	19.1	23.91	141.3	142.5	82.3
59029029	-0.75	37.69	20.3	23.24	143.9	145.4	82.0
61030030	-0.78	36.96	21.9	22.27	146.6	148.3	81.5
63031031	-0.81	36.33	23.6	21.36	149.0	150.9	81.0
65032032	-0.85	35.61	25.6	20.41	151.8	153.9	80.4
67033033	-0.90	34.94	27.9	19.34	154.3	156.8	79.7
69034034	-0.94	34.23	30.2	18.58	157.1	160.0	79.1
71035035	-0.99	33.53	33.0	17.59	159.7	163.1	78.3
73036036	-1.05	32.75	36.6	16.50	162.6	166.7	77.3
75037037	-1.11	32.05	39.8	15.72	165.3	170.0	76.5
77038038	-1.17	31.32	43.7	14.85	167.9	173.4	75.4
79039039	-1.24	30.55	47.9	14.07	170.6	177.2	74.3
81040040	-1.31	29.81	52.8	13.26	172.9	180.8	73.0
83041041	-1.39	29.02	58.2	12.50	175.2	184.6	71.6
85042042	-1.47	28.25	63.9	11.81	177.2	188.4	70.2
87043043	-1.56	27.51	69.7	11.20	178.8	192.0	68.7
89044044	-1.62	26.63	75.8	10.77	181.5	196.7	67.3
91045045	-1.70	25.70	83.2	10.28	183.7	201.7	65.6
93046046	-1.76	24.78	90.7	9.88	185.8	206.7	64.0
95047047	-1.85	23.85	99.2	9.42	186.9	211.6	62.0
97048048	-1.93	22.90	108.0	9.04	187.8	216.7	60.1
99049049	-1.99	21.86	117.5	8.79	189.7	223.1	58.2
101050050	-2.04	20.67	128.8	8.54	191.4	230.7	56.1
103051051	-2.11	19.47	141.2	8.29	192.1	238.4	53.7
105052052	-2.17	18.17	155.4	8.03	191.6	246.7	51.0
107053053	-2.25	16.87	170.5	7.78	189.3	254.8	48.0
109054054	-2.33	15.61	185.7	7.50	184.2	261.6	44.8
111055055	-2.39	14.25	202.3	7.31	178.7	269.9	41.5
113056056	-2.45	12.90	218.9	7.13	170.8	277.6	38.0
115057057	-2.52	11.47	236.0	6.95	159.7	285.0	34.1
117058058	-2.57	9.97	253.6	6.81	146.2	292.8	30.0
119059059	-2.62	8.41	270.5	6.68	129.1	299.8	25.5
121060060	-2.67	6.90	284.5	6.55	109.4	304.8	21.0
123061061	-2.71	5.20	297.8	6.45	85.0	309.7	15.9
125062062	-2.76	3.55	305.7	6.34	58.5	311.2	10.8
127063063	-2.81	1.86	308.7	6.24	30.4	310.2	5.6
129064064	-2.84	0.11	308.7	6.17	1.9	308.7	0.3
131065065	-2.87	-1.73	303.3	6.12	-27.2	304.5	-5.1
133066066	-2.90	-3.44	293.0	6.05	-51.6	297.5	-10.0
135067067	-2.91	-5.32	279.8	6.02	-75.9	289.9	-15.2
137068068	-2.92	-7.25	263.6	6.01	-97.1	280.9	-20.2
139069069	-2.93	-9.18	244.9	5.99	-113.7	270.0	-24.9
141070070	-2.92	-11.22	225.1	6.01	-128.0	259.0	-29.6
143071071	-2.91	-13.27	204.9	6.03	-137.9	246.9	-33.9
145072072	-2.90	-15.28	185.6	6.04	-143.8	234.8	-37.8
147073073	-2.89	-17.54	165.6	6.07	-147.3	221.6	-41.7
149074074	-2.87	-19.68	148.2	6.11	-148.5	209.8	-45.1
151075075	-2.85	-21.89	132.1	6.15	-147.5	198.0	-48.1
153076076	-2.82	-24.11	117.6	6.22	-145.6	187.2	-51.1
155077077	-2.78	-26.42	104.3	6.29	-142.4	176.5	-53.8
157078078	-2.75	-28.82	92.2	6.38	-138.3	166.3	-56.3
159079079	-2.72	-31.18	82.0	6.45	-133.6	156.8	-58.5
161080080	-2.70	-33.61	73.2	6.48	-128.2	147.6	-60.3
163081081	-2.69	-36.00	65.8	6.50	-122.7	139.3	-61.8
165082082	-2.67	-38.25	59.5	6.57	-118.1	132.2	-63.3
167083083	-2.63	-40.44	53.9	6.66	-113.8	125.9	-64.6
169084084	-2.57	-42.63	48.7	6.81	-109.8	120.1	-66.1
171085085	-2.50	-44.89	43.7	7.01	-105.9	114.6	-67.6
173086086	-2.41	-47.37	38.9	7.26	-101.8	109.0	-69.1
175087087	-2.33	-50.10	34.4	7.50	-97.2	103.1	-70.5
177088088	-2.27	-52.88	30.7	7.70	-92.6	97.5	-71.7
179089089	-2.21	-55.82	27.4	7.89	-87.8	92.0	-72.7
181090090	-2.16	-58.79	24.5	8.07	-83.4	86.9	-73.6
183091091	-2.13	-61.84	22.2	8.19	-79.0	82.0	-74.3
185092092	-2.09	-65.04	20.0	8.36	-74.7	77.3	-75.0
187093093	-2.07	-68.46	18.1	8.45	-70.3	72.6	-75.5
189094094	-2.02	-72.02	16.4	8.63	-66.2	68.2	-76.1
191095095	-1.98	-75.89	14.7	8.80	-62.0	63.7	-76.6
193096096	-1.95	-80.26	13.2	8.96	-57.6	59.1	-77.1
195097097	-1.94	-85.18	12.0	9.00	-52.9	54.3	-77.3
197098098	-1.99	-90.68	11.1	8.76	-48.2	49.4	-77.0
199099099	-2.07	-96.54	10.5	8.44	-43.5	44.7	-76.4
201100100	-2.17	-102.98	10.0	8.05	-38.8	40.1	-75.5
203101101	-2.27	-110.29	9.6	7.71	-34.0	35.3	-74.3
205102102	-2.44	-118.91	9.4	7.15	-28.7	30.2	-72.0
207103103	-2.71	-128.44	9.5	6.47	-23.4	25.3	-68.0
209104104	-3.08	-138.91	10.0	5.70	-18.1	20.6	-61.2
211105105	-3.55	-150.60	10.7	4.96	-12.5	16.5	-49.4
213106106	-4.17	-163.95	12.0	4.25	-6.7	13.7	-29.0
215107107	-4.95	-178.81	13.9	3.60	-0.5	13.9	-2.0
217108108	-5.83	164.70	16.4	3.09	6.0	17.5	20.1
219109109	-6.61	146.68	19.6	2.75	12.8	23.4	33.3
221110110	-7.08	127.71	23.1	2.59	20.2	30.7	41.1
223111111	-7.19	109.16	27.4	2.55	27.9	39.1	45.6
225112112	-6.94	92.66	32.1	2.64	36.1	48.3	48.4
227113113	-6.35	78.82	36.7	2.86	45.2	58.3	50.9
229114114	-5.55	66.84	41.8	3.23	56.2	70.0	53.4
231115115	-4.73	55.68	48.6	3.76	70.2	85.4	55.3
233116116	-4.07	45.75	58.6	4.35	86.6	104.6	55.9
235117117	-3.54	36.85	73.7	4.98	105.6	128.8	55.1
237118118	-3.11	29.17	95.4	5.64	127.1	159.0	53.1
239119119	-2.81	22.23	129.5	6.23	148.7	197.2	48.9
241120120	-2.56	15.93	182.0	6.83	166.9	246.9	42.5
243121121	-2.38	10.14	259.6	7.33	164.5	307.3	32.4
245122122	-2.25	4.91	349.6	7.75	114.0	367.7	18.1
247123123	-2.14	0.11	407.2	8.14	3.1	407.2	0.4
249124124	-2.07	-4.28	383.4	8.42	-118.7	401.4	-17.2
251125125	-2.02	-8.45	308.4	8.62	-192.6	363.6	-32.0
253126126	-1.99	-12.26	235.0	8.78	-216.4	319.4	-42.6
255127127	-1.95	-15.87	178.4	8.95	-215.6	279.9	-50.4
257128128	-1.91	-19.23	138.3	9.14	-205.8	248.0	-56.1
259129129	-1.87	-22.64	108.3	9.30	-191.6	220.1	-60.5
261130130	-1.84	-25.83	87.3	9.46	-177.8	198.0	-63.9
263131131	-1.83	-28.97	72.0	9.54	-164.3	179.4	-66.4
265132132	-1.81	-31.86	60.9	9.61	-153.0	164.7	-68.3
267133133	-1.78	-34.51	52.3	9.80	-143.8	153.0	-70.0
269134134	-1.72	-37.14	44.8	10.14	-135.7	142.9	-71.7
271135135	-1.66	-39.60	38.9	10.48	-128.6	134.3	-73.2
273136136	-1.59	-42.36	33.2	10.94	-121.2	125.7	-74.7
275137137	-1.54	-44.86	29.0	11.34	-114.9	118.5	-75.9
277138138	-1.48	-47.47	25.3	11.78	-108.9	111.7	-76.9
279139139	-1.43	-49.86	22.4	12.19	-103.6	106.0	-77.8
281140140	-1.39	-52.31	20.0	12.53	-98.6	100.6	-78.5
283141141	-1.34	-54.69	17.8	13.02	-94.0	95.7	-79.3
285142142	-1.29	-56.92	16.1	13.46	-90.0	91.5	-79.9
287143143	-1.25	-59.13	14.5	13.91	-86.3	87.5	-80.4
289144144	-1.21	-61.25	13.2	14.40	-82.9	84.0	-81.0
291145145	-1.17	-63.31	12.1	14.87	-79.8	80.7	-81.4
293146146	-1.14	-65.25	11.2	15.26	-77.0	77.8	-81.8
295147147	-1.11	-67.26	10.3	15.62	-74.2	74.9	-82.1
297148148	-1.08	-69.14	9.6	16.08	-71.7	72.3	-82.4
299149149	-1.06	-70.89	9.0	16.44	-69.5	70.1	-82.6
301150150	-1.03	-72.55	8.4	16.96	-67.5	68.0	-82.9
303151151	-1.01	-74.25	7.9	17.18	-65.4	65.9	-83.1
305152152	-0.99	-75.94	7.4	17.65	-63.5	64.0	-83.3
307153153	-0.97	-77.59	7.0	17.99	-61.7	62.1	-83.5
309154154	-0.95	-79.14	6.7	18.39	-60.1	60.4	-83.7
311155155	-0.93	-80.71	6.4	18.69	-58.4	58.8	-83.8
313156156	-0.91	-82.24	6.0	19.15	-56.9	57.2	-84.0
315157157	-0.90	-83.82	5.8	19.39	-55.4	55.7	-84.1
317158158	-0.88	-85.33	5.5	19.71	-54.0	54.2	-84.2
319159159	-0.87	-86.79	5.3	20.05	-52.6	52.9	-84.3
321160160	-0.85	-88.29	5.0	20.55	-51.3	51.5	-84.4
323161161	-0.84	-89.77	4.8	20.79	-50.0	50.2	-84.5
325162162	-0.84	-91.24	4.7	20.81	-48.7	48.9	-84.5
327163163	-0.83	-92.69	4.6	20.83	-47.5	47.7	-84.5
329164164	-0.82	-94.13	4.4	21.08	-46.3	46.5	-84.6
331165165	-0.81	-95.63	4.2	21.56	-45.1	45.3	-84.7
333166166	-0.80	-97.13	4.1	21.79	-44.0	44.2	-84.7
335167167	-0.80	-98.69	4.0	21.72	-42.8	43.0	-84.7
337168168	-0.81	-100.19	3.9	21.49	-41.7	41.9	-84.6
339169169	-0.82	-101.73	3.9	21.21	-40.5	40.7	-84.5
341170170	-0.83	-103.30	3.9	20.92	-39.4	39.6	-84.4
343171171	-0.83	-104.95	3.8	20.92	-38.3	38.5	-84.3
345172172	-0.84	-106.43	3.8	20.74	-37.2	37.4	-84.2
347173173	-0.85	-107.92	3.7	20.57	-36.2	36.4	-84.2
349174174	-0.85	-109.54	3.7	20.40	-35.2	35.4	-84.0
351175175	-0.86	-111.14	3.6	20.24	-34.2	34.3	-83.9
353176176	-0.87	-112.68	3.6	20.03	-33.2	33.4	-83.8
355177177	-0.88	-114.16	3.6	19.74	-32.3	32.5	-83.6
357178178	-0.89	-115.69	3.6	19.54	-31.3	31.5	-83.5
359179179	-0.90	-117.30	3.5	19.40	-30.4	30.6	-83.4
361180180	-0.90	-118.87	3.5	19.29	-29.4	29.6	-83.2
363181181	-0.91	-120.40	3.5	19.17	-28.5	28.7	-83.1
365182182	-0.92	-121.94	3.4	18.96	-27.7	27.9	-82.9
367183183	-0.92	-123.57	3.4	18.86	-26.7	26.9	-82.7
369184184	-0.92	-125.05	3.4	18.92	-25.9	26.1	-82.6
371185185	-0.92	-126.50	3.3	18.92	-25.1	25.3	-82.5
373186186	-0.92	-128.01	3.3	18.86	-24.3	24.5	-82.3
375187187	-0.92	-129.51	3.2	18.88	-23.5	23.7	-82.2
377188188	-0.92	-130.98	3.2	18.99	-22.7	22.9	-82.0
379189189	-0.91	-132.39	3.1	19.17	-22.0	22.2	-81.9
381190190	-0.90	-133.81	3.1	19.27	-21.3	21.5	-81.8
383191191	-0.90	-135.16	3.0	19.36	-20.6	20.8	-81.6
385192192	-0.89	-136.56	2.9	19.64	-19.9	20.1	-81.6
387193193	-0.88	-137.95	2.9	19.81	-19.2	19.4	-81.4
389194194	-0.87	-139.32	2.9	19.94	-18.5	18.7	-81.2
391195195	-0.87	-140.60	2.8	20.07	-17.9	18.1	-81.1
393196196	-0.85	-141.87	2.8	20.33	-17.2	17.5	-80.9
395197197	-0.84	-143.12	2.7	20.58	-16.6	16.8	-80.8
397198198	-0.83	-144.43	2.6	20.91	-16.0	16.2	-80.6
399199199	-0.83	-145.61	2.6	21.04	-15.4	15.7	-80.4
401200200	-0.82	-146.78	2.6	21.13	-14.9	15.1	-80.2
403201201	-0.81	-147.99	2.5	21.39	-14.3	14.5	-80.0
405202202	-0.81	-149.16	2.5	21.46	-13.8	14.0	-79.7
407203203	-0.80	-150.27	2.5	21.62	-13.2	13.5	-79.4
409204204	-0.80	-151.39	2.5	21.62	-12.7	13.0	-79.0
411205205	-0.80	-152.47	2.4	21.80	-12.2	12.5	-78.8
413206206	-0.81	-153.54	2.4	21.57	-11.7	12.0	-78.2
415207207	-0.80	-154.62	2.4	21.73	-11.2	11.5	-77.9
417208208	-0.81	-155.61	2.4	21.44	-10.8	11.1	-77.2
419209209	-0.81	-156.65	2.4	21.34	-10.3	10.6	-76.7
421210210	-0.82	-157.65	2.5	21.19	-9.9	10.2	-76.0
423211211	-0.83	-158.65	2.5	20.90	-9.4	9.7	-75.2
425212212	-0.84	-159.60	2.5	20.69	-9.0	9.3	-74.5
427213213	-0.86	-160.60	2.5	20.19	-8.5	8.9	-73.4
429214214	-0.88	-161.59	2.6	19.79	-8.1	8.5	-72.2
431215215	-0.89	-162.54	2.6	19.44	-7.7	8.1	-71.0
433216216	-0.91	-163.49	2.7	19.11	-7.2	7.7	-69.7
435217217	-0.93	-164.44	2.7	18.65	-6.8	7.3	-68.2
437218218	-0.96	-165.35	2.8	18.17	-6.4	7.0	-66.4
439219219	-0.98	-166.32	2.9	17.79	-6.0	6.6	-64.5
441220220	-1.00	-167.27	2.9	17.40	-5.6	6.3	-62.4
443221221	-1.02	-168.18	3.0	16.98	-5.2	6.0	-60.0
445222222	-1.05	-169.13	3.1	16.52	-4.7	5.6	-57.2
447223223	-1.09	-170.04	3.1	16.02	-4.3	5.4	-54.1
449224224	-1.11	-171.01	3.2	15.65	-3.9	5.1	-50.6
451225225	-1.13	-172.00	3.3	15.36	-3.5	4.8	-46.8
453226226	-1.16	-172.89	3.4	14.95	-3.1	4.6	-42.6
455227227	-1.19	-173.83	3.4	14.67	-2.7	4.3	-38.1
457228228	-1.22	-174.91	3.5	14.23	-2.2	4.2	-32.2
459229229	-1.24	-175.86	3.6	14.01	-1.8	4.0	-26.7
461230230	-1.26	-176.86	3.6	13.76	-1.4	3.9	-20.6
463231231	-1.29	-177.90	3.7	13.49	-0.9	3.8	-13.8
465232232	-1.31	-178.84	3.8	13.25	-0.5	3.8	-7.6
467233233	-1.33	-179.83	3.8	13.05	-0.1	3.8	-1.1
469234234	-1.36	179.13	3.9	12.84	0.4	3.9	5.5
471235235	-1.38	178.07	4.0	12.65	0.8	4.0	11.9
473236236	-1.40	177.06	4.0	12.46	1.3	4.2	17.6
475237237	-1.41	175.99	4.1	12.34	1.7	4.4	23.2
477238238	-1.43	175.04	4.1	12.21	2.2	4.6	27.7
479239239	-1.44	173.98	4.1	12.12	2.6	4.9	32.3
481240240	-1.45	172.86	4.2	12.01	3.1	5.2	36.5
483241241	-1.45	171.80	4.2	12.02	3.6	5.5	40.4
485242242	-1.46	170.74	4.2	11.90	4.0	5.8	43.6
487243243	-1.47	169.70	4.3	11.82	4.5	6.2	46.4
489244244	-1.47	168.64	4.3	11.82	4.9	6.5	49.1
491245245	-1.48	167.59	4.3	11.74	5.4	6.9	51.4
493246246	-1.48	166.51	4.3	11.73	5.9	7.3	53.6
495247247	-1.48	165.45	4.3	11.76	6.3	7.7	55.7
497248248	-1.49	164.44	4.3	11.71	6.8	8.1	57.3
499249249	-1.48	163.33	4.3	11.75	7.3	8.5	59.1
501250250	-1.47	162.27	4.3	11.81	7.7	8.9	60.8
503251251	-1.47	161.16	4.3	11.83	8.2	9.3	62.2
505252252	-1.47	160.15	4.4	11.84	8.7	9.7	63.4
507253253	-1.46	159.05	4.3	11.91	9.2	10.2	64.7
509254254	-1.45	158.01	4.3	11.97	9.6	10.6	65.8
511255255	-1.47	156.92	4.4	11.87	10.1	11.0	66.6
513256256	-1.46	155.80	4.4	11.94	10.6	11.5	67.6
515257257	-1.45	154.71	4.4	11.99	11.1	12.0	68.5
517258258	-1.45	153.69	4.4	12.01	11.6	12.4	69.3
519259259	-1.45	152.60	4.4	12.00	12.1	12.9	70.0
521260260	-1.45	151.56	4.4	12.00	12.6	13.3	70.6
523261261	-1.45	150.41	4.4	12.04	13.1	13.8	71.3
525262262	-1.45	149.34	4.5	12.01	13.6	14.3	71.8
527263263	-1.46	148.23	4.5	11.95	14.1	14.8	72.2
529264264	-1.45	147.03	4.5	12.02	14.7	15.4	72.9
531265265	-1.46	145.92	4.6	11.96	15.2	15.9	73.3
533266266	-1.46	144.74	4.6	11.93	15.8	16.4	73.7
535267267	-1.47	143.59	4.7	11.88	16.3	17.0	74.1
537268268	-1.47	142.42	4.7	11.88	16.9	17.5	74.5
539269269	-1.47	141.23	4.7	11.85	17.5	18.1	74.8
541270270	-1.48	140.01	4.8	11.73	18.0	18.7	75.0
543271271	-1.49	138.84	4.9	11.67	18.6	19.2	75.3
545272272	-1.52	137.60	5.0	11.43	19.2	19.9	75.4
547273273	-1.54	136.29	5.1	11.32	19.9	20.5	75.6
549274274	-1.56	135.05	5.2	11.15	20.5	21.2	75.6
551275275	-1.59	133.74	5.4	10.96	21.1	21.8	75.7
553276276	-1.62	132.36	5.5	10.78	21.8	22.5	75.8
555277277	-1.65	131.06	5.7	10.57	22.5	23.2	75.8
557278278	-1.68	129.74	5.9	10.38	23.2	23.9	75.8
559279279	-1.70	128.36	6.0	10.23	23.9	24.7	75.9
561280280	-1.74	127.03	6.2	10.02	24.6	25.4	75.8
563281281	-1.78	125.57	6.5	9.77	25.4	26.2	75.7
565282282	-1.83	124.16	6.7	9.51	26.1	27.0	75.6
567283283	-1.89	122.82	7.0	9.24	26.8	27.7	75.4
569284284	-1.97	121.56	7.4	8.87	27.5	28.5	75.0
571285285	-2.02	120.10	7.7	8.65	28.3	29.3	74.8
573286286	-2.10	118.73	8.1	8.32	29.0	30.1	74.5
575287287	-2.16	117.40	8.4	8.08	29.8	30.9	74.2
577288288	-2.23	116.20	8.8	7.83	30.4	31.7	73.9
579289289	-2.31	114.95	9.2	7.57	31.1	32.4	73.5
581290290	-2.39	113.75	9.7	7.30	31.8	33.2	73.0
583291291	-2.48	112.83	10.1	7.06	32.2	33.8	72.6
585292292	-2.57	111.92	10.6	6.82	32.7	34.4	72.1
587293293	-2.63	110.99	11.0	6.65	33.2	35.0	71.8
589294294	-2.67	110.30	11.2	6.56	33.6	35.4	71.6
591295295	-2.71	109.65	11.4	6.46	34.0	35.9	71.4
593296296	-2.69	109.06	11.5	6.50	34.4	36.2	71.6
595297297	-2.67	108.41	11.4	6.56	34.8	36.6	71.8
597298298	-2.62	107.67	11.4	6.68	35.3	37.1	72.2
599299299	-2.58	106.71	11.3	6.79	36.0	37.7	72.5
601300300	-2.52	105.68	11.2	6.94	36.7	38.3	73.0
603301301	-2.46	104.63	11.1	7.12	37.4	39.0	73.5
605302302	-2.42	103.50	11.1	7.24	38.2	39.8	73.8
607303303	-2.35	102.44	10.9	7.43	39.0	40.5	74.3
609304304	-2.28	101.22	10.8	7.68	39.9	41.3	74.9
611305305	-2.22	100.06	10.7	7.88	40.8	42.2	75.3
613306306	-2.15	98.86	10.6	8.12	41.7	43.0	75.8
615307307	-2.10	97.45	10.5	8.32	42.8	44.1	76.2
617308308	-2.04	96.17	10.5	8.55	43.8	45.0	76.6
619309309	-2.00	94.80	10.4	8.74	44.9	46.1	76.9
621310310	-1.95	93.53	10.4	8.96	45.9	47.1	77.2
623311311	-1.91	92.25	10.4	9.15	47.0	48.1	77.5
625312312	-1.87	91.00	10.4	9.31	48.0	49.2	77.7
627313313	-1.83	89.67	10.4	9.52	49.2	50.3	78.0
629314314	-1.79	88.36	10.4	9.76	50.4	51.4	78.3
631315315	-1.73	87.08	10.4	10.06	51.5	52.6	78.6
633316316	-1.70	85.94	10.4	10.26	52.6	53.6	78.8
635317317	-1.69	84.73	10.5	10.32	53.7	54.7	78.9
637318318	-1.65	83.57	10.6	10.53	54.8	55.8	79.1
639319319	-1.62	82.24	10.6	10.76	56.1	57.1	79.3
641320320	-1.60	81.06	10.7	10.92	57.3	58.3	79.4
643321321	-1.57	79.88	10.8	11.12	58.6	59.5	79.6
645322322	-1.56	78.73	11.0	11.16	59.7	60.8	79.6
647323323	-1.53	77.55	11.1	11.35	61.0	62.0	79.7
649324324	-1.50	76.31	11.2	11.58	62.4	63.4	79.8
651325325	-1.50	75.18	11.5	11.57	63.7	64.7	79.8
653326326	-1.51	74.03	11.8	11.52	65.0	66.0	79.7
655327327	-1.51	72.86	12.1	11.55	66.3	67.4	79.7
657328328	-1.51	71.68	12.4	11.56	67.7	68.9	79.6
659329329	-1.51	70.46	12.9	11.52	69.2	70.4	79.5
661330330	-1.52	68.92	13.4	11.49	71.2	72.4	79.4
663331331	-1.50	67.54	13.7	11.62	73.0	74.3	79.4
665332332	-1.51	66.25	14.2	11.56	74.7	76.1	79.2
667333333	-1.53	65.05	14.9	11.36	76.3	77.8	78.9
669334334	-1.56	63.72	15.8	11.14	78.2	79.8	78.6
671335335	-1.56	62.32	16.4	11.13	80.3	81.9	78.4
673336336	-1.56	61.03	17.0	11.14	82.2	84.0	78.3
675337337	-1.60	59.63	18.1	10.89	84.3	86.3	77.9
677338338	-1.63	58.26	19.2	10.68	86.5	88.6	77.5
679339339	-1.67	56.86	20.5	10.42	88.7	91.1	77.0
681340340	-1.71	55.51	21.9	10.20	90.9	93.5	76.5
683341341	-1.73	54.09	23.1	10.09	93.5	96.3	76.1
685342342	-1.78	52.47	25.0	9.81	96.3	99.5	75.4
687343343	-1.81	51.03	26.7	9.62	98.9	102.5	74.9
689344344	-1.88	49.39	29.2	9.29	101.9	106.0	74.0
691345345	-1.90	47.61	31.6	9.16	105.5	110.1	73.3
693346346	-1.95	45.95	34.3	8.96	108.9	114.2	72.5
695347347	-2.00	44.16	37.6	8.72	112.6	118.7	71.6
697348348	-2.06	42.38	41.3	8.48	116.4	123.5	70.5
699349349	-2.11	40.50	45.5	8.29	120.6	128.9	69.3
701350350	-2.18	38.73	50.3	8.03	124.4	134.2	68.0
703351351	-2.23	36.86	55.7	7.84	128.7	140.3	66.6
705352352	-2.28	34.99	61.6	7.68	133.2	146.7	65.2
707353353	-2.33	32.92	69.0	7.50	138.1	154.4	63.4
709354354	-2.39	30.85	77.7	7.30	142.7	162.5	61.4
711355355	-2.47	28.89	87.2	7.09	146.4	170.3	59.2
713356356	-2.53	26.90	97.8	6.92	150.0	179.1	56.9
715357357	-2.59	24.95	109.6	6.76	152.7	188.0	54.3
717358358	-2.65	22.96	122.8	6.61	154.7	197.5	51.6
719359359	-2.71	21.21	135.8	6.46	154.8	205.9	48.7
721360360	-2.77	19.05	152.9	6.33	154.0	217.0	45.2
723361361	-2.81	17.10	169.7	6.24	151.7	227.6	41.8
725362362	-2.86	15.15	187.4	6.12	145.9	237.5	37.9
727363363	-2.91	13.25	204.9	6.02	137.5	246.8	33.9
729364364	-2.96	11.25	223.2	5.93	125.5	256.1	29.4
731365365	-3.00	9.17	241.4	5.86	109.4	265.1	24.4
733366366	-3.03	7.43	254.7	5.79	92.5	271.0	20.0
735367367	-3.07	5.57	265.9	5.71	71.4	275.3	15.0
737368368	-3.11	3.72	273.3	5.64	48.5	277.6	10.1
739369369	-3.11	1.82	280.4	5.65	24.4	281.4	5.0
741370370	-3.13	-0.15	280.5	5.61	-1.9	280.5	-0.4
743371371	-3.14	-2.04	277.3	5.60	-26.8	278.6	-5.5
745372372	-3.16	-3.96	268.6	5.57	-50.0	273.2	-10.5
747373373	-3.19	-5.88	255.5	5.50	-69.6	264.8	-15.2
749374374	-3.20	-7.88	241.1	5.49	-87.7	256.6	-20.0
751375375	-3.23	-9.78	225.2	5.44	-100.5	246.6	-24.0
753376376	-3.27	-11.67	208.7	5.38	-109.6	235.8	-27.7
755377377	-3.29	-13.59	192.7	5.34	-116.7	225.3	-31.2
757378378	-3.33	-15.44	177.8	5.28	-120.6	214.8	-34.1
759379379	-3.37	-17.50	162.4	5.23	-122.9	203.7	-37.1
761380380	-3.42	-19.54	148.5	5.15	-123.1	192.8	-39.7
763381381	-3.49	-21.45	136.6	5.04	-120.9	182.4	-41.5
765382382	-3.55	-23.32	126.3	4.96	-118.9	173.4	-43.3
767383383	-3.63	-25.10	117.5	4.85	-115.9	165.0	-44.6
769384384	-3.72	-26.98	109.3	4.75	-112.5	156.8	-45.8
771385385	-3.85	-28.67	102.9	4.58	-107.8	149.0	-46.3
773386386	-3.97	-30.37	97.2	4.45	-103.8	142.2	-46.9
775387387	-4.08	-31.95	92.3	4.34	-100.4	136.3	-47.4
777388388	-4.19	-33.37	88.4	4.22	-96.9	131.2	-47.6
779389389	-4.33	-34.74	85.1	4.09	-93.3	126.3	-47.6
781390390	-4.48	-36.03	82.3	3.97	-89.9	121.9	-47.5
783391391	-4.60	-36.91	80.6	3.86	-87.2	118.8	-47.2
785392392	-4.69	-37.63	79.2	3.80	-85.5	116.6	-47.2
787393393	-4.73	-38.28	77.9	3.76	-84.4	114.8	-47.3
789394394	-4.78	-38.81	76.9	3.72	-83.3	113.4	-47.3
791395395	-4.77	-39.34	75.7	3.73	-83.1	112.4	-47.7
793396396	-4.71	-39.65	74.8	3.78	-83.7	112.3	-48.2
795397397	-4.60	-40.16	73.1	3.87	-85.1	112.2	-49.3
797398398	-4.42	-40.89	70.5	4.02	-87.0	112.0	-51.0
799399399	-4.16	-42.01	66.6	4.25	-89.5	111.5	-53.4
801400400	-3.93	-43.33	62.1	4.49	-91.0	110.2	-55.7
803401401	-3.70	-45.21	56.6	4.77	-91.5	107.6	-58.3
805402402	-3.47	-47.52	50.6	5.07	-90.9	104.1	-60.9
807403403	-3.27	-50.16	44.7	5.38	-89.1	99.7	-63.4
809404404	-3.10	-52.96	39.5	5.66	-86.4	95.0	-65.4
811405405	-2.97	-56.05	34.9	5.90	-82.8	89.9	-67.2
813406406	-2.88	-59.15	31.1	6.09	-79.1	85.0	-68.5
815407407	-2.81	-62.37	27.9	6.24	-75.2	80.2	-69.6
817408408	-2.75	-65.55	25.3	6.36	-71.5	75.8	-70.5
819409409	-2.72	-68.58	23.3	6.44	-68.0	71.9	-71.1
821410410	-2.71	-71.65	21.6	6.46	-64.6	68.1	-71.5
823411411	-2.71	-74.71	20.2	6.47	-61.4	64.6	-71.8
825412412	-2.69	-77.73	18.8	6.51	-58.5	61.4	-72.2
827413413	-2.69	-80.45	17.9	6.50	-55.9	58.6	-72.3
829414414	-2.70	-83.29	16.9	6.49	-53.3	55.9	-72.4
831415415	-2.71	-86.00	16.2	6.46	-50.9	53.4	-72.4
833416416	-2.72	-88.63	15.5	6.44	-48.7	51.2	-72.4
835417417	-2.73	-91.26	14.9	6.42	-46.6	49.0	-72.3
837418418	-2.75	-93.72	14.4	6.37	-44.7	47.0	-72.1
839419419	-2.76	-96.17	13.9	6.36	-42.9	45.1	-72.0
841420420	-2.76	-98.59	13.5	6.34	-41.2	43.3	-71.9
843421421	-2.76	-100.97	13.0	6.34	-39.5	41.6	-71.8
845422422	-2.79	-103.19	12.8	6.28	-38.0	40.1	-71.5
847423423	-2.81	-105.31	12.5	6.24	-36.6	38.7	-71.2
849424424	-2.83	-107.50	12.2	6.20	-35.2	37.3	-70.8
851425425	-2.85	-109.63	12.0	6.16	-33.9	35.9	-70.5
853426426	-2.84	-111.80	11.7	6.16	-32.6	34.6	-70.3
855427427	-2.87	-113.80	11.5	6.12	-31.4	33.4	-69.8
857428428	-2.91	-115.81	11.4	6.03	-30.2	32.3	-69.3
859429429	-2.93	-117.79	11.3	5.99	-29.0	31.1	-68.8
861430430	-2.94	-119.78	11.1	5.96	-27.9	30.0	-68.3
863431431	-2.96	-121.66	11.0	5.92	-26.9	29.0	-67.8
865432432	-2.99	-123.61	10.9	5.88	-25.8	28.0	-67.2
867433433	-3.01	-125.48	10.8	5.84	-24.8	27.0	-66.6
869434434	-3.06	-127.43	10.8	5.74	-23.8	26.1	-65.7
871435435	-3.07	-129.28	10.6	5.72	-22.8	25.2	-65.0
873436436	-3.10	-131.14	10.6	5.66	-21.9	24.3	-64.2
875437437	-3.13	-133.05	10.5	5.60	-20.9	23.4	-63.2
877438438	-3.15	-134.92	10.5	5.57	-20.0	22.5	-62.3
879439439	-3.19	-136.80	10.4	5.51	-19.0	21.7	-61.3
881440440	-3.21	-138.58	10.4	5.47	-18.2	20.9	-60.3
883441441	-3.23	-140.36	10.3	5.44	-17.3	20.2	-59.2
885442442	-3.24	-142.20	10.3	5.43	-16.5	19.4	-58.1
887443443	-3.25	-144.00	10.2	5.40	-15.6	18.7	-56.9
889444444	-3.25	-145.86	10.1	5.41	-14.8	17.9	-55.7
891445445	-3.25	-147.68	10.0	5.40	-14.0	17.2	-54.3
893446446	-3.26	-149.51	9.9	5.40	-13.1	16.5	-52.9
895447447	-3.26	-151.34	9.9	5.39	-12.3	15.8	-51.3
897448448	-3.26	-153.09	9.8	5.40	-11.5	15.1	-49.7
899449449	-3.25	-154.86	9.7	5.41	-10.7	14.5	-48.0
901450450	-3.23	-156.59	9.6	5.44	-10.0	13.8	-46.2
903451451	-3.22	-158.37	9.5	5.45	-9.2	13.2	-44.2
905452452	-3.21	-160.04	9.4	5.48	-8.5	12.7	-42.1
907453453	-3.17	-161.73	9.3	5.54	-7.8	12.1	-40.0
909454454	-3.14	-163.37	9.1	5.59	-7.1	11.5	-37.8
911455455	-3.13	-164.99	9.1	5.62	-6.4	11.1	-35.2
913456456	-3.09	-166.71	8.9	5.68	-5.6	10.6	-32.3
915457457	-3.03	-168.18	8.7	5.79	-5.0	10.1	-29.9
917458458	-3.00	-169.71	8.6	5.84	-4.4	9.7	-26.9
919459459	-2.97	-171.20	8.5	5.91	-3.7	9.3	-23.7
921460460	-2.91	-172.70	8.3	6.03	-3.1	8.9	-20.4
923461461	-2.86	-174.13	8.2	6.12	-2.5	8.6	-16.9
925462462	-2.82	-175.59	8.1	6.21	-1.9	8.3	-13.1
927463463	-2.77	-177.00	7.9	6.32	-1.3	8.0	-9.2
929464464	-2.72	-178.36	7.8	6.45	-0.7	7.8	-5.1
931465465	-2.66	-179.72	7.6	6.58	-0.1	7.6	-0.9
933466466	-2.60	178.97	7.4	6.73	0.4	7.4	3.4
935467467	-2.55	177.72	7.3	6.86	1.0	7.4	7.6
937468468	-2.48	176.41	7.1	7.04	1.5	7.3	12.2
939469469	-2.42	175.10	6.9	7.23	2.1	7.2	16.9
941470470	-2.37	173.81	6.8	7.38	2.7	7.3	21.4
943471471	-2.32	172.56	6.7	7.53	3.2	7.4	25.6
945472472	-2.26	171.35	6.5	7.72	3.7	7.5	29.7
947473473	-2.20	170.03	6.4	7.92	4.3	7.7	34.0
949474474	-2.15	168.78	6.2	8.14	4.8	7.9	37.9
951475475	-2.09	167.59	6.1	8.35	5.4	8.1	41.5
953476476	-2.04	166.27	5.9	8.56	5.9	8.4	45.1
955477477	-1.99	165.12	5.8	8.76	6.4	8.7	48.0
957478478	-1.93	163.97	5.6	9.06	7.0	8.9	51.0
959479479	-1.88	162.73	5.5	9.25	7.5	9.3	53.6
961480480	-1.82	161.56	5.4	9.57	8.0	9.7	56.2
963481481	-1.77	160.29	5.2	9.83	8.6	10.1	58.6
965482482	-1.73	159.08	5.1	10.09	9.1	10.5	60.7
967483483	-1.67	157.82	5.0	10.45	9.7	10.9	62.9
969484484	-1.61	156.52	4.8	10.80	10.3	11.4	64.9
971485485	-1.56	155.27	4.7	11.19	10.9	11.8	66.7
973486486	-1.49	153.95	4.5	11.68	11.5	12.3	68.6
975487487	-1.44	152.68	4.4	12.07	12.1	12.8	70.0
977488488	-1.38	151.44	4.2	12.63	12.6	13.3	71.6
979489489	-1.34	149.86	4.1	13.03	13.4	14.0	72.9
981490490	-1.29	148.58	4.0	13.49	14.0	14.5	74.0
983491491	-1.24	147.29	3.9	14.08	14.6	15.1	75.2
985492492	-1.17	145.85	3.7	14.86	15.3	15.7	76.5
987493493	-1.10	144.51	3.5	15.77	15.9	16.3	77.6
989494494	-1.05	143.00	3.4	16.49	16.7	17.0	78.6
991495495	-1.00	141.54	3.2	17.40	17.4	17.7	79.5
993496496	-0.93	139.93	3.0	18.61	18.2	18.4	80.5
995497497	-0.88	138.52	2.9	19.82	18.9	19.1	81.3
997498498	-0.83	136.97	2.8	20.95	19.7	19.9	82.0
999499499	-0.76	135.49	2.6	22.84	20.4	20.6	82.9
1001500500	-0.69	133.96	2.3	25.17	21.2	21.3	83.7
1003501501	-0.64	132.30	2.2	27.04	22.1	22.2	84.3
1005502502	-0.57	130.79	2.0	30.36	22.9	23.0	85.0
1007503503	-0.53	129.13	1.9	32.57	23.8	23.8	85.5
1009504504	-0.46	127.50	1.6	37.98	24.6	24.7	86.2
1011505505	-0.39	125.91	1.4	44.74	25.5	25.5	86.8
1013506506	-0.33	124.24	1.2	52.87	26.4	26.5	87.4
1015507507	-0.27	122.55	1.0	63.71	27.4	27.4	87.9
1017508508	-0.22	120.82	0.8	80.02	28.4	28.4	88.3
1019509509	-0.17	119.13	0.6	105.18	29.4	29.4	88.8
1021510510	-0.12	117.51	0.5	139.16	30.3	30.3	89.1
1023511511	-0.08	115.83	0.3	205.08	31.3	31.3	89.4
1025512512	-0.05	114.10	0.2	340.22	32.4	32.4	89.6
1027513513	-0.03	112.16	0.1	674.20	33.6	33.6	89.8
1029514514	-0.00	110.34	0.0	862.10	34.8	34.8	90.0
1031515515	-0.00	108.67	0.0	235.92	35.9	35.9	90.0
1033516516	0.00	106.92	0.0	?	37.1	37.1	90.0
1035517517	0.00	105.15	0.0	?	38.3	38.3	90.0
1037518518	0.00	103.44	0.0	?	39.5	39.5	90.0
1039519519	-0.02	101.48	0.1	916.24	40.9	40.9	89.9
1041520520	-0.04	99.77	0.2	392.98	42.1	42.1	89.7
1043521521	-0.08	97.86	0.4	227.90	43.6	43.6	89.5
1045522522	-1.15	159.41	3.4	15.12	9.0	9.7	69.3
1047523523	0.00	143.34	0.0	?	16.6	16.6	90.0
1049524524	-0.74	90.15	4.3	23.38	49.7	49.9	85.1
1051525525	-1.40	83.05	9.1	12.46	55.6	56.4	80.8
1053526526	-1.48	80.68	10.0	11.77	57.9	58.7	80.2
1055527527	-1.59	78.43	11.3	10.96	60.0	61.1	79.4
1057528528	-1.65	76.16	12.3	10.56	62.3	63.5	78.9
1059529529	-1.72	73.94	13.4	10.13	64.7	66.0	78.3
1061530530	-1.82	71.66	15.0	9.56	67.1	68.7	77.4
1063531531	-1.95	69.06	16.9	8.96	69.9	71.9	76.4
1065532532	-2.07	66.44	19.1	8.44	72.9	75.4	75.3
1067533533	-2.18	64.40	21.1	8.02	75.2	78.1	74.3
1069534534	-2.31	61.95	23.8	7.57	78.1	81.6	73.1
1071535535	-2.47	59.76	26.9	7.07	80.4	84.8	71.5
1073536536	-2.63	57.29	30.3	6.67	83.2	88.6	70.0
1075537537	-2.78	54.74	34.4	6.29	86.0	92.6	68.2
1077538538	-2.97	52.09	39.2	5.91	88.7	97.0	66.2
1079539539	-3.18	49.46	44.8	5.53	91.0	101.4	63.8
1081540540	-3.42	46.89	51.1	5.15	92.4	105.6	61.0
1083541541	-3.66	44.35	57.8	4.82	93.2	109.7	58.2
1085542542	-3.96	41.73	65.7	4.46	92.5	113.5	54.6
1087543543	-4.26	38.72	74.5	4.16	91.3	117.8	50.8
1089544544	-4.57	35.89	83.1	3.89	88.4	121.3	46.8
1091545545	-4.93	33.02	91.5	3.62	83.3	123.8	42.3
1093546546	-5.34	30.02	99.4	3.36	76.0	125.1	37.4
1095547547	-5.80	26.99	105.6	3.11	66.7	124.9	32.3
1097548548	-6.27	23.65	110.4	2.89	56.3	123.9	27.0
1099549549	-6.79	20.53	112.2	2.69	45.6	121.2	22.1
1101550550	-7.35	16.92	112.3	2.50	34.3	117.4	17.0
1103551551	-7.98	13.07	110.1	2.33	23.6	112.6	12.1
1105552552	-8.62	9.13	106.3	2.18	14.5	107.3	7.8
1107553553	-9.36	4.90	101.0	2.03	6.6	101.2	3.8
1109554554	-10.07	-0.24	95.7	1.91	-0.3	95.7	-0.2
1111555555	-10.92	-5.23	89.3	1.79	-5.0	89.5	-3.2
1113556556	-11.78	-11.00	83.3	1.69	-8.8	83.7	-6.0
1115557557	-12.56	-17.35	77.9	1.62	-11.6	78.8	-8.5
1117558558	-13.36	-24.30	72.9	1.55	-13.5	74.1	-10.5
1119559559	-14.11	-32.34	68.1	1.49	-14.9	69.7	-12.4
1121560560	-14.79	-42.19	63.3	1.45	-16.0	65.3	-14.2
1123561561	-15.28	-52.28	59.2	1.42	-16.6	61.5	-15.7
1125562562	-15.69	-64.54	54.9	1.39	-16.7	57.4	-16.9
1127563563	-15.80	-75.94	51.4	1.39	-16.6	54.0	-17.9
1129564564	-15.70	-87.91	47.9	1.39	-16.1	50.6	-18.6
1131565565	-15.38	-98.78	44.9	1.41	-15.6	47.5	-19.1
1133566566	-14.92	-108.45	42.2	1.44	-14.9	44.8	-19.4
1135567567	-14.39	-117.53	39.7	1.47	-14.0	42.1	-19.4
1137568568	-13.71	-125.28	37.4	1.52	-13.2	39.6	-19.4
1139569569	-13.14	-131.79	35.5	1.56	-12.2	37.5	-19.0
1141570570	-12.48	-138.03	33.5	1.62	-11.3	35.3	-18.6
1143571571	-11.84	-143.49	31.6	1.69	-10.3	33.3	-18.0
1145572572	-11.24	-149.39	29.9	1.76	-9.0	31.2	-16.8
1147573573	-10.59	-153.94	28.2	1.84	-8.0	29.3	-15.9
1149574574	-10.07	-158.86	26.8	1.91	-6.7	27.6	-14.1
1151575575	-9.56	-162.94	25.5	2.00	-5.6	26.1	-12.4
1153576576	-9.05	-166.56	24.2	2.09	-4.5	24.6	-10.6
1155577577	-8.57	-170.43	23.0	2.19	-3.3	23.2	-8.2
1157578578	-8.14	-174.35	21.9	2.29	-2.0	22.0	-5.2
1159579579	-7.74	-177.55	20.9	2.39	-0.9	20.9	-2.4
1161580580	-7.33	179.24	19.9	2.51	0.3	19.9	0.8
1163581581	-7.01	176.30	19.2	2.61	1.4	19.2	4.1
1165582582	-6.66	173.42	18.3	2.73	2.5	18.5	7.7
1167583583	-6.32	170.49	17.5	2.87	3.7	17.9	11.8
1169584584	-6.02	167.98	16.8	3.00	4.7	17.5	15.5
1171585585	-5.73	165.08	16.2	3.14	5.9	17.2	20.0
1173586586	-5.46	162.45	15.6	3.28	7.0	17.1	24.2
1175587587	-5.21	159.94	15.0	3.43	8.1	17.0	28.3
1177588588	-4.96	157.39	14.4	3.60	9.2	17.1	32.5
1179589589	-4.77	155.02	14.0	3.73	10.2	17.4	36.2
1181590590	-4.60	152.81	13.6	3.87	11.2	17.7	39.5
1183591591	-4.42	150.39	13.3	4.01	12.3	18.1	42.9
1185592592	-4.24	148.06	12.9	4.18	13.4	18.6	46.2
1187593593	-4.08	146.02	12.6	4.33	14.4	19.1	48.9
1189594594	-3.96	143.85	12.3	4.47	15.4	19.7	51.4
1191595595	-3.83	141.92	12.1	4.61	16.4	20.3	53.6
1193596596	-3.69	139.92	11.8	4.78	17.3	21.0	55.8
1195597597	-3.53	138.01	11.4	4.98	18.3	21.6	58.0
1197598598	-3.41	136.04	11.2	5.16	19.3	22.3	59.9
1199599599	-3.25	134.06	10.8	5.41	20.3	23.0	62.0
1201600600	-3.12	131.93	10.6	5.64	21.5	23.9	63.8
1203601601	-2.96	129.68	10.2	5.92	22.7	24.9	65.7
1205602602	-2.82	127.35	9.9	6.22	23.9	25.9	67.4
1207603603	-2.71	125.36	9.7	6.46	25.1	26.9	68.7
1209604604	-2.57	123.06	9.4	6.81	26.4	28.0	70.3
1211605605	-2.39	120.61	9.0	7.32	27.8	29.2	72.1
1213606606	-2.26	117.85	8.8	7.72	29.4	30.7	73.4
1215607607	-2.14	115.06	8.6	8.15	31.1	32.3	74.6
1217608608	-2.01	112.51	8.3	8.69	32.8	33.8	75.8
1219609609	-1.90	109.71	8.1	9.17	34.6	35.5	76.8
1221610610	-1.76	106.56	7.8	9.89	36.7	37.5	78.0
1223611611	-1.68	103.54	7.8	10.35	38.8	39.6	78.7
1225612612	-1.58	100.35	7.6	11.05	41.1	41.8	79.5
1227613613	-1.54	97.25	7.8	11.35	43.4	44.1	79.8
1229614614	-1.44	94.22	7.7	12.10	45.9	46.5	80.5
1231615615	-1.32	91.07	7.4	13.22	48.5	49.1	81.3
1233616616	-1.22	87.79	7.2	14.30	51.4	51.9	82.0
1235617617	-1.11	84.45	7.0	15.63	54.6	55.0	82.6
1237618618	-1.00	81.10	6.7	17.47	58.0	58.4	83.4
1239619619	-0.88	77.34	6.5	19.75	62.1	62.4	84.1
1241620620	-0.80	73.85	6.3	21.74	66.1	66.4	84.5
1243621621	-0.68	69.78	6.0	25.55	71.4	71.6	85.2
1245622622	-0.56	65.52	5.5	31.09	77.4	77.6	86.0
1247623623	-0.44	61.28	4.9	39.30	84.2	84.3	86.7
1249624624	-0.36	57.22	4.5	48.50	91.5	91.6	87.2
1251625625	-0.30	52.66	4.4	57.37	100.9	101.0	87.5
1253626626	-0.26	48.14	4.5	66.94	111.8	111.9	87.7
1255627627	-0.25	43.77	5.2	69.40	124.3	124.4	87.6
1257628628	-0.29	39.51	7.3	60.20	138.9	139.1	87.0
1259629629	-0.35	34.91	11.1	50.01	158.3	158.7	86.0
1261630630	-0.39	30.59	15.9	44.77	181.5	182.2	85.0
1263631631	-0.45	26.22	24.7	38.89	212.0	213.4	83.4
1265632632	-0.56	22.29	41.7	31.26	247.0	250.5	80.4
1267633633	-0.69	18.43	72.9	25.25	290.5	299.5	75.9
1269634634	-0.82	14.32	133.4	21.13	347.7	372.4	69.0
1271635635	-0.95	10.48	242.2	18.22	400.2	467.8	58.8
1273636636	-1.12	6.79	421.4	15.55	385.8	571.4	42.5
1275637637	-1.28	3.21	593.2	13.56	223.8	634.0	20.7
1277638638	-1.47	-0.30	593.2	11.88	-18.4	593.5	-1.8
1279639639	-1.64	-3.86	470.6	10.60	-166.4	499.1	-19.5
1281640640	-1.80	-7.27	352.3	9.66	-213.0	411.7	-31.2
1283641641	-1.99	-10.52	267.7	8.78	-211.7	341.3	-38.3
1285642642	-2.21	-13.89	208.1	7.90	-194.3	284.7	-43.0
1287643643	-2.39	-17.20	168.3	7.31	-178.5	245.3	-46.7
1289644644	-2.57	-20.43	140.3	6.81	-163.2	215.2	-49.3
1291645645	-2.77	-23.75	119.2	6.33	-148.1	190.2	-51.2
1293646646	-2.93	-27.06	102.9	5.99	-136.3	170.8	-52.9
1295647647	-3.12	-29.93	92.4	5.63	-125.7	156.0	-53.7
1297648648	-3.29	-33.04	82.7	5.35	-116.5	142.9	-54.6
1299649649	-3.46	-36.23	74.7	5.08	-107.9	131.3	-55.3
1301650650	-3.59	-39.65	67.1	4.90	-100.7	121.0	-56.3
1303651651	-3.74	-42.72	61.8	4.72	-94.4	112.8	-56.8
1305652652	-3.86	-45.73	57.1	4.57	-89.0	105.7	-57.3
1307653653	-3.96	-48.59	53.1	4.47	-84.4	99.7	-57.9
1309654654	-4.06	-51.79	49.2	4.36	-79.8	93.7	-58.3
1311655655	-4.16	-54.48	46.4	4.26	-76.0	89.0	-58.6
1313656656	-4.27	-57.64	43.5	4.15	-71.8	84.0	-58.8
1315657657	-4.32	-60.51	40.9	4.10	-68.6	79.9	-59.2
1317658658	-4.33	-63.21	38.4	4.09	-66.0	76.4	-59.8
1319659659	-4.40	-66.04	36.5	4.03	-63.0	72.8	-60.0
1321660660	-4.39	-68.68	34.4	4.04	-60.7	69.8	-60.5
1323661661	-4.41	-71.17	32.7	4.02	-58.5	67.0	-60.8
1325662662	-4.43	-73.71	31.2	4.01	-56.3	64.4	-61.0
1327663663	-4.42	-76.02	29.8	4.01	-54.5	62.1	-61.3
1329664664	-4.45	-78.35	28.7	3.99	-52.5	59.9	-61.4
1331665665	-4.40	-80.63	27.3	4.03	-50.9	57.8	-61.8
1333666666	-4.41	-82.78	26.3	4.03	-49.3	55.9	-61.9
1335667667	-4.39	-84.87	25.3	4.04	-47.8	54.1	-62.1
1337668668	-4.35	-86.86	24.3	4.07	-46.5	52.5	-62.4
1339669669	-4.32	-88.87	23.4	4.10	-45.2	50.9	-62.6
1341670670	-4.29	-90.85	22.6	4.13	-43.9	49.3	-62.8
1343671671	-4.28	-92.70	21.9	4.14	-42.6	47.9	-62.8
1345672672	-4.23	-94.73	21.0	4.19	-41.4	46.4	-63.1
1347673673	-4.16	-96.38	20.3	4.25	-40.5	45.3	-63.4
1349674674	-4.12	-97.85	19.7	4.30	-39.6	44.2	-63.6
1351675675	-4.10	-99.45	19.2	4.32	-38.6	43.1	-63.6
1353676676	-4.08	-101.02	18.7	4.34	-37.7	42.0	-63.6
1355677677	-4.01	-102.62	18.0	4.41	-36.8	40.9	-63.9
1357678678	-3.96	-104.22	17.4	4.47	-35.9	39.9	-64.1
1359679679	-3.95	-105.76	17.1	4.47	-34.9	38.9	-63.9
1361680680	-3.91	-107.11	16.6	4.52	-34.2	38.0	-64.0
1363681681	-3.86	-108.45	16.2	4.58	-33.5	37.2	-64.2
1365682682	-3.80	-109.68	15.7	4.64	-32.8	36.4	-64.4
1367683683	-3.74	-111.22	15.3	4.71	-32.0	35.5	-64.5
1369684684	-3.71	-112.65	14.9	4.76	-31.2	34.6	-64.5
1371685685	-3.65	-113.70	14.5	4.83	-30.7	33.9	-64.7
1373686686	-3.61	-114.90	14.2	4.88	-30.1	33.2	-64.7
1375687687	-3.58	-116.25	13.9	4.92	-29.3	32.5	-64.7
1377688688	-3.53	-117.52	13.5	4.98	-28.7	31.7	-64.8
1379689689	-3.43	-118.65	13.0	5.12	-28.2	31.0	-65.2
1381690690	-3.39	-119.84	12.7	5.19	-27.5	30.3	-65.2
1383691691	-3.35	-120.88	12.5	5.25	-27.0	29.7	-65.2
1385692692	-3.32	-122.11	12.2	5.30	-26.4	29.1	-65.2
1387693693	-3.26	-123.27	11.9	5.39	-25.8	28.4	-65.3
1389694694	-3.20	-124.24	11.6	5.49	-25.3	27.8	-65.5
1391695695	-3.14	-125.29	11.2	5.59	-24.8	27.3	-65.6
1393696696	-3.09	-126.20	11.0	5.67	-24.4	26.7	-65.7
1395697697	-3.00	-127.36	10.6	5.85	-23.8	26.1	-66.1
1397698698	-2.95	-128.29	10.3	5.94	-23.4	25.6	-66.2
1399699699	-2.87	-129.21	10.0	6.10	-23.0	25.0	-66.5
1401700700	-2.80	-130.01	9.7	6.25	-22.6	24.6	-66.8
1403701701	-2.74	-131.01	9.4	6.38	-22.1	24.0	-66.9
1405702702	-2.67	-131.77	9.1	6.56	-21.8	23.6	-67.3
1407703703	-2.61	-132.61	8.9	6.71	-21.4	23.1	-67.5
1409704704	-2.55	-133.38	8.6	6.85	-21.0	22.7	-67.7
1411705705	-2.47	-134.25	8.3	7.07	-20.6	22.2	-68.1
1413706706	-2.43	-134.98	8.1	7.19	-20.3	21.8	-68.2
1415707707	-2.35	-135.65	7.8	7.45	-20.0	21.4	-68.6
1417708708	-2.26	-136.26	7.5	7.71	-19.7	21.1	-69.1
1419709709	-2.20	-136.90	7.3	7.93	-19.4	20.7	-69.4
1421710710	-2.12	-137.74	7.0	8.22	-19.0	20.2	-69.8
1423711711	-2.05	-138.30	6.7	8.52	-18.7	19.9	-70.3
1425712712	-1.98	-138.74	6.5	8.83	-18.5	19.6	-70.8
1427713713	-1.89	-139.53	6.2	9.22	-18.2	19.2	-71.3
1429714714	-1.84	-140.04	6.0	9.48	-18.0	18.9	-71.6
1431715715	-1.77	-140.49	5.7	9.87	-17.8	18.6	-72.2
1433716716	-1.70	-140.93	5.5	10.25	-17.5	18.4	-72.6
1435717717	-1.66	-141.44	5.3	10.49	-17.3	18.1	-72.8
1437718718	-1.58	-141.92	5.1	11.02	-17.1	17.8	-73.5
1439719719	-1.52	-142.51	4.9	11.43	-16.8	17.5	-73.8
1441720720	-1.43	-142.78	4.6	12.14	-16.7	17.3	-74.7
1443721721	-1.36	-143.11	4.3	12.79	-16.6	17.1	-75.3
1445722722	-1.29	-143.36	4.1	13.49	-16.5	17.0	-76.0
1447723723	-1.26	-143.76	4.0	13.76	-16.3	16.8	-76.1
1449724724	-1.20	-144.14	3.8	14.44	-16.1	16.5	-76.6
1451725725	-1.14	-144.55	3.6	15.20	-15.9	16.3	-77.2
1453726726	-1.10	-144.80	3.5	15.77	-15.8	16.2	-77.5
1455727727	-1.05	-144.94	3.3	16.50	-15.7	16.1	-78.0
1457728728	-1.01	-145.23	3.2	17.26	-15.6	15.9	-78.5
1459729729	-0.99	-145.54	3.1	17.60	-15.5	15.8	-78.6
1461730730	-0.96	-145.94	3.0	18.17	-15.3	15.6	-78.9
1463731731	-0.90	-146.08	2.8	19.42	-15.2	15.5	-79.5
1465732732	-0.86	-146.42	2.7	20.32	-15.0	15.3	-79.9
1467733733	-0.81	-146.64	2.5	21.55	-14.9	15.2	-80.4
1469734734	-0.78	-146.74	2.4	22.23	-14.9	15.1	-80.7
1471735735	-0.76	-147.03	2.4	22.87	-14.8	15.0	-80.9
1473736736	-0.74	-147.21	2.3	23.56	-14.7	14.9	-81.1
1475737737	-0.72	-147.31	2.3	24.04	-14.6	14.8	-81.2
1477738738	-0.68	-147.45	2.1	25.67	-14.6	14.7	-81.7
1479739739	-0.64	-147.75	2.0	27.18	-14.4	14.6	-82.1
1481740740	-0.60	-148.01	1.9	28.79	-14.3	14.4	-82.5
1483741741	-0.61	-148.09	1.9	28.30	-14.3	14.4	-82.4
1485742742	-0.62	-148.36	1.9	28.11	-14.1	14.3	-82.3
1487743743	-0.59	-148.63	1.8	29.66	-14.0	14.1	-82.6
1489744744	-0.58	-148.88	1.8	29.98	-13.9	14.0	-82.6
1491745745	-0.58	-148.93	1.8	30.02	-13.9	14.0	-82.6
1493746746	-0.54	-149.26	1.7	32.13	-13.7	13.8	-83.1
1495747747	-0.57	-149.54	1.8	30.41	-13.6	13.7	-82.6
1497748748	-0.58	-149.59	1.8	29.94	-13.6	13.7	-82.5
1499749749	-0.55	-149.78	1.7	31.36	-13.5	13.6	-82.8
1501750750	-0.55	-150.20	1.7	31.83	-13.3	13.4	-82.8
1503751751	-0.54	-150.38	1.6	32.48	-13.2	13.3	-82.9
1505752752	-0.52	-150.73	1.6	33.14	-13.0	13.1	-83.0
1507753753	-0.53	-151.22	1.6	33.07	-12.8	12.9	-82.8
1509754754	-0.51	-151.49	1.6	33.92	-12.7	12.8	-83.0
1511755755	-0.51	-151.81	1.6	33.94	-12.5	12.6	-82.9
1513756756	-0.54	-152.04	1.6	32.30	-12.4	12.5	-82.5
1515757757	-0.56	-152.45	1.7	31.08	-12.2	12.4	-82.1
1517758758	-0.52	-152.72	1.6	33.55	-12.1	12.2	-82.6
1519759759	-0.51	-153.06	1.6	33.85	-12.0	12.1	-82.6
1521760760	-0.49	-153.49	1.5	35.20	-11.8	11.9	-82.7
1523761761	-0.50	-153.70	1.5	34.77	-11.7	11.8	-82.6
1525762762	-0.43	-155.00	1.3	40.64	-11.1	11.2	-83.4
1527763763	-0.39	-156.27	1.2	44.35	-10.5	10.6	-83.6
1529764764	-0.43	-155.21	1.3	40.88	-11.0	11.1	-83.3
1531765765	-0.46	-155.11	1.4	37.60	-11.0	11.1	-82.8
1533766766	-0.48	-155.49	1.5	35.94	-10.9	10.9	-82.4
1535767767	-0.45	-155.72	1.3	38.96	-10.7	10.8	-82.9
1537768768	-0.42	-156.07	1.3	41.18	-10.6	10.7	-83.2
1539769769	-0.42	-156.77	1.3	41.11	-10.3	10.3	-83.0
1541770770	-0.41	-157.30	1.2	41.92	-10.0	10.1	-82.9
1543771771	-0.42	-157.75	1.3	41.06	-9.8	9.9	-82.7
1545772772	-0.38	-158.06	1.1	45.47	-9.7	9.8	-83.3
1547773773	-0.38	-158.43	1.1	45.24	-9.5	9.6	-83.1
1549774774	-0.36	-158.97	1.1	48.09	-9.3	9.3	-83.4
1551775775	-0.36	-159.44	1.1	47.61	-9.1	9.1	-83.2
1553776776	-0.32	-159.92	0.9	54.66	-8.8	8.9	-83.9
1555777777	-0.28	-160.38	0.8	61.36	-8.6	8.7	-84.5
1557778778	-0.28	-160.90	0.8	61.79	-8.4	8.4	-84.3
1559779779	-0.24	-161.37	0.7	71.15	-8.2	8.2	-85.0
1561780780	-0.24	-161.87	0.7	71.83	-8.0	8.0	-84.9
1563781781	-0.25	-162.32	0.7	70.00	-7.8	7.8	-84.6
1565782782	-0.19	-162.73	0.6	90.72	-7.6	7.6	-85.8
1567783783	-0.15	-163.27	0.5	113.04	-7.4	7.4	-86.5
1569784784	-0.13	-163.66	0.4	135.49	-7.2	7.2	-87.0
1571785785	-0.12	-164.10	0.3	145.74	-7.0	7.0	-87.1
1573786786	-0.11	-164.48	0.3	164.43	-6.8	6.8	-87.4
1575787787	-0.09	-164.74	0.3	187.03	-6.7	6.7	-87.7
1577788788	-0.03	-165.14	0.1	694.62	-6.5	6.5	-89.4
1579789789	-0.01	-165.46	0.0	524.21	-6.4	6.4	-89.7
1581790790	0.00	-165.92	0.0	?	-6.2	6.2	-90.0
1583791791	0.00	-166.21	0.0	?	-6.0	6.0	-90.0
1585792792	0.00	-166.33	0.0	?	-6.0	6.0	-90.0
1587793793	0.00	-166.89	0.0	?	-5.7	5.7	-90.0
1589794794	0.00	-167.24	0.0	?	-5.6	5.6	-90.0
1591795795	0.00	-167.47	0.0	?	-5.5	5.5	-90.0
1593796796	0.00	-167.75	0.0	?	-5.4	5.4	-90.0
1595797797	0.00	-168.01	0.0	?	-5.3	5.3	-90.0
1597798798	0.00	-168.29	0.0	?	-5.1	5.1	-90.0
1599799799	0.00	-168.64	0.0	?	-5.0	5.0	-90.0
1601800800	0.00	-168.96	0.0	?	-4.8	4.8	-90.0
1603801801	0.00	-169.11	0.0	?	-4.8	4.8	-90.0
1605802802	0.00	-169.43	0.0	?	-4.6	4.6	-90.0
1607803803	0.00	-169.63	0.0	?	-4.5	4.5	-90.0
1609804804	0.00	-170.00	0.0	?	-4.4	4.4	-90.0
1611805805	0.00	-170.55	0.0	?	-4.1	4.1	-90.0
1613806806	0.00	-170.80	0.0	?	-4.0	4.0	-90.0
1615807807	0.00	-171.29	0.0	?	-3.8	3.8	-90.0
1617808808	0.00	-171.59	0.0	?	-3.7	3.7	-90.0
1619809809	0.00	-172.15	0.0	?	-3.4	3.4	-90.0
1621810810	0.00	-172.61	0.0	?	-3.2	3.2	-90.0
1623811811	0.00	-172.71	0.0	?	-3.2	3.2	-90.0
1625812812	0.00	-173.29	0.0	?	-2.9	2.9	-90.0
1627813813	0.00	-173.45	0.0	?	-2.9	2.9	-90.0
1629814814	0.00	-173.90	0.0	?	-2.7	2.7	-90.0
1631815815	0.00	-174.40	0.0	?	-2.4	2.4	-90.0
1633816816	0.00	-174.94	0.0	?	-2.2	2.2	-90.0
1635817817	0.00	-175.19	0.0	?	-2.1	2.1	-90.0
1637818818	0.00	-175.92	0.0	?	-1.8	1.8	-90.0
1639819819	0.00	-176.24	0.0	?	-1.6	1.6	-90.0
1641820820	0.00	-176.81	0.0	?	-1.4	1.4	-90.0
1643821821	0.00	-177.22	0.0	?	-1.2	1.2	-90.0
1645822822	0.00	-177.79	0.0	?	-1.0	1.0	-90.0
1647823823	0.00	-178.33	0.0	?	-0.7	0.7	-90.0
1649824824	0.00	-178.61	0.0	?	-0.6	0.6	-90.0
1651825825	0.00	-179.08	0.0	?	-0.4	0.4	-90.0
1653826826	0.00	-179.48	0.0	?	-0.2	0.2	-90.0
1655827827	0.00	179.68	0.0	?	0.1	0.1	90.0
1657828828	0.00	179.14	0.0	?	0.4	0.4	90.0
1659829829	0.00	178.69	0.0	?	0.6	0.6	90.0
1661830830	0.00	178.16	0.0	?	0.8	0.8	90.0
1663831831	0.00	177.72	0.0	?	1.0	1.0	90.0
1665832832	0.00	176.94	0.0	?	1.3	1.3	90.0
1667833833	0.00	176.32	0.0	?	1.6	1.6	90.0
1669834834	0.00	175.59	0.0	?	1.9	1.9	90.0
1671835835	0.00	174.76	0.0	?	2.3	2.3	90.0
1673836836	0.00	174.04	0.0	?	2.6	2.6	90.0
1675837837	0.00	173.30	0.0	?	2.9	2.9	90.0
1677838838	0.00	172.45	0.0	?	3.3	3.3	90.0
1679839839	0.00	171.74	0.0	?	3.6	3.6	90.0
1681840840	0.00	171.07	0.0	?	3.9	3.9	90.0
1683841841	0.00	170.29	0.0	?	4.2	4.2	90.0
1685842842	0.00	169.22	0.0	?	4.7	4.7	90.0
1687843843	0.00	168.41	0.0	?	5.1	5.1	90.0
1689844844	0.00	167.72	0.0	?	5.4	5.4	90.0
1691845845	0.00	166.61	0.0	?	5.9	5.9	90.0
1693846846	0.00	165.75	0.0	?	6.3	6.3	90.0
1695847847	0.00	165.09	0.0	?	6.5	6.5	90.0
1697848848	0.00	164.21	0.0	?	6.9	6.9	90.0
1699849849	0.00	163.12	0.0	?	7.4	7.4	90.0
1701850850	0.00	162.26	0.0	?	7.8	7.8	90.0
1703851851	0.00	161.33	0.0	?	8.2	8.2	90.0
1705852852	0.00	160.28	0.0	?	8.7	8.7	90.0
1707853853	0.00	159.51	0.0	?	9.0	9.0	90.0
1709854854	0.00	158.98	0.0	?	9.3	9.3	90.0
1711855855	0.00	158.08	0.0	?	9.7	9.7	90.0
1713856856	0.00	157.29	0.0	?	10.0	10.0	90.0
1715857857	0.00	156.29	0.0	?	10.5	10.5	90.0
1717858858	0.00	155.80	0.0	?	10.7	10.7	90.0
1719859859	0.00	155.59	0.0	?	10.8	10.8	90.0
1721860860	0.00	154.92	0.0	?	11.1	11.1	90.0
1723861861	0.00	154.36	0.0	?	11.4	11.4	90.0
1725862862	0.00	153.51	0.0	?	11.8	11.8	90.0
1727863863	0.00	153.07	0.0	?	12.0	12.0	90.0
1729864864	0.00	152.42	0.0	?	12.3	12.3	90.0
1731865865	0.00	151.87	0.0	?	12.5	12.5	90.0
1733866866	0.00	151.03	0.0	?	12.9	12.9	90.0
1735867867	0.00	150.09	0.0	?	13.4	13.4	90.0
1737868868	0.00	148.86	0.0	?	13.9	13.9	90.0
1739869869	0.00	147.57	0.0	?	14.5	14.5	90.0
1741870870	0.00	146.45	0.0	?	15.1	15.1	90.0
1743871871	0.00	144.97	0.0	?	15.8	15.8	90.0
1745872872	0.00	143.70	0.0	?	16.4	16.4	90.0
1747873873	0.00	142.34	0.0	?	17.1	17.1	90.0
1749874874	0.00	140.89	0.0	?	17.8	17.8	90.0
1751875875	0.00	139.79	0.0	?	18.3	18.3	90.0
1753876876	0.00	138.04	0.0	?	19.2	19.2	90.0
1755877877	0.00	136.59	0.0	?	19.9	19.9	90.0
1757878878	0.00	134.42	0.0	?	21.0	21.0	90.0
1759879879	0.00	133.08	0.0	?	21.7	21.7	90.0
1761880880	0.00	131.37	0.0	?	22.6	22.6	90.0
1763881881	0.00	130.10	0.0	?	23.3	23.3	90.0
1765882882	0.00	128.18	0.0	?	24.3	24.3	90.0
1767883883	0.00	126.00	0.0	?	25.5	25.5	90.0
1769884884	0.00	124.58	0.0	?	26.3	26.3	90.0
1771885885	0.00	122.54	0.0	?	27.4	27.4	90.0
1773886886	0.00	120.87	0.0	?	28.4	28.4	90.0
1775887887	0.00	119.08	0.0	?	29.4	29.4	90.0
1777888888	0.00	117.19	0.0	?	30.5	30.5	90.0
1779889889	0.00	115.21	0.0	?	31.7	31.7	90.0
1781890890	0.00	113.42	0.0	?	32.8	32.8	90.0
1783891891	0.00	111.88	0.0	?	33.8	33.8	90.0
1785892892	0.00	109.90	0.0	?	35.1	35.1	90.0
1787893893	0.00	108.18	0.0	?	36.2	36.2	90.0
1789894894	0.00	106.46	0.0	?	37.4	37.4	90.0
1791895895	0.00	104.30	0.0	?	38.9	38.9	90.0
1793896896	0.00	102.62	0.0	?	40.0	40.0	90.0
1795897897	0.00	100.62	0.0	?	41.5	41.5	90.0
1797898898	0.00	98.64	0.0	?	43.0	43.0	90.0
1799899899	0.00	96.97	0.0	?	44.3	44.3	90.0
1801900900	0.00	95.05	0.0	?	45.8	45.8	90.0
1803901901	0.00	93.29	0.0	?	47.2	47.2	90.0
1805902902	0.00	91.18	0.0	?	49.0	49.0	90.0
1807903903	0.00	89.32	0.0	?	50.6	50.6	90.0
1809904904	0.00	86.88	0.0	?	52.8	52.8	90.0
1811905905	0.00	84.91	0.0	?	54.7	54.7	90.0
1813906906	0.00	83.18	0.0	?	56.3	56.3	90.0
1815907907	0.00	81.42	0.0	?	58.1	58.1	90.0
1817908908	0.00	79.32	0.0	?	60.3	60.3	90.0
1819909909	-0.02	77.21	0.1	002.65	62.6	62.6	89.9
1821910910	-0.25	74.96	2.0	68.30	65.2	65.2	88.3
1823911911	-0.52	73.23	4.2	33.27	67.1	67.3	86.4
1825912912	-0.78	71.33	6.6	22.32	69.3	69.6	84.6
1827913913	-1.08	68.67	9.7	16.13	72.3	73.0	82.4
1829914914	-1.24	66.84	11.6	14.03	74.5	75.4	81.1
1831915915	-1.49	64.50	14.8	11.68	77.2	78.6	79.2
1833916916	-1.74	62.59	18.0	10.02	79.3	81.3	77.2
1835917917	-2.00	60.33	21.8	8.74	81.7	84.6	75.1
1837918918	-2.23	58.04	25.7	7.85	84.2	88.1	73.0
1839919919	-2.42	55.74	29.7	7.22	86.8	91.7	71.1
1841920920	-2.69	53.46	34.7	6.52	88.7	95.3	68.6
1843921921	-2.87	51.22	39.2	6.11	90.9	99.0	66.6
1845922922	-3.12	49.17	44.6	5.63	92.0	102.2	64.1
1847923923	-3.37	46.20	51.8	5.22	93.9	107.3	61.1
1849924924	-3.54	44.17	57.0	4.98	95.0	110.8	59.0
1851925925	-3.68	41.41	64.0	4.79	97.0	116.2	56.6
1853926926	-3.92	39.13	71.2	4.51	96.3	119.7	53.5
1855927927	-4.12	36.34	79.6	4.29	95.8	124.6	50.3
1857928928	-4.31	33.57	88.4	4.11	94.5	129.4	46.9
1859929929	-4.46	31.68	94.5	3.98	92.5	132.2	44.4
1861930930	-4.58	28.62	104.4	3.88	90.6	138.2	40.9
1863931931	-4.79	26.09	112.4	3.72	85.2	141.1	37.2
1865932932	-4.92	23.66	120.0	3.63	80.7	144.7	33.9
1867933933	-5.02	20.60	129.6	3.56	74.7	149.6	30.0
1869934934	-5.12	18.09	136.7	3.49	68.0	152.7	26.4
1871935935	-5.25	15.30	143.4	3.41	58.9	155.1	22.3
1873936936	-5.41	12.92	147.1	3.31	49.6	155.2	18.6
1875937937	-5.45	10.11	152.8	3.29	40.0	158.0	14.7
1877938938	-5.55	7.23	156.0	3.24	28.8	158.7	10.4
1879939939	-5.62	5.12	156.9	3.20	20.2	158.2	7.3
1881940940	-5.66	2.30	158.3	3.18	9.1	158.6	3.3
1883941941	-5.81	-0.55	155.0	3.10	-2.0	155.0	-0.8
1885942942	-5.83	-3.12	153.5	3.09	-11.6	154.0	-4.3
1887943943	-5.91	-5.85	149.5	3.05	-20.8	150.9	-7.9
1889944944	-5.96	-8.35	145.0	3.03	-28.4	147.8	-11.1
1891945945	-6.06	-10.66	139.6	2.98	-34.1	143.7	-13.7
1893946946	-6.14	-13.66	132.8	2.94	-40.8	138.9	-17.1
1895947947	-6.19	-16.07	127.4	2.92	-45.5	135.2	-19.7
1897948948	-6.32	-18.47	120.9	2.87	-48.3	130.2	-21.8
1899949949	-6.31	-20.87	116.1	2.87	-52.2	127.3	-24.2
1901950950	-6.48	-22.90	110.4	2.80	-52.6	122.3	-25.5
1903951951	-6.61	-25.20	104.8	2.75	-53.4	117.6	-27.0
1905952952	-6.72	-27.83	99.2	2.71	-54.3	113.0	-28.7
1907953953	-6.89	-29.53	95.3	2.65	-53.4	109.2	-29.3
1909954954	-7.06	-30.98	92.1	2.60	-52.4	105.9	-29.6
1911955955	-7.28	-32.13	89.4	2.52	-50.6	102.8	-29.5
1913956956	-7.34	-33.13	87.7	2.51	-50.5	101.1	-29.9
1915957957	-7.43	-33.89	86.3	2.48	-49.9	99.7	-30.1
1917958958	-7.39	-34.14	86.0	2.49	-50.4	99.7	-30.4
1919959959	-7.39	-34.15	85.9	2.49	-50.4	99.6	-30.4
1921960960	-7.31	-33.73	86.8	2.52	-51.1	100.7	-30.5
1923961961	-7.20	-33.85	86.9	2.55	-52.2	101.4	-31.0
1925962962	-7.04	-33.87	87.3	2.60	-53.9	102.6	-31.7
1927963963	-6.84	-34.09	87.4	2.67	-56.2	104.0	-32.7
1929964964	-6.70	-34.69	86.7	2.72	-58.0	104.3	-33.8
1931965965	-6.49	-35.18	86.2	2.80	-60.6	105.3	-35.1
1933966966	-6.28	-36.47	84.0	2.89	-63.4	105.2	-37.0
1935967967	-6.06	-37.74	81.7	2.98	-66.1	105.1	-39.0
1937968968	-5.90	-38.25	80.6	3.06	-68.1	105.6	-40.2
1939969969	-5.69	-39.59	77.8	3.16	-70.5	105.0	-42.2
1941970970	-5.52	-40.55	75.6	3.25	-72.4	104.7	-43.7
1943971971	-5.40	-41.75	73.1	3.32	-73.4	103.6	-45.1
1945972972	-5.26	-42.93	70.4	3.40	-74.5	102.5	-46.6
1947973973	-5.14	-43.76	68.5	3.48	-75.5	101.9	-47.8
1949974974	-4.95	-44.80	65.7	3.61	-77.1	101.3	-49.5
1951975975	-4.81	-45.99	63.0	3.70	-77.7	100.0	-51.0
1953976976	-4.67	-46.96	60.6	3.81	-78.5	99.2	-52.4
1955977977	-4.56	-48.00	58.2	3.90	-78.8	97.9	-53.5
1957978978	-4.46	-49.47	55.3	3.98	-78.3	95.9	-54.8
1959979979	-4.30	-50.71	52.4	4.12	-78.7	94.5	-56.3
1961980980	-4.22	-51.35	51.0	4.20	-78.8	93.8	-57.1
1963981981	-4.11	-52.31	48.8	4.31	-78.7	92.6	-58.2
1965982982	-4.00	-53.28	46.8	4.41	-78.5	91.4	-59.2
1967983983	-3.86	-54.18	44.5	4.58	-78.7	90.5	-60.5
1969984984	-3.81	-54.93	43.2	4.64	-78.3	89.4	-61.1
1971985985	-3.74	-55.84	41.7	4.71	-77.6	88.1	-61.8
1973986986	-3.65	-56.63	40.1	4.82	-77.4	87.2	-62.6
1975987987	-3.53	-57.51	38.2	4.99	-77.2	86.1	-63.7
1977988988	-3.42	-57.93	36.9	5.14	-77.4	85.7	-64.5
1979989989	-3.40	-58.67	36.0	5.17	-76.6	84.6	-64.8
1981990990	-3.36	-59.24	35.1	5.24	-76.1	83.9	-65.2
1983991991	-3.29	-60.30	33.6	5.35	-75.3	82.4	-66.0
1985992992	-3.19	-60.99	32.2	5.50	-75.0	81.6	-66.7
1987993993	-3.09	-61.52	31.0	5.67	-74.8	81.0	-67.5
1989994994	-3.05	-62.16	30.1	5.76	-74.3	80.2	-68.0
1991995995	-3.04	-62.60	29.7	5.78	-73.8	79.5	-68.1
1993996996	-3.00	-63.32	28.8	5.85	-73.1	78.6	-68.5
1995997997	-2.93	-64.06	27.7	5.99	-72.5	77.6	-69.1
1997998998	-2.90	-64.76	27.0	6.05	-71.8	76.7	-69.4
1999999999	-2.84	-65.22	26.2	6.18	-71.5	76.2	-69.9
