1000000	-1.01	89.60	5.8	17.16	50.0	50.3	83.3
3001001	0.00	84.34	0.0	?	55.2	55.2	90.0
5002002	0.00	78.49	0.0	?	61.2	61.2	90.0
7003003	0.00	74.07	0.0	?	66.3	66.3	90.0
9004004	0.00	70.36	0.0	?	70.9	70.9	90.0
11005005	0.00	68.14	0.0	?	73.9	73.9	90.0
13006006	-0.01	65.97	0.1	712.69	77.0	77.0	89.9
15007007	-0.21	63.01	2.2	82.00	81.5	81.6	88.4
17008008	-0.28	61.38	3.1	62.67	84.2	84.2	87.9
19009009	-0.38	59.65	4.4	46.06	87.1	87.2	87.1
21010010	-0.43	58.04	5.2	40.54	89.9	90.0	86.7
23011011	-0.48	56.45	6.2	36.17	92.8	93.0	86.2
25012012	-0.54	55.00	7.2	32.48	95.6	95.9	85.7
27013013	-0.57	53.51	8.0	30.57	98.6	99.0	85.3
29014014	-0.60	52.17	8.9	28.99	101.5	101.9	85.0
31015015	-0.63	50.91	9.7	27.73	104.3	104.7	84.7
33016016	-0.65	49.72	10.5	26.83	107.1	107.6	84.4
35017017	-0.65	48.62	11.0	26.76	109.8	110.3	84.3
37018018	-0.65	47.54	11.4	26.73	112.6	113.1	84.2
39019019	-0.64	46.40	11.8	27.17	115.6	116.2	84.2
41020020	-0.64	45.31	12.3	27.21	118.7	119.3	84.1
43021021	-0.65	44.28	13.0	26.86	121.7	122.4	83.9
45022022	-0.65	43.34	13.7	26.60	124.6	125.3	83.7
47023023	-0.66	42.36	14.5	26.20	127.6	128.4	83.5
49024024	-0.68	41.53	15.4	25.57	130.3	131.2	83.3
51025025	-0.68	40.70	16.1	25.40	133.1	134.1	83.1
53026026	-0.69	39.91	16.9	25.07	135.9	136.9	82.9
55027027	-0.71	39.13	18.1	24.32	138.6	139.8	82.6
57028028	-0.73	38.35	19.1	23.96	141.5	142.8	82.3
59029029	-0.75	37.64	20.4	23.15	144.1	145.6	81.9
61030030	-0.78	36.92	22.0	22.24	146.8	148.4	81.5
63031031	-0.81	36.26	23.5	21.50	149.4	151.2	81.0
65032032	-0.85	35.57	25.7	20.41	152.0	154.1	80.4
67033033	-0.89	34.88	27.9	19.44	154.6	157.1	79.8
69034034	-0.94	34.23	30.3	18.48	157.0	159.9	79.1
71035035	-0.99	33.52	33.0	17.58	159.8	163.1	78.3
73036036	-1.04	32.78	36.2	16.66	162.6	166.6	77.5
75037037	-1.10	32.08	39.6	15.76	165.2	169.9	76.5
77038038	-1.17	31.38	43.4	14.91	167.6	173.2	75.5
79039039	-1.24	30.59	47.8	14.07	170.4	177.0	74.3
81040040	-1.31	29.87	52.5	13.27	172.6	180.4	73.1
83041041	-1.39	29.05	57.8	12.56	175.2	184.5	71.7
85042042	-1.48	28.31	63.6	11.80	176.9	188.0	70.2
87043043	-1.55	27.55	69.2	11.26	178.9	191.8	68.8
89044044	-1.61	26.75	75.1	10.82	181.1	196.1	67.5
91045045	-1.69	25.77	82.5	10.33	183.6	201.3	65.8
93046046	-1.76	24.85	90.2	9.89	185.5	206.3	64.1
95047047	-1.84	23.87	98.9	9.45	187.1	211.6	62.1
97048048	-1.92	22.97	107.3	9.08	187.9	216.4	60.3
99049049	-1.98	21.93	116.8	8.80	189.5	222.6	58.4
101050050	-2.04	20.76	127.9	8.56	191.3	230.2	56.2
103051051	-2.11	19.54	140.5	8.29	191.9	237.8	53.8
105052052	-2.17	18.22	154.9	8.03	191.6	246.3	51.0
107053053	-2.25	16.90	170.2	7.76	188.9	254.3	48.0
109054054	-2.33	15.61	185.7	7.49	183.9	261.4	44.7
111055055	-2.40	14.32	201.4	7.30	178.3	269.0	41.5
113056056	-2.45	12.89	219.0	7.12	170.6	277.6	37.9
115057057	-2.52	11.49	235.8	6.95	159.8	284.8	34.1
117058058	-2.57	10.00	253.4	6.82	146.7	292.8	30.1
119059059	-2.62	8.46	270.0	6.68	129.7	299.5	25.7
121060060	-2.68	6.88	284.1	6.54	108.7	304.2	20.9
123061061	-2.72	5.22	297.1	6.44	84.9	309.0	16.0
125062062	-2.76	3.56	305.8	6.35	58.9	311.4	10.9
127063063	-2.81	1.89	308.7	6.24	30.9	310.3	5.7
129064064	-2.84	0.11	308.7	6.17	1.8	308.7	0.3
131065065	-2.87	-1.65	302.7	6.10	-25.8	303.8	-4.9
133066066	-2.90	-3.45	293.1	6.05	-51.9	297.6	-10.0
135067067	-2.91	-5.32	280.1	6.03	-76.1	290.3	-15.2
137068068	-2.92	-7.21	263.8	6.01	-96.7	280.9	-20.1
139069069	-2.92	-9.19	245.1	6.00	-114.1	270.3	-25.0
141070070	-2.92	-11.17	225.3	6.00	-127.3	258.8	-29.5
143071071	-2.91	-13.19	205.5	6.02	-137.3	247.2	-33.8
145072072	-2.91	-15.25	185.8	6.03	-143.3	234.7	-37.6
147073073	-2.89	-17.45	166.3	6.07	-147.3	222.2	-41.5
149074074	-2.87	-19.62	148.7	6.10	-148.2	209.9	-44.9
151075075	-2.85	-21.77	133.0	6.15	-147.6	198.7	-48.0
153076076	-2.81	-24.04	118.0	6.23	-145.9	187.6	-51.0
155077077	-2.78	-26.40	104.4	6.30	-142.5	176.7	-53.8
157078078	-2.75	-28.68	92.9	6.37	-138.6	166.8	-56.2
159079079	-2.72	-31.07	82.5	6.44	-133.8	157.2	-58.4
161080080	-2.71	-33.51	73.7	6.46	-128.2	147.9	-60.1
163081081	-2.69	-35.86	66.2	6.51	-123.1	139.8	-61.8
165082082	-2.67	-38.11	59.8	6.56	-118.4	132.6	-63.2
167083083	-2.64	-40.30	54.3	6.64	-114.0	126.3	-64.5
169084084	-2.58	-42.50	49.0	6.79	-110.0	120.4	-66.0
171085085	-2.50	-44.85	43.8	7.00	-106.0	114.7	-67.5
173086086	-2.41	-47.30	39.0	7.24	-101.9	109.1	-69.0
175087087	-2.33	-50.00	34.5	7.49	-97.3	103.3	-70.5
177088088	-2.27	-52.76	30.8	7.70	-92.7	97.7	-71.6
179089089	-2.21	-55.64	27.5	7.90	-88.2	92.4	-72.7
181090090	-2.18	-58.64	24.8	8.02	-83.5	87.1	-73.5
183091091	-2.12	-61.67	22.2	8.22	-79.2	82.3	-74.3
185092092	-2.08	-64.85	20.0	8.40	-75.0	77.6	-75.1
187093093	-2.05	-68.29	18.1	8.51	-70.6	72.9	-75.6
189094094	-2.01	-71.85	16.3	8.70	-66.4	68.4	-76.2
191095095	-1.96	-75.79	14.6	8.89	-62.1	63.8	-76.8
193096096	-1.93	-80.18	13.1	9.03	-57.7	59.2	-77.2
195097097	-1.93	-85.13	11.9	9.02	-53.0	54.3	-77.3
197098098	-1.98	-90.52	11.1	8.81	-48.3	49.6	-77.0
199099099	-2.06	-96.33	10.5	8.48	-43.6	44.9	-76.5
201100100	-2.14	-102.71	10.0	8.16	-39.0	40.3	-75.7
203101101	-2.24	-110.03	9.5	7.80	-34.1	35.4	-74.5
205102102	-2.41	-118.82	9.2	7.27	-28.8	30.3	-72.2
207103103	-2.67	-128.23	9.4	6.56	-23.6	25.4	-68.3
209104104	-3.04	-138.73	9.9	5.77	-18.2	20.7	-61.5
211105105	-3.51	-150.45	10.6	5.01	-12.6	16.5	-49.9
213106106	-4.12	-163.72	11.9	4.29	-6.8	13.7	-29.7
215107107	-4.92	-178.55	13.8	3.63	-0.6	13.8	-2.4
217108108	-5.78	164.93	16.3	3.11	5.9	17.3	20.0
219109109	-6.55	147.02	19.4	2.78	12.7	23.2	33.4
221110110	-7.01	127.90	22.9	2.61	20.2	30.5	41.3
223111111	-7.10	109.07	27.1	2.58	28.1	39.1	46.0
225112112	-6.85	92.02	32.0	2.67	36.7	48.7	48.9
227113113	-6.29	77.88	37.1	2.88	45.9	59.0	51.1
229114114	-5.57	65.88	42.7	3.22	56.7	71.0	53.1
231115115	-4.80	54.97	49.9	3.71	70.3	86.2	54.6
233116116	-4.13	45.29	59.9	4.29	86.3	105.1	55.2
235117117	-3.60	36.46	75.4	4.90	105.1	129.3	54.3
237118118	-3.18	28.86	97.5	5.52	125.7	159.1	52.2
239119119	-2.85	22.00	131.4	6.15	147.2	197.3	48.3
241120120	-2.62	15.67	184.5	6.69	163.0	246.2	41.5
243121121	-2.43	9.99	259.8	7.20	159.2	304.7	31.5
245122122	-2.29	4.80	346.6	7.62	108.6	363.2	17.4
247123123	-2.18	0.07	399.7	7.99	2.0	399.7	0.3
249124124	-2.12	-4.31	375.9	8.23	-114.7	393.0	-17.0
251125125	-2.07	-8.45	305.7	8.45	-186.9	358.3	-31.4
253126126	-2.02	-12.29	234.3	8.64	-212.5	316.3	-42.2
255127127	-1.98	-15.74	180.9	8.79	-212.9	279.3	-49.6
257128128	-1.94	-19.20	139.6	8.99	-203.8	247.0	-55.6
259129129	-1.89	-22.51	109.8	9.21	-191.3	220.6	-60.2
261130130	-1.87	-25.72	88.5	9.34	-177.5	198.3	-63.5
263131131	-1.85	-28.83	73.2	9.42	-164.3	179.9	-66.0
265132132	-1.83	-31.67	62.1	9.52	-153.3	165.4	-68.0
267133133	-1.79	-34.38	52.9	9.75	-144.1	153.5	-69.8
269134134	-1.74	-36.99	45.4	10.04	-135.9	143.3	-71.5
271135135	-1.68	-39.54	39.2	10.40	-128.6	134.5	-73.0
273136136	-1.61	-42.16	33.7	10.85	-121.7	126.2	-74.5
275137137	-1.54	-44.72	29.2	11.30	-115.3	118.9	-75.8
277138138	-1.49	-47.34	25.5	11.71	-109.1	112.0	-76.8
279139139	-1.45	-49.81	22.7	12.03	-103.6	106.1	-77.6
281140140	-1.40	-52.23	20.2	12.44	-98.7	100.7	-78.4
283141141	-1.35	-54.61	18.0	12.90	-94.1	95.9	-79.2
285142142	-1.30	-56.88	16.1	13.40	-90.1	91.5	-79.8
287143143	-1.27	-59.07	14.7	13.73	-86.3	87.6	-80.3
289144144	-1.21	-61.19	13.3	14.32	-83.0	84.1	-80.9
291145145	-1.17	-63.24	12.1	14.82	-79.9	80.8	-81.4
293146146	-1.14	-65.29	11.1	15.31	-76.9	77.7	-81.8
295147147	-1.11	-67.22	10.4	15.61	-74.2	74.9	-82.1
297148148	-1.09	-69.12	9.6	15.98	-71.7	72.4	-82.3
299149149	-1.06	-70.91	9.0	16.42	-69.4	70.0	-82.6
301150150	-1.03	-72.59	8.4	16.95	-67.4	67.9	-82.9
303151151	-1.01	-74.29	7.9	17.30	-65.4	65.9	-83.1
305152152	-0.99	-75.96	7.5	17.56	-63.5	63.9	-83.3
307153153	-0.96	-77.56	7.0	18.12	-61.7	62.1	-83.5
309154154	-0.95	-79.15	6.7	18.40	-60.0	60.4	-83.7
311155155	-0.94	-80.69	6.4	18.57	-58.5	58.8	-83.8
313156156	-0.91	-82.21	6.0	19.05	-56.9	57.3	-83.9
315157157	-0.90	-83.77	5.8	19.36	-55.4	55.7	-84.1
317158158	-0.88	-85.24	5.5	19.75	-54.0	54.3	-84.2
319159159	-0.86	-86.75	5.2	20.15	-52.6	52.9	-84.3
321160160	-0.83	-88.21	4.9	20.86	-51.3	51.6	-84.5
323161161	-0.82	-89.66	4.7	21.19	-50.1	50.3	-84.6
325162162	-0.81	-91.19	4.6	21.40	-48.8	49.0	-84.6
327163163	-0.81	-92.65	4.4	21.58	-47.5	47.7	-84.7
329164164	-0.80	-94.11	4.3	21.61	-46.4	46.6	-84.7
331165165	-0.79	-95.61	4.1	22.07	-45.2	45.3	-84.8
333166166	-0.79	-97.13	4.0	22.02	-44.0	44.2	-84.8
335167167	-0.78	-98.73	3.9	22.23	-42.8	42.9	-84.8
337168168	-0.80	-100.17	3.9	21.83	-41.7	41.9	-84.7
339169169	-0.80	-101.77	3.8	21.66	-40.5	40.7	-84.6
341170170	-0.81	-103.36	3.8	21.41	-39.4	39.6	-84.5
343171171	-0.82	-104.95	3.7	21.23	-38.3	38.4	-84.4
345172172	-0.83	-106.51	3.7	21.07	-37.2	37.4	-84.3
347173173	-0.83	-107.99	3.7	20.90	-36.2	36.4	-84.2
349174174	-0.84	-109.59	3.6	20.63	-35.2	35.3	-84.1
351175175	-0.85	-111.22	3.6	20.45	-34.1	34.3	-84.0
353176176	-0.86	-112.74	3.6	20.18	-33.1	33.3	-83.9
355177177	-0.88	-114.26	3.6	19.81	-32.2	32.4	-83.7
357178178	-0.88	-115.77	3.5	19.72	-31.3	31.5	-83.6
359179179	-0.89	-117.35	3.5	19.45	-30.3	30.5	-83.4
361180180	-0.90	-118.92	3.5	19.33	-29.4	29.6	-83.2
363181181	-0.91	-120.50	3.5	19.08	-28.5	28.7	-83.0
365182182	-0.92	-122.03	3.5	18.90	-27.6	27.8	-82.9
367183183	-0.93	-123.63	3.4	18.76	-26.7	26.9	-82.7
369184184	-0.92	-125.13	3.4	18.88	-25.9	26.1	-82.6
371185185	-0.92	-126.58	3.3	18.83	-25.1	25.3	-82.4
373186186	-0.92	-128.05	3.3	18.85	-24.3	24.5	-82.3
375187187	-0.93	-129.59	3.2	18.79	-23.5	23.7	-82.1
377188188	-0.92	-131.03	3.2	18.92	-22.7	22.9	-82.0
379189189	-0.91	-132.44	3.1	19.04	-22.0	22.2	-81.9
381190190	-0.91	-133.86	3.1	19.14	-21.2	21.4	-81.7
383191191	-0.90	-135.24	3.0	19.26	-20.5	20.7	-81.6
385192192	-0.89	-136.64	3.0	19.45	-19.8	20.0	-81.5
387193193	-0.88	-137.99	2.9	19.75	-19.1	19.4	-81.4
389194194	-0.88	-139.37	2.9	19.81	-18.5	18.7	-81.2
391195195	-0.87	-140.64	2.8	19.97	-17.8	18.1	-81.0
393196196	-0.86	-141.91	2.8	20.17	-17.2	17.4	-80.8
395197197	-0.85	-143.19	2.7	20.46	-16.6	16.8	-80.7
397198198	-0.83	-144.46	2.6	20.85	-16.0	16.2	-80.6
399199199	-0.83	-145.71	2.6	20.87	-15.4	15.6	-80.3
401200200	-0.83	-146.84	2.6	21.03	-14.8	15.1	-80.1
403201201	-0.82	-148.01	2.6	21.16	-14.3	14.5	-79.9
405202202	-0.82	-149.19	2.5	21.29	-13.7	14.0	-79.6
407203203	-0.81	-150.33	2.5	21.37	-13.2	13.4	-79.3
409204204	-0.80	-151.47	2.5	21.64	-12.7	12.9	-79.0
411205205	-0.80	-152.52	2.4	21.70	-12.2	12.4	-78.7
413206206	-0.81	-153.57	2.4	21.55	-11.7	12.0	-78.2
415207207	-0.81	-154.68	2.4	21.51	-11.2	11.5	-77.7
417208208	-0.81	-155.66	2.4	21.39	-10.8	11.0	-77.2
419209209	-0.82	-156.69	2.5	21.21	-10.3	10.6	-76.6
421210210	-0.83	-157.72	2.5	20.93	-9.8	10.1	-75.8
423211211	-0.84	-158.71	2.5	20.76	-9.4	9.7	-75.1
425212212	-0.85	-159.67	2.5	20.57	-8.9	9.3	-74.3
427213213	-0.87	-160.65	2.6	20.04	-8.5	8.9	-73.2
429214214	-0.88	-161.62	2.6	19.76	-8.1	8.5	-72.2
431215215	-0.90	-162.58	2.6	19.35	-7.6	8.1	-70.9
433216216	-0.92	-163.55	2.7	19.00	-7.2	7.7	-69.6
435217217	-0.94	-164.48	2.7	18.54	-6.8	7.3	-68.0
437218218	-0.96	-165.42	2.8	18.10	-6.4	7.0	-66.2
439219219	-0.98	-166.35	2.9	17.77	-6.0	6.6	-64.4
441220220	-1.01	-167.30	2.9	17.30	-5.5	6.3	-62.2
443221221	-1.03	-168.24	3.0	16.82	-5.1	5.9	-59.7
445222222	-1.06	-169.13	3.1	16.42	-4.7	5.6	-57.0
447223223	-1.08	-170.09	3.1	16.09	-4.3	5.3	-54.0
449224224	-1.12	-171.03	3.2	15.56	-3.9	5.1	-50.4
451225225	-1.14	-172.01	3.3	15.22	-3.5	4.8	-46.5
453226226	-1.16	-172.94	3.4	14.95	-3.1	4.5	-42.5
455227227	-1.20	-173.89	3.4	14.56	-2.7	4.3	-37.6
457228228	-1.23	-174.92	3.5	14.20	-2.2	4.2	-32.0
459229229	-1.24	-175.89	3.6	13.99	-1.8	4.0	-26.5
461230230	-1.27	-176.86	3.7	13.66	-1.4	3.9	-20.4
463231231	-1.30	-177.84	3.7	13.41	-0.9	3.8	-14.1
465232232	-1.32	-178.83	3.8	13.21	-0.5	3.8	-7.6
467233233	-1.34	-179.86	3.8	13.00	-0.1	3.8	-0.9
469234234	-1.37	179.14	3.9	12.69	0.4	4.0	5.4
471235235	-1.38	178.06	4.0	12.59	0.8	4.1	11.9
473236236	-1.40	177.02	4.0	12.47	1.3	4.2	17.9
475237237	-1.41	176.02	4.1	12.31	1.7	4.4	23.0
477238238	-1.43	174.99	4.1	12.19	2.2	4.6	27.9
479239239	-1.44	173.97	4.2	12.07	2.6	4.9	32.2
481240240	-1.45	172.90	4.2	12.00	3.1	5.2	36.4
483241241	-1.46	171.76	4.2	11.96	3.6	5.5	40.4
485242242	-1.47	170.72	4.2	11.85	4.0	5.9	43.5
487243243	-1.48	169.70	4.3	11.80	4.5	6.2	46.3
489244244	-1.48	168.64	4.3	11.74	4.9	6.5	48.9
491245245	-1.49	167.59	4.3	11.68	5.4	6.9	51.3
493246246	-1.49	166.56	4.3	11.69	5.8	7.3	53.5
495247247	-1.49	165.50	4.3	11.69	6.3	7.7	55.4
497248248	-1.51	164.38	4.4	11.57	6.8	8.1	57.1
499249249	-1.49	163.35	4.4	11.69	7.3	8.5	59.0
501250250	-1.48	162.27	4.4	11.75	7.7	8.9	60.6
503251251	-1.48	161.18	4.4	11.75	8.2	9.3	62.0
505252252	-1.48	160.15	4.4	11.80	8.7	9.7	63.3
507253253	-1.47	159.06	4.4	11.84	9.2	10.2	64.5
509254254	-1.47	158.02	4.4	11.83	9.6	10.6	65.5
511255255	-1.47	156.94	4.4	11.81	10.1	11.0	66.5
513256256	-1.47	155.82	4.4	11.88	10.6	11.5	67.5
515257257	-1.46	154.74	4.4	11.92	11.1	12.0	68.4
517258258	-1.46	153.67	4.4	11.92	11.6	12.4	69.1
519259259	-1.45	152.61	4.4	11.98	12.1	12.9	69.9
521260260	-1.46	151.54	4.5	11.93	12.6	13.4	70.5
523261261	-1.46	150.42	4.5	11.90	13.1	13.9	71.1
525262262	-1.45	149.30	4.5	11.98	13.6	14.3	71.8
527263263	-1.45	148.23	4.5	12.00	14.1	14.8	72.3
529264264	-1.46	147.03	4.6	11.90	14.7	15.4	72.7
531265265	-1.47	145.89	4.6	11.83	15.2	15.9	73.1
533266266	-1.47	144.70	4.6	11.84	15.8	16.5	73.6
535267267	-1.48	143.57	4.7	11.79	16.3	17.0	73.9
537268268	-1.48	142.44	4.7	11.77	16.9	17.5	74.3
539269269	-1.49	141.28	4.8	11.68	17.4	18.1	74.6
541270270	-1.50	140.01	4.9	11.64	18.0	18.7	74.9
543271271	-1.51	138.87	5.0	11.50	18.6	19.2	75.1
545272272	-1.53	137.62	5.1	11.35	19.2	19.9	75.2
547273273	-1.55	136.34	5.2	11.20	19.8	20.5	75.4
549274274	-1.57	135.05	5.3	11.06	20.5	21.2	75.5
551275275	-1.59	133.78	5.4	10.96	21.1	21.8	75.7
553276276	-1.64	132.42	5.6	10.65	21.8	22.5	75.6
555277277	-1.66	131.14	5.7	10.48	22.5	23.2	75.7
557278278	-1.69	129.80	5.9	10.29	23.2	23.9	75.7
559279279	-1.73	128.51	6.1	10.07	23.8	24.6	75.6
561280280	-1.77	127.15	6.3	9.84	24.5	25.3	75.6
563281281	-1.82	125.73	6.6	9.57	25.3	26.1	75.4
565282282	-1.86	124.43	6.8	9.37	26.0	26.8	75.3
567283283	-1.93	123.11	7.1	9.04	26.7	27.6	75.0
569284284	-2.00	121.84	7.5	8.73	27.3	28.3	74.7
571285285	-2.05	120.53	7.8	8.50	28.0	29.1	74.5
573286286	-2.11	119.15	8.1	8.28	28.8	29.9	74.3
575287287	-2.18	117.97	8.5	8.00	29.4	30.6	74.0
577288288	-2.24	116.74	8.8	7.81	30.1	31.4	73.7
579289289	-2.31	115.67	9.2	7.57	30.7	32.0	73.4
581290290	-2.39	114.46	9.6	7.33	31.3	32.8	73.0
583291291	-2.45	113.61	9.9	7.15	31.8	33.3	72.7
585292292	-2.51	112.68	10.2	6.98	32.3	33.9	72.4
587293293	-2.56	111.73	10.6	6.84	32.8	34.5	72.2
589294294	-2.57	110.91	10.7	6.82	33.3	35.0	72.2
591295295	-2.59	109.98	10.9	6.77	33.9	35.6	72.2
593296296	-2.57	109.26	10.9	6.81	34.4	36.1	72.4
595297297	-2.55	108.26	11.0	6.85	35.0	36.7	72.6
597298298	-2.52	107.38	11.0	6.95	35.6	37.2	72.9
599299299	-2.48	106.44	10.9	7.04	36.2	37.8	73.2
601300300	-2.44	105.33	10.9	7.16	37.0	38.6	73.5
603301301	-2.41	104.17	10.9	7.26	37.8	39.3	73.8
605302302	-2.37	103.05	10.9	7.37	38.6	40.1	74.2
607303303	-2.32	102.00	10.9	7.53	39.3	40.8	74.5
609304304	-2.26	100.79	10.8	7.72	40.2	41.6	75.0
611305305	-2.21	99.61	10.7	7.90	41.1	42.5	75.4
613306306	-2.17	98.38	10.7	8.04	42.0	43.4	75.7
615307307	-2.12	97.06	10.7	8.24	43.0	44.3	76.1
617308308	-2.06	95.86	10.6	8.48	44.0	45.3	76.5
619309309	-2.02	94.54	10.6	8.63	45.0	46.3	76.7
621310310	-1.99	93.34	10.6	8.79	46.0	47.2	77.0
623311311	-1.94	92.02	10.6	9.01	47.1	48.3	77.3
625312312	-1.91	90.81	10.7	9.14	48.2	49.3	77.5
627313313	-1.87	89.50	10.7	9.32	49.3	50.4	77.8
629314314	-1.83	88.22	10.7	9.55	50.4	51.5	78.0
631315315	-1.78	87.09	10.6	9.80	51.5	52.6	78.3
633316316	-1.76	85.83	10.7	9.92	52.6	53.7	78.5
635317317	-1.73	84.64	10.8	10.05	53.7	54.8	78.6
637318318	-1.70	83.45	10.9	10.27	54.9	55.9	78.8
639319319	-1.67	82.24	10.9	10.46	56.1	57.1	79.0
641320320	-1.64	80.93	11.1	10.60	57.4	58.4	79.1
643321321	-1.63	79.89	11.2	10.69	58.5	59.5	79.1
645322322	-1.61	78.73	11.3	10.83	59.7	60.7	79.2
647323323	-1.60	77.45	11.6	10.92	61.0	62.1	79.3
649324324	-1.58	76.37	11.7	11.05	62.2	63.3	79.4
651325325	-1.56	75.19	11.8	11.19	63.6	64.7	79.4
653326326	-1.57	73.99	12.3	11.11	64.9	66.0	79.3
655327327	-1.57	72.82	12.6	11.12	66.3	67.4	79.3
657328328	-1.56	71.73	12.8	11.17	67.6	68.8	79.2
659329329	-1.57	70.45	13.3	11.10	69.1	70.4	79.1
661330330	-1.58	68.95	13.9	11.00	71.0	72.3	78.9
663331331	-1.58	67.60	14.4	11.00	72.7	74.1	78.8
665332332	-1.59	66.44	14.9	10.94	74.3	75.8	78.6
667333333	-1.62	65.25	15.6	10.77	75.8	77.4	78.3
669334334	-1.63	63.89	16.3	10.69	77.7	79.4	78.1
671335335	-1.64	62.59	17.0	10.62	79.6	81.4	77.9
673336336	-1.66	61.26	17.9	10.52	81.6	83.5	77.7
675337337	-1.70	60.01	19.0	10.26	83.4	85.5	77.2
677338338	-1.73	58.66	20.1	10.07	85.4	87.8	76.8
679339339	-1.76	57.33	21.2	9.89	87.5	90.1	76.4
681340340	-1.80	56.06	22.5	9.70	89.6	92.3	75.9
683341341	-1.83	54.65	24.0	9.51	91.9	95.0	75.4
685342342	-1.88	53.08	25.7	9.29	94.6	98.0	74.8
687343343	-1.93	51.64	27.8	9.02	97.0	100.9	74.0
689344344	-1.97	50.22	29.6	8.87	99.6	103.9	73.4
691345345	-2.02	48.58	32.0	8.65	102.6	107.5	72.7
693346346	-2.06	46.99	34.6	8.48	105.7	111.2	71.9
695347347	-2.12	45.32	37.7	8.23	108.8	115.1	70.9
697348348	-2.17	43.63	41.0	8.06	112.2	119.4	69.9
699349349	-2.23	41.84	45.0	7.83	115.7	124.2	68.7
701350350	-2.27	40.15	48.9	7.70	119.4	129.1	67.7
703351351	-2.32	38.44	53.6	7.52	123.0	134.2	66.5
705352352	-2.37	36.59	58.9	7.38	127.1	140.1	65.2
707353353	-2.41	34.83	64.5	7.25	131.0	146.1	63.8
709354354	-2.46	32.87	71.6	7.10	135.3	153.1	62.1
711355355	-2.50	30.96	79.3	6.99	139.6	160.5	60.4
713356356	-2.56	28.97	88.5	6.84	143.5	168.6	58.3
715357357	-2.60	27.09	98.0	6.74	147.2	176.8	56.3
717358358	-2.64	25.24	108.7	6.62	150.0	185.3	54.1
719359359	-2.68	23.40	120.3	6.54	152.6	194.3	51.8
721360360	-2.71	21.34	134.8	6.47	154.8	205.3	49.0
723361361	-2.74	19.35	150.3	6.40	155.5	216.3	46.0
725362362	-2.78	17.36	167.4	6.30	153.5	227.2	42.5
727363363	-2.80	15.34	186.2	6.26	150.4	239.4	38.9
729364364	-2.81	13.41	205.6	6.24	144.9	251.6	35.2
731365365	-2.84	11.29	227.1	6.17	133.5	263.4	30.4
733366366	-2.86	9.40	246.1	6.13	120.0	273.8	26.0
735367367	-2.88	7.48	263.7	6.08	101.4	282.5	21.0
737368368	-2.91	5.35	279.7	6.02	76.4	289.9	15.3
739369369	-2.90	3.39	292.8	6.04	50.9	297.2	9.9
741370370	-2.92	1.38	298.8	6.01	21.0	299.5	4.0
743371371	-2.94	-0.64	298.2	5.97	-9.6	298.3	-1.8
745372372	-2.96	-2.76	290.8	5.93	-40.3	293.6	-7.9
747373373	-2.98	-4.85	277.8	5.89	-67.2	285.8	-13.6
749374374	-3.00	-6.93	260.8	5.85	-89.3	275.7	-18.9
751375375	-3.02	-8.92	242.3	5.80	-105.8	264.4	-23.6
753376376	-3.07	-10.84	222.9	5.72	-116.2	251.4	-27.5
755377377	-3.09	-12.82	204.3	5.67	-124.6	239.3	-31.4
757378378	-3.12	-14.79	186.5	5.62	-129.6	227.1	-34.8
759379379	-3.16	-16.86	169.2	5.55	-131.8	214.5	-37.9
761380380	-3.25	-18.96	153.1	5.40	-129.8	200.7	-40.3
763381381	-3.31	-20.94	139.9	5.31	-128.0	189.6	-42.5
765382382	-3.40	-22.83	128.8	5.18	-124.5	179.1	-44.0
767383383	-3.47	-24.67	119.2	5.07	-121.1	169.9	-45.5
769384384	-3.56	-26.51	110.7	4.95	-117.4	161.4	-46.7
771385385	-3.67	-28.44	103.0	4.80	-112.6	152.6	-47.5
773386386	-3.82	-30.18	97.1	4.62	-107.4	144.8	-47.9
775387387	-3.94	-31.72	92.4	4.48	-103.4	138.7	-48.2
777388388	-4.07	-33.27	88.1	4.34	-99.4	132.8	-48.4
779389389	-4.22	-34.69	84.7	4.20	-95.4	127.6	-48.4
781390390	-4.37	-36.07	81.7	4.06	-91.8	122.9	-48.3
783391391	-4.53	-37.00	80.1	3.93	-88.5	119.3	-47.8
785392392	-4.67	-37.77	78.8	3.81	-85.7	116.5	-47.4
787393393	-4.75	-38.24	78.1	3.75	-84.1	114.8	-47.1
789394394	-4.81	-38.55	77.6	3.71	-83.1	113.7	-47.0
791395395	-4.83	-38.82	77.1	3.69	-82.5	113.0	-47.0
793396396	-4.77	-39.00	76.5	3.74	-83.4	113.1	-47.5
795397397	-4.62	-39.24	75.2	3.85	-85.5	113.8	-48.6
797398398	-4.41	-39.69	73.1	4.02	-88.2	114.6	-50.3
799399399	-4.15	-40.71	69.3	4.26	-91.0	114.3	-52.7
801400400	-3.89	-42.13	64.3	4.54	-93.0	113.1	-55.4
803401401	-3.65	-44.04	58.4	4.82	-93.7	110.4	-58.1
805402402	-3.43	-46.39	52.1	5.12	-93.0	106.6	-60.7
807403403	-3.23	-49.10	45.8	5.44	-91.0	101.9	-63.3
809404404	-3.06	-51.92	40.3	5.74	-88.3	97.0	-65.5
811405405	-2.94	-54.95	35.7	5.97	-84.6	91.9	-67.1
813406406	-2.85	-58.03	31.8	6.15	-80.8	86.8	-68.5
815407407	-2.78	-61.31	28.5	6.30	-76.7	81.8	-69.6
817408408	-2.73	-64.42	25.8	6.42	-73.0	77.4	-70.5
819409409	-2.71	-67.46	23.8	6.47	-69.4	73.3	-71.1
821410410	-2.71	-70.43	22.2	6.46	-66.0	69.6	-71.4
823411411	-2.69	-73.56	20.5	6.51	-62.7	66.0	-71.8
825412412	-2.69	-76.41	19.3	6.51	-59.7	62.8	-72.1
827413413	-2.68	-79.27	18.2	6.53	-57.0	59.8	-72.3
829414414	-2.69	-82.07	17.3	6.51	-54.4	57.1	-72.4
831415415	-2.70	-84.76	16.5	6.49	-52.0	54.6	-72.4
833416416	-2.72	-87.41	15.8	6.45	-49.7	52.2	-72.3
835417417	-2.73	-89.97	15.2	6.42	-47.7	50.0	-72.3
837418418	-2.74	-92.48	14.6	6.40	-45.7	48.0	-72.2
839419419	-2.75	-94.95	14.2	6.37	-43.8	46.0	-72.1
841420420	-2.75	-97.37	13.7	6.36	-42.1	44.2	-72.0
843421421	-2.77	-99.69	13.3	6.33	-40.4	42.5	-71.8
845422422	-2.77	-101.95	12.9	6.32	-38.9	41.0	-71.7
847423423	-2.80	-104.11	12.7	6.25	-37.4	39.5	-71.3
849424424	-2.82	-106.24	12.4	6.21	-36.0	38.1	-71.0
851425425	-2.83	-108.43	12.1	6.19	-34.6	36.7	-70.7
853426426	-2.84	-110.51	11.9	6.17	-33.3	35.4	-70.4
855427427	-2.86	-112.57	11.6	6.13	-32.1	34.1	-70.1
857428428	-2.89	-114.54	11.5	6.07	-30.9	33.0	-69.6
859429429	-2.91	-116.48	11.4	6.03	-29.8	31.9	-69.1
861430430	-2.93	-118.45	11.2	5.98	-28.7	30.8	-68.6
863431431	-2.95	-120.37	11.1	5.94	-27.6	29.7	-68.1
865432432	-2.95	-122.26	10.9	5.95	-26.6	28.7	-67.8
867433433	-2.98	-124.17	10.8	5.89	-25.5	27.7	-67.1
869434434	-3.03	-126.05	10.8	5.79	-24.5	26.8	-66.2
871435435	-3.05	-127.90	10.7	5.75	-23.5	25.9	-65.5
873436436	-3.07	-129.75	10.6	5.72	-22.6	24.9	-64.9
875437437	-3.09	-131.62	10.5	5.67	-21.6	24.1	-64.0
877438438	-3.12	-133.48	10.5	5.62	-20.7	23.2	-63.1
879439439	-3.15	-135.33	10.4	5.57	-19.8	22.4	-62.2
881440440	-3.18	-137.08	10.4	5.53	-18.9	21.6	-61.2
883441441	-3.19	-138.84	10.3	5.50	-18.1	20.8	-60.3
885442442	-3.20	-140.62	10.2	5.50	-17.2	20.0	-59.3
887443443	-3.20	-142.40	10.1	5.48	-16.4	19.3	-58.3
889444444	-3.22	-144.23	10.1	5.46	-15.5	18.5	-57.0
891445445	-3.22	-146.08	10.0	5.46	-14.7	17.8	-55.8
893446446	-3.22	-147.83	9.9	5.45	-13.9	17.1	-54.5
895447447	-3.23	-149.59	9.8	5.44	-13.1	16.4	-53.1
897448448	-3.24	-151.31	9.8	5.43	-12.3	15.7	-51.5
899449449	-3.23	-153.16	9.7	5.44	-11.5	15.0	-49.9
901450450	-3.20	-154.90	9.5	5.49	-10.7	14.4	-48.4
903451451	-3.18	-156.70	9.4	5.52	-10.0	13.7	-46.5
905452452	-3.17	-158.41	9.3	5.54	-9.2	13.1	-44.6
907453453	-3.15	-160.06	9.2	5.58	-8.5	12.5	-42.6
909454454	-3.11	-161.69	9.1	5.65	-7.8	12.0	-40.7
911455455	-3.09	-163.35	9.0	5.68	-7.1	11.4	-38.2
913456456	-3.04	-164.90	8.8	5.78	-6.4	10.9	-36.1
915457457	-3.02	-166.50	8.7	5.82	-5.7	10.4	-33.4
917458458	-2.97	-168.02	8.6	5.90	-5.1	10.0	-30.8
919459459	-2.93	-169.51	8.4	5.98	-4.5	9.5	-27.9
921460460	-2.89	-171.00	8.3	6.07	-3.8	9.1	-24.8
923461461	-2.84	-172.45	8.1	6.16	-3.2	8.8	-21.5
925462462	-2.79	-173.93	8.0	6.28	-2.6	8.4	-17.9
927463463	-2.74	-175.25	7.8	6.40	-2.0	8.1	-14.5
929464464	-2.68	-176.60	7.7	6.52	-1.4	7.8	-10.7
931465465	-2.63	-177.92	7.5	6.66	-0.9	7.6	-6.8
933466466	-2.57	-179.28	7.3	6.80	-0.3	7.4	-2.4
935467467	-2.52	179.44	7.2	6.93	0.2	7.2	1.9
937468468	-2.46	178.14	7.0	7.11	0.8	7.1	6.5
939469469	-2.40	176.89	6.9	7.27	1.3	7.0	11.0
941470470	-2.34	175.61	6.7	7.45	1.9	7.0	15.7
943471471	-2.31	174.44	6.6	7.58	2.4	7.0	19.8
945472472	-2.23	173.20	6.4	7.82	2.9	7.1	24.5
947473473	-2.19	172.00	6.3	7.99	3.4	7.2	28.7
949474474	-2.13	170.80	6.1	8.21	4.0	7.3	32.9
951475475	-2.06	169.50	6.0	8.46	4.5	7.5	37.2
953476476	-2.02	168.23	5.8	8.66	5.1	7.7	41.1
955477477	-1.96	167.17	5.7	8.88	5.6	8.0	44.2
957478478	-1.90	166.04	5.5	9.16	6.0	8.2	47.5
959479479	-1.86	164.83	5.4	9.38	6.6	8.5	50.5
961480480	-1.81	163.51	5.3	9.64	7.2	8.9	53.5
963481481	-1.75	162.39	5.1	9.97	7.7	9.2	56.2
965482482	-1.69	161.20	5.0	10.32	8.2	9.6	58.7
967483483	-1.64	159.98	4.9	10.62	8.7	10.0	61.0
969484484	-1.59	158.76	4.7	10.94	9.3	10.4	63.0
971485485	-1.53	157.53	4.6	11.38	9.9	10.9	65.1
973486486	-1.47	156.23	4.4	11.85	10.4	11.3	67.1
975487487	-1.41	155.06	4.2	12.37	11.0	11.8	68.9
977488488	-1.36	153.80	4.1	12.79	11.6	12.3	70.4
979489489	-1.31	152.48	4.0	13.31	12.2	12.8	71.9
981490490	-1.27	151.09	3.9	13.75	12.8	13.4	73.2
983491491	-1.21	149.82	3.7	14.34	13.4	13.9	74.4
985492492	-1.14	148.59	3.5	15.28	14.0	14.4	75.8
987493493	-1.09	147.17	3.4	15.96	14.7	15.1	76.9
989494494	-1.03	145.75	3.2	16.92	15.3	15.7	78.1
991495495	-0.97	144.36	3.1	17.95	16.0	16.3	79.1
993496496	-0.90	142.96	2.9	19.34	16.7	16.9	80.2
995497497	-0.86	141.50	2.8	20.25	17.4	17.6	81.0
997498498	-0.80	140.10	2.6	21.69	18.1	18.3	81.8
999499499	-0.75	138.80	2.5	23.10	18.8	18.9	82.5
1001500500	-0.67	137.26	2.2	25.77	19.5	19.7	83.5
1003501501	-0.61	135.74	2.0	28.47	20.3	20.4	84.2
1005502502	-0.56	134.28	1.9	31.23	21.1	21.1	84.9
1007503503	-0.49	132.78	1.7	35.46	21.8	21.9	85.6
1009504504	-0.41	131.30	1.4	41.90	22.6	22.7	86.4
1011505505	-0.36	129.68	1.3	48.59	23.5	23.5	86.9
1013506506	-0.29	128.23	1.0	59.49	24.3	24.3	87.5
1015507507	-0.23	126.63	0.8	74.83	25.1	25.1	88.1
1017508508	-0.15	125.10	0.6	114.29	26.0	26.0	88.8
1019509509	-0.10	123.51	0.4	177.21	26.9	26.9	89.2
1021510510	-0.05	121.92	0.2	381.31	27.8	27.8	89.6
1023511511	0.00	120.28	0.0	?	28.7	28.7	90.0
1025512512	0.00	118.77	0.0	?	29.6	29.6	90.0
1027513513	0.00	117.08	0.0	?	30.6	30.6	90.0
1029514514	0.00	115.28	0.0	?	31.7	31.7	90.0
1031515515	0.00	113.69	0.0	?	32.7	32.7	90.0
1033516516	0.00	112.01	0.0	?	33.7	33.7	90.0
1035517517	0.00	110.37	0.0	?	34.8	34.8	90.0
1037518518	0.00	108.77	0.0	?	35.8	35.8	90.0
1039519519	0.00	106.87	0.0	?	37.1	37.1	90.0
1041520520	0.00	105.22	0.0	?	38.2	38.2	90.0
1043521521	0.00	103.57	0.0	?	39.4	39.4	90.0
1045522522	-1.10	163.61	3.2	15.78	7.2	7.9	65.7
1047523523	0.00	148.33	0.0	?	14.2	14.2	90.0
1049524524	-0.32	96.23	1.7	54.18	44.8	44.8	87.9
1051525525	-0.92	89.12	5.3	18.98	50.5	50.8	84.0
1053526526	-0.97	86.92	5.9	17.88	52.4	52.7	83.6
1055527527	-1.03	84.68	6.5	16.88	54.4	54.8	83.2
1057528528	-1.08	82.42	7.1	16.09	56.6	57.0	82.8
1059529529	-1.11	80.02	7.7	15.60	59.0	59.5	82.6
1061530530	-1.15	78.15	8.3	15.15	60.9	61.5	82.3
1063531531	-1.24	75.62	9.4	14.05	63.6	64.3	81.6
1065532532	-1.31	73.26	10.5	13.29	66.2	67.0	81.0
1067533533	-1.40	71.16	11.7	12.44	68.6	69.6	80.3
1069534534	-1.49	68.86	13.2	11.70	71.3	72.5	79.5
1071535535	-1.57	66.44	14.7	11.10	74.3	75.8	78.8
1073536536	-1.69	64.18	16.7	10.34	77.2	79.0	77.8
1075537537	-1.78	61.64	18.9	9.77	80.6	82.8	76.8
1077538538	-1.90	59.30	21.5	9.17	83.7	86.4	75.6
1079539539	-2.05	56.78	24.8	8.52	87.1	90.6	74.1
1081540540	-2.21	54.27	28.7	7.89	90.5	94.9	72.4
1083541541	-2.37	51.77	33.0	7.38	93.8	99.5	70.6
1085542542	-2.59	49.03	38.9	6.76	97.0	104.5	68.2
1087543543	-2.81	46.31	45.5	6.23	99.9	109.7	65.5
1089544544	-3.08	43.67	53.2	5.70	101.5	114.6	62.3
1091545545	-3.34	40.87	61.8	5.27	102.7	119.9	59.0
1093546546	-3.67	38.16	71.5	4.81	101.6	124.2	54.9
1095547547	-3.99	35.25	81.8	4.43	99.2	128.6	50.5
1097548548	-4.38	32.35	92.3	4.05	93.8	131.6	45.5
1099549549	-4.78	29.59	101.2	3.72	86.4	133.1	40.5
1101550550	-5.23	26.23	110.3	3.42	76.2	134.0	34.6
1103551551	-5.70	23.02	116.3	3.16	64.6	133.0	29.0
1105552552	-6.21	19.61	119.8	2.92	51.8	130.5	23.4
1107553553	-6.81	15.98	119.8	2.68	38.1	125.7	17.6
1109554554	-7.44	12.42	116.8	2.48	26.1	119.7	12.6
1111555555	-8.13	8.93	111.7	2.29	16.1	112.8	8.2
1113556556	-8.78	4.79	106.5	2.14	7.5	106.8	4.0
1115557557	-9.46	0.39	100.7	2.02	0.5	100.7	0.3
1117558558	-10.14	-4.16	94.8	1.90	-4.7	95.0	-2.9
1119559559	-10.86	-9.44	88.8	1.80	-9.1	89.3	-5.8
1121560560	-11.58	-16.13	82.6	1.72	-13.0	83.6	-8.9
1123561561	-12.35	-22.73	76.8	1.64	-15.2	78.3	-11.2
1125562562	-13.07	-31.05	71.1	1.57	-17.1	73.1	-13.5
1127563563	-13.77	-39.96	65.8	1.52	-18.1	68.3	-15.4
1129564564	-14.44	-49.67	61.0	1.47	-18.3	63.7	-16.7
1131565565	-14.94	-60.85	56.4	1.44	-18.2	59.3	-17.9
1133566566	-15.12	-71.93	52.6	1.43	-18.1	55.6	-19.0
1135567567	-15.17	-82.99	49.1	1.42	-17.5	52.1	-19.6
1137568568	-15.03	-94.44	45.7	1.43	-16.7	48.7	-20.0
1139569569	-14.69	-104.30	42.9	1.45	-15.9	45.8	-20.3
1141570570	-14.21	-113.63	40.3	1.48	-15.0	43.0	-20.4
1143571571	-13.65	-122.23	37.8	1.52	-13.9	40.3	-20.2
1145572572	-13.11	-130.42	35.6	1.57	-12.6	37.8	-19.5
1147573573	-12.47	-137.47	33.5	1.62	-11.4	35.4	-18.8
1149574574	-11.86	-144.28	31.6	1.69	-10.1	33.2	-17.7
1151575575	-11.24	-149.82	29.9	1.76	-8.9	31.1	-16.6
1153576576	-10.69	-155.62	28.3	1.83	-7.5	29.2	-14.8
1155577577	-10.12	-160.37	26.8	1.91	-6.2	27.5	-13.1
1157578578	-9.62	-165.69	25.5	1.99	-4.7	25.9	-10.4
1159579579	-9.14	-169.81	24.3	2.07	-3.4	24.5	-8.0
1161580580	-8.68	-173.77	23.1	2.17	-2.1	23.2	-5.3
1163581581	-8.24	-177.69	22.1	2.26	-0.8	22.1	-2.1
1165582582	-7.82	178.54	21.1	2.37	0.5	21.1	1.4
1167583583	-7.43	175.30	20.2	2.48	1.7	20.3	4.9
1169584584	-7.09	171.92	19.4	2.58	3.0	19.7	8.8
1171585585	-6.74	168.63	18.6	2.71	4.3	19.1	13.0
1173586586	-6.44	165.57	18.0	2.82	5.5	18.8	17.1
1175587587	-6.16	162.49	17.4	2.94	6.8	18.7	21.4
1177588588	-5.95	159.53	17.0	3.04	8.0	18.8	25.3
1179589589	-5.72	156.60	16.5	3.14	9.3	18.9	29.3
1181590590	-5.44	154.16	15.9	3.30	10.4	19.0	33.1
1183591591	-5.28	151.36	15.6	3.39	11.6	19.4	36.6
1185592592	-5.14	149.09	15.4	3.48	12.6	19.9	39.4
1187593593	-4.98	146.48	15.1	3.59	13.8	20.4	42.4
1189594594	-4.87	144.35	14.9	3.66	14.8	21.0	44.6
1191595595	-4.75	142.05	14.8	3.75	15.8	21.7	47.0
1193596596	-4.61	139.94	14.6	3.85	16.9	22.3	49.1
1195597597	-4.50	137.89	14.4	3.95	17.8	22.9	51.1
1197598598	-4.40	135.91	14.3	4.04	18.8	23.6	52.8
1199599599	-4.27	133.63	14.1	4.15	20.0	24.4	54.8
1201600600	-4.16	131.63	13.9	4.26	21.0	25.2	56.4
1203601601	-4.05	129.65	13.8	4.37	22.0	26.0	57.9
1205602602	-3.92	127.43	13.6	4.51	23.2	26.9	59.6
1207603603	-3.81	125.24	13.5	4.64	24.4	27.9	61.0
1209604604	-3.73	123.05	13.5	4.73	25.6	28.9	62.2
1211605605	-3.58	120.89	13.3	4.92	26.8	29.9	63.7
1213606606	-3.50	118.17	13.3	5.04	28.4	31.3	64.9
1215607607	-3.39	115.44	13.3	5.19	30.0	32.8	66.1
1217608608	-3.31	113.26	13.3	5.32	31.3	34.0	67.0
1219609609	-3.23	110.68	13.4	5.44	32.9	35.5	67.9
1221610610	-3.13	107.64	13.4	5.62	34.8	37.3	68.9
1223611611	-3.07	105.14	13.6	5.72	36.5	38.9	69.5
1225612612	-2.99	102.23	13.8	5.87	38.4	40.8	70.2
1227613613	-2.94	99.67	14.1	5.97	40.2	42.6	70.7
1229614614	-2.88	96.92	14.3	6.09	42.2	44.6	71.2
1231615615	-2.80	94.33	14.6	6.25	44.2	46.5	71.8
1233616616	-2.71	92.01	14.6	6.46	46.1	48.4	72.4
1235617617	-2.60	89.22	14.7	6.74	48.5	50.7	73.1
1237618618	-2.45	86.49	14.6	7.13	51.0	53.0	74.0
1239619619	-2.30	83.51	14.5	7.59	53.9	55.8	74.9
1241620620	-2.17	80.45	14.6	8.03	57.0	58.8	75.6
1243621621	-2.00	77.19	14.4	8.73	60.6	62.3	76.6
1245622622	-1.76	73.48	13.9	9.89	65.1	66.6	78.0
1247623623	-1.53	69.83	13.2	11.36	70.0	71.2	79.3
1249624624	-1.34	65.67	12.9	13.02	76.0	77.0	80.4
1251625625	-1.15	61.38	12.5	15.17	82.9	83.8	81.4
1253626626	-1.01	56.73	12.7	17.24	91.2	92.1	82.1
1255627627	-0.92	52.34	13.5	18.82	100.3	101.2	82.3
1257628628	-0.86	47.62	15.0	20.17	111.6	112.6	82.3
1259629629	-0.78	42.87	16.5	22.39	125.5	126.5	82.5
1261630630	-0.74	38.12	19.7	23.38	142.3	143.6	82.1
1263631631	-0.75	33.48	25.6	23.06	162.5	164.5	81.0
1265632632	-0.79	29.07	35.0	21.99	186.7	190.0	79.4
1267633633	-0.87	24.48	52.9	19.96	218.3	224.6	76.4
1269634634	-0.96	20.13	82.1	18.20	256.3	269.2	72.2
1271635635	-1.08	15.90	135.6	16.09	297.7	327.1	65.5
1273636636	-1.21	11.90	223.9	14.38	330.3	399.0	55.9
1275637637	-1.37	7.83	363.3	12.71	312.8	479.5	40.7
1277638638	-1.52	3.87	498.9	11.46	191.2	534.3	21.0
1279639639	-1.70	0.21	513.9	10.28	9.8	514.0	1.1
1281640640	-1.83	-3.46	439.3	9.50	-124.6	456.7	-15.8
1283641641	-2.00	-7.00	340.3	8.71	-178.2	384.2	-27.6
1285642642	-2.21	-10.55	259.9	7.89	-184.8	318.8	-35.4
1287643643	-2.41	-14.03	205.0	7.27	-177.1	270.9	-40.8
1289644644	-2.61	-17.55	165.7	6.72	-164.1	233.2	-44.7
1291645645	-2.77	-21.07	137.3	6.32	-152.1	204.9	-47.9
1293646646	-2.96	-24.37	117.6	5.93	-139.8	182.7	-49.9
1295647647	-3.13	-27.61	102.6	5.61	-129.0	164.8	-51.5
1297648648	-3.30	-30.73	91.2	5.32	-119.6	150.4	-52.7
1299649649	-3.49	-34.19	81.1	5.04	-110.3	136.9	-53.7
1301650650	-3.63	-37.66	72.5	4.85	-102.8	125.8	-54.8
1303651651	-3.79	-40.95	66.0	4.65	-95.9	116.4	-55.5
1305652652	-3.89	-44.11	60.3	4.54	-90.6	108.9	-56.4
1307653653	-4.02	-47.13	55.9	4.40	-85.5	102.2	-56.8
1309654654	-4.11	-50.17	51.9	4.30	-81.1	96.2	-57.4
1311655655	-4.21	-53.41	48.1	4.20	-76.6	90.5	-57.9
1313656656	-4.33	-56.44	45.2	4.10	-72.6	85.5	-58.1
1315657657	-4.38	-59.24	42.5	4.05	-69.5	81.4	-58.5
1317658658	-4.40	-62.18	39.8	4.03	-66.5	77.5	-59.1
1319659659	-4.45	-64.94	37.7	3.99	-63.7	74.0	-59.4
1321660660	-4.46	-67.80	35.4	3.98	-61.1	70.7	-59.9
1323661661	-4.48	-70.35	33.7	3.96	-58.9	67.8	-60.2
1325662662	-4.49	-73.02	32.0	3.96	-56.6	65.0	-60.5
1327663663	-4.50	-75.43	30.6	3.95	-54.6	62.6	-60.8
1329664664	-4.51	-77.75	29.3	3.94	-52.8	60.4	-61.0
1331665665	-4.48	-80.23	27.9	3.96	-51.0	58.1	-61.3
1333666666	-4.47	-82.38	26.8	3.97	-49.4	56.2	-61.5
1335667667	-4.45	-84.48	25.8	3.99	-48.0	54.4	-61.8
1337668668	-4.42	-86.48	24.8	4.02	-46.6	52.8	-62.0
1339669669	-4.38	-88.58	23.8	4.05	-45.2	51.1	-62.3
1341670670	-4.36	-90.57	23.0	4.07	-43.9	49.6	-62.4
1343671671	-4.33	-92.49	22.2	4.09	-42.7	48.1	-62.5
1345672672	-4.27	-94.45	21.3	4.15	-41.5	46.7	-62.9
1347673673	-4.22	-96.11	20.6	4.20	-40.5	45.5	-63.1
1349674674	-4.17	-97.71	19.9	4.24	-39.6	44.3	-63.3
1351675675	-4.16	-99.31	19.5	4.25	-38.6	43.2	-63.2
1353676676	-4.13	-100.98	18.9	4.29	-37.6	42.1	-63.3
1355677677	-4.06	-102.55	18.3	4.35	-36.7	41.0	-63.6
1357678678	-4.01	-104.13	17.7	4.41	-35.8	40.0	-63.7
1359679679	-3.98	-105.71	17.2	4.44	-34.9	38.9	-63.8
1361680680	-3.94	-107.16	16.8	4.48	-34.1	38.0	-63.8
1363681681	-3.91	-108.35	16.4	4.52	-33.5	37.3	-63.9
1365682682	-3.85	-109.81	15.9	4.58	-32.7	36.4	-64.0
1367683683	-3.78	-111.32	15.4	4.67	-31.9	35.4	-64.2
1369684684	-3.73	-112.59	15.0	4.73	-31.2	34.6	-64.4
1371685685	-3.67	-113.89	14.6	4.80	-30.6	33.9	-64.5
1373686686	-3.65	-114.91	14.3	4.83	-30.0	33.3	-64.5
1375687687	-3.61	-116.20	14.0	4.88	-29.3	32.5	-64.5
1377688688	-3.56	-117.54	13.6	4.94	-28.6	31.7	-64.6
1379689689	-3.48	-118.77	13.2	5.06	-28.0	31.0	-64.8
1381690690	-3.42	-119.81	12.8	5.14	-27.5	30.4	-65.0
1383691691	-3.39	-120.90	12.6	5.19	-27.0	29.8	-65.0
1385692692	-3.34	-122.16	12.3	5.27	-26.3	29.1	-65.0
1387693693	-3.27	-123.19	11.9	5.37	-25.8	28.5	-65.3
1389694694	-3.22	-124.32	11.6	5.46	-25.3	27.8	-65.4
1391695695	-3.17	-125.27	11.3	5.54	-24.8	27.3	-65.4
1393696696	-3.11	-126.25	11.0	5.65	-24.3	26.7	-65.6
1395697697	-3.03	-127.39	10.7	5.80	-23.8	26.1	-65.9
1397698698	-2.97	-128.26	10.4	5.90	-23.4	25.6	-66.0
1399699699	-2.90	-129.16	10.1	6.05	-23.0	25.1	-66.3
1401700700	-2.83	-130.06	9.8	6.20	-22.5	24.6	-66.6
1403701701	-2.76	-131.04	9.5	6.34	-22.1	24.0	-66.8
1405702702	-2.70	-131.94	9.2	6.48	-21.7	23.5	-67.0
1407703703	-2.62	-132.70	8.9	6.67	-21.3	23.1	-67.3
1409704704	-2.57	-133.43	8.7	6.80	-21.0	22.7	-67.5
1411705705	-2.50	-134.24	8.4	7.00	-20.6	22.2	-67.9
1413706706	-2.44	-134.97	8.2	7.15	-20.3	21.8	-68.1
1415707707	-2.37	-135.69	7.9	7.37	-19.9	21.4	-68.4
1417708708	-2.29	-136.41	7.6	7.63	-19.6	21.0	-68.9
1419709709	-2.20	-137.12	7.3	7.92	-19.3	20.6	-69.3
1421710710	-2.12	-137.82	7.0	8.22	-19.0	20.2	-69.8
1423711711	-2.07	-138.45	6.8	8.44	-18.7	19.9	-70.1
1425712712	-1.99	-138.96	6.5	8.75	-18.4	19.5	-70.6
1427713713	-1.92	-139.51	6.2	9.08	-18.2	19.2	-71.0
1429714714	-1.85	-140.07	6.0	9.42	-17.9	18.9	-71.5
1431715715	-1.77	-140.65	5.7	9.87	-17.7	18.6	-72.1
1433716716	-1.72	-141.18	5.5	10.15	-17.4	18.3	-72.4
1435717717	-1.66	-141.49	5.3	10.52	-17.3	18.1	-72.9
1437718718	-1.61	-142.06	5.2	10.84	-17.0	17.8	-73.2
1439719719	-1.53	-142.52	4.9	11.35	-16.8	17.5	-73.7
1441720720	-1.45	-142.95	4.6	11.98	-16.6	17.3	-74.4
1443721721	-1.36	-143.16	4.3	12.80	-16.5	17.1	-75.3
1445722722	-1.32	-143.44	4.2	13.18	-16.4	16.9	-75.6
1447723723	-1.27	-143.85	4.0	13.75	-16.2	16.7	-76.1
1449724724	-1.22	-144.24	3.9	14.26	-16.0	16.5	-76.4
1451725725	-1.18	-144.59	3.7	14.74	-15.9	16.3	-76.8
1453726726	-1.11	-144.86	3.5	15.65	-15.8	16.1	-77.4
1455727727	-1.06	-145.14	3.4	16.34	-15.6	16.0	-77.9
1457728728	-1.04	-145.29	3.3	16.79	-15.6	15.9	-78.1
1459729729	-1.01	-145.63	3.2	17.20	-15.4	15.7	-78.3
1461730730	-0.97	-145.96	3.0	17.97	-15.3	15.6	-78.7
1463731731	-0.90	-146.17	2.8	19.37	-15.2	15.4	-79.5
1465732732	-0.85	-146.50	2.7	20.44	-15.0	15.2	-79.9
1467733733	-0.83	-146.62	2.6	20.97	-15.0	15.2	-80.1
1469734734	-0.79	-146.75	2.5	22.08	-14.9	15.1	-80.6
1471735735	-0.76	-146.96	2.4	22.80	-14.8	15.0	-80.8
1473736736	-0.75	-147.21	2.4	23.07	-14.7	14.9	-80.9
1475737737	-0.72	-147.31	2.3	24.02	-14.6	14.8	-81.2
1477738738	-0.69	-147.59	2.2	25.04	-14.5	14.7	-81.5
1479739739	-0.65	-147.79	2.0	26.74	-14.4	14.6	-82.0
1481740740	-0.63	-147.96	2.0	27.66	-14.3	14.5	-82.2
1483741741	-0.61	-148.13	1.9	28.64	-14.3	14.4	-82.5
1485742742	-0.63	-148.50	2.0	27.47	-14.1	14.2	-82.1
1487743743	-0.58	-148.64	1.8	30.01	-14.0	14.1	-82.7
1489744744	-0.59	-148.85	1.8	29.53	-13.9	14.0	-82.5
1491745745	-0.58	-149.07	1.8	29.81	-13.8	13.9	-82.6
1493746746	-0.56	-149.36	1.7	31.30	-13.7	13.8	-82.8
1495747747	-0.56	-149.56	1.7	31.13	-13.6	13.7	-82.8
1497748748	-0.56	-149.52	1.7	30.77	-13.6	13.7	-82.7
1499749749	-0.55	-149.81	1.7	31.65	-13.5	13.6	-82.8
1501750750	-0.54	-150.21	1.7	31.97	-13.3	13.4	-82.8
1503751751	-0.54	-150.49	1.7	32.26	-13.2	13.3	-82.8
1505752752	-0.52	-150.84	1.6	33.58	-13.0	13.1	-83.0
1507753753	-0.53	-151.26	1.6	32.84	-12.8	12.9	-82.8
1509754754	-0.54	-151.45	1.6	32.35	-12.7	12.8	-82.6
1511755755	-0.52	-151.70	1.6	33.20	-12.6	12.7	-82.7
1513756756	-0.54	-152.01	1.7	32.06	-12.4	12.6	-82.4
1515757757	-0.56	-152.52	1.7	31.27	-12.2	12.3	-82.1
1517758758	-0.51	-152.76	1.6	33.80	-12.1	12.2	-82.6
1519759759	-0.51	-153.08	1.5	34.15	-12.0	12.1	-82.6
1521760760	-0.51	-153.56	1.6	33.82	-11.7	11.8	-82.4
1523761761	-0.51	-153.79	1.5	34.34	-11.6	11.7	-82.5
1525762762	-0.45	-154.85	1.4	38.42	-11.1	11.2	-83.0
1527763763	-0.38	-156.32	1.2	45.16	-10.5	10.5	-83.7
1529764764	-0.45	-155.19	1.4	38.82	-11.0	11.1	-83.0
1531765765	-0.47	-155.01	1.4	36.65	-11.1	11.2	-82.6
1533766766	-0.47	-155.48	1.4	36.74	-10.9	11.0	-82.5
1535767767	-0.45	-155.70	1.3	38.92	-10.8	10.8	-82.9
1537768768	-0.43	-156.15	1.3	40.60	-10.6	10.6	-83.0
1539769769	-0.42	-156.72	1.3	41.51	-10.3	10.4	-83.0
1541770770	-0.44	-157.17	1.3	39.26	-10.1	10.2	-82.5
1543771771	-0.44	-157.64	1.3	39.27	-9.9	10.0	-82.4
1545772772	-0.39	-158.01	1.2	44.31	-9.7	9.8	-83.1
1547773773	-0.35	-158.48	1.1	49.10	-9.5	9.6	-83.7
1549774774	-0.35	-159.00	1.1	48.94	-9.3	9.3	-83.5
1551775775	-0.38	-159.44	1.1	46.25	-9.1	9.1	-83.0
1553776776	-0.33	-159.78	1.0	52.98	-8.9	9.0	-83.8
1555777777	-0.32	-160.31	1.0	53.59	-8.7	8.7	-83.7
1557778778	-0.31	-160.94	0.9	56.57	-8.4	8.4	-83.8
1559779779	-0.27	-161.32	0.8	64.98	-8.2	8.3	-84.5
1561780780	-0.26	-161.82	0.8	67.45	-8.0	8.0	-84.6
1563781781	-0.22	-162.40	0.7	78.23	-7.7	7.8	-85.2
1565782782	-0.19	-162.77	0.5	93.59	-7.6	7.6	-85.9
1567783783	-0.17	-163.28	0.5	100.03	-7.3	7.4	-86.0
1569784784	-0.14	-163.60	0.4	122.50	-7.2	7.2	-86.7
1571785785	-0.13	-164.08	0.4	137.85	-7.0	7.0	-87.0
1573786786	-0.12	-164.63	0.3	148.86	-6.7	6.8	-87.1
1575787787	-0.09	-164.73	0.3	183.98	-6.7	6.7	-87.6
1577788788	-0.05	-165.22	0.2	327.13	-6.5	6.5	-88.6
1579789789	0.00	-165.63	0.0	?	-6.3	6.3	-90.0
1581790790	0.00	-165.99	0.0	?	-6.1	6.1	-90.0
1583791791	0.00	-166.18	0.0	?	-6.1	6.1	-90.0
1585792792	0.00	-166.41	0.0	?	-6.0	6.0	-90.0
1587793793	0.00	-167.07	0.0	?	-5.7	5.7	-90.0
1589794794	0.00	-167.26	0.0	?	-5.6	5.6	-90.0
1591795795	0.00	-167.54	0.0	?	-5.5	5.5	-90.0
1593796796	0.00	-167.71	0.0	?	-5.4	5.4	-90.0
1595797797	0.00	-168.14	0.0	?	-5.2	5.2	-90.0
1597798798	0.00	-168.27	0.0	?	-5.1	5.1	-90.0
1599799799	0.00	-168.67	0.0	?	-5.0	5.0	-90.0
1601800800	0.00	-168.88	0.0	?	-4.9	4.9	-90.0
1603801801	0.00	-169.25	0.0	?	-4.7	4.7	-90.0
1605802802	0.00	-169.51	0.0	?	-4.6	4.6	-90.0
1607803803	0.00	-169.83	0.0	?	-4.4	4.4	-90.0
1609804804	0.00	-170.14	0.0	?	-4.3	4.3	-90.0
1611805805	0.00	-170.47	0.0	?	-4.2	4.2	-90.0
1613806806	0.00	-170.81	0.0	?	-4.0	4.0	-90.0
1615807807	0.00	-171.08	0.0	?	-3.9	3.9	-90.0
1617808808	0.00	-171.61	0.0	?	-3.7	3.7	-90.0
1619809809	0.00	-172.29	0.0	?	-3.4	3.4	-90.0
1621810810	0.00	-172.73	0.0	?	-3.2	3.2	-90.0
1623811811	0.00	-172.80	0.0	?	-3.1	3.1	-90.0
1625812812	0.00	-173.05	0.0	?	-3.0	3.0	-90.0
1627813813	0.00	-173.55	0.0	?	-2.8	2.8	-90.0
1629814814	0.00	-174.10	0.0	?	-2.6	2.6	-90.0
1631815815	0.00	-174.51	0.0	?	-2.4	2.4	-90.0
1633816816	0.00	-174.74	0.0	?	-2.3	2.3	-90.0
1635817817	0.00	-175.29	0.0	?	-2.1	2.1	-90.0
1637818818	0.00	-175.83	0.0	?	-1.8	1.8	-90.0
1639819819	0.00	-176.31	0.0	?	-1.6	1.6	-90.0
1641820820	0.00	-176.89	0.0	?	-1.4	1.4	-90.0
1643821821	0.00	-177.38	0.0	?	-1.1	1.1	-90.0
1645822822	0.00	-177.81	0.0	?	-1.0	1.0	-90.0
1647823823	0.00	-178.57	0.0	?	-0.6	0.6	-90.0
1649824824	0.00	-178.84	0.0	?	-0.5	0.5	-90.0
1651825825	0.00	-179.11	0.0	?	-0.4	0.4	-90.0
1653826826	0.00	-179.75	0.0	?	-0.1	0.1	-90.0
1655827827	0.00	179.61	0.0	?	0.2	0.2	90.0
1657828828	0.00	178.93	0.0	?	0.5	0.5	90.0
1659829829	0.00	178.44	0.0	?	0.7	0.7	90.0
1661830830	0.00	177.72	0.0	?	1.0	1.0	90.0
1663831831	0.00	177.31	0.0	?	1.2	1.2	90.0
1665832832	0.00	176.97	0.0	?	1.3	1.3	90.0
1667833833	0.00	176.18	0.0	?	1.7	1.7	90.0
1669834834	0.00	175.48	0.0	?	2.0	2.0	90.0
1671835835	0.00	174.64	0.0	?	2.3	2.3	90.0
1673836836	0.00	174.02	0.0	?	2.6	2.6	90.0
1675837837	0.00	173.17	0.0	?	3.0	3.0	90.0
1677838838	0.00	172.50	0.0	?	3.3	3.3	90.0
1679839839	0.00	171.63	0.0	?	3.7	3.7	90.0
1681840840	0.00	170.89	0.0	?	4.0	4.0	90.0
1683841841	0.00	169.99	0.0	?	4.4	4.4	90.0
1685842842	0.00	168.79	0.0	?	4.9	4.9	90.0
1687843843	0.00	168.25	0.0	?	5.1	5.1	90.0
1689844844	0.00	167.43	0.0	?	5.5	5.5	90.0
1691845845	0.00	166.45	0.0	?	5.9	5.9	90.0
1693846846	0.00	165.31	0.0	?	6.4	6.4	90.0
1695847847	0.00	164.42	0.0	?	6.8	6.8	90.0
1697848848	0.00	163.84	0.0	?	7.1	7.1	90.0
1699849849	0.00	162.91	0.0	?	7.5	7.5	90.0
1701850850	0.00	161.91	0.0	?	8.0	8.0	90.0
1703851851	0.00	160.81	0.0	?	8.5	8.5	90.0
1705852852	0.00	160.00	0.0	?	8.8	8.8	90.0
1707853853	0.00	159.04	0.0	?	9.2	9.2	90.0
1709854854	0.00	158.12	0.0	?	9.7	9.7	90.0
1711855855	0.00	157.40	0.0	?	10.0	10.0	90.0
1713856856	0.00	156.50	0.0	?	10.4	10.4	90.0
1715857857	0.00	155.87	0.0	?	10.7	10.7	90.0
1717858858	0.00	155.24	0.0	?	11.0	11.0	90.0
1719859859	0.00	154.94	0.0	?	11.1	11.1	90.0
1721860860	0.00	154.64	0.0	?	11.3	11.3	90.0
1723861861	0.00	154.28	0.0	?	11.4	11.4	90.0
1725862862	0.00	153.76	0.0	?	11.7	11.7	90.0
1727863863	0.00	153.21	0.0	?	11.9	11.9	90.0
1729864864	0.00	152.63	0.0	?	12.2	12.2	90.0
1731865865	0.00	152.31	0.0	?	12.3	12.3	90.0
1733866866	0.00	151.51	0.0	?	12.7	12.7	90.0
1735867867	0.00	150.55	0.0	?	13.1	13.1	90.0
1737868868	0.00	149.35	0.0	?	13.7	13.7	90.0
1739869869	0.00	148.67	0.0	?	14.0	14.0	90.0
1741870870	0.00	147.83	0.0	?	14.4	14.4	90.0
1743871871	0.00	146.25	0.0	?	15.2	15.2	90.0
1745872872	0.00	144.57	0.0	?	16.0	16.0	90.0
1747873873	0.00	143.50	0.0	?	16.5	16.5	90.0
1749874874	0.00	142.23	0.0	?	17.1	17.1	90.0
1751875875	0.00	140.50	0.0	?	18.0	18.0	90.0
1753876876	0.00	138.82	0.0	?	18.8	18.8	90.0
1755877877	0.00	136.96	0.0	?	19.7	19.7	90.0
1757878878	0.00	135.18	0.0	?	20.6	20.6	90.0
1759879879	0.00	133.41	0.0	?	21.5	21.5	90.0
1761880880	0.00	131.93	0.0	?	22.3	22.3	90.0
1763881881	0.00	130.27	0.0	?	23.2	23.2	90.0
1765882882	0.00	128.23	0.0	?	24.3	24.3	90.0
1767883883	0.00	126.38	0.0	?	25.3	25.3	90.0
1769884884	0.00	124.74	0.0	?	26.2	26.2	90.0
1771885885	0.00	122.84	0.0	?	27.2	27.2	90.0
1773886886	0.00	120.80	0.0	?	28.4	28.4	90.0
1775887887	0.00	119.32	0.0	?	29.3	29.3	90.0
1777888888	0.00	117.59	0.0	?	30.3	30.3	90.0
1779889889	0.00	115.09	0.0	?	31.8	31.8	90.0
1781890890	0.00	113.72	0.0	?	32.6	32.6	90.0
1783891891	0.00	111.84	0.0	?	33.8	33.8	90.0
1785892892	0.00	110.09	0.0	?	35.0	35.0	90.0
1787893893	0.00	108.35	0.0	?	36.1	36.1	90.0
1789894894	0.00	106.34	0.0	?	37.4	37.4	90.0
1791895895	0.00	104.33	0.0	?	38.8	38.8	90.0
1793896896	0.00	102.55	0.0	?	40.1	40.1	90.0
1795897897	0.00	100.41	0.0	?	41.7	41.7	90.0
1797898898	0.00	98.32	0.0	?	43.2	43.2	90.0
1799899899	0.00	97.00	0.0	?	44.2	44.2	90.0
1801900900	0.00	95.28	0.0	?	45.6	45.6	90.0
1803901901	0.00	92.79	0.0	?	47.6	47.6	90.0
1805902902	0.00	91.09	0.0	?	49.1	49.1	90.0
1807903903	0.00	89.16	0.0	?	50.7	50.7	90.0
1809904904	0.00	86.68	0.0	?	53.0	53.0	90.0
1811905905	0.00	85.08	0.0	?	54.5	54.5	90.0
1813906906	0.00	83.24	0.0	?	56.3	56.3	90.0
1815907907	0.00	81.17	0.0	?	58.4	58.4	90.0
1817908908	0.00	79.36	0.0	?	60.3	60.3	90.0
1819909909	0.00	77.38	0.0	?	62.4	62.4	90.0
1821910910	-0.31	75.02	2.4	56.90	65.1	65.1	87.9
1823911911	-0.50	73.28	4.0	34.67	67.1	67.2	86.5
1825912912	-0.74	71.15	6.3	23.43	69.5	69.8	84.8
1827913913	-1.06	68.91	9.4	16.46	72.0	72.7	82.6
1829914914	-1.22	66.74	11.5	14.24	74.7	75.6	81.3
1831915915	-1.44	64.83	14.2	12.06	76.9	78.2	79.5
1833916916	-1.71	62.69	17.6	10.21	79.3	81.2	77.4
1835917917	-1.94	60.27	21.3	8.98	82.0	84.8	75.4
1837918918	-2.25	58.03	25.9	7.78	84.1	88.0	72.9
1839919919	-2.42	56.08	29.4	7.22	86.2	91.1	71.2
1841920920	-2.62	53.50	34.0	6.68	89.1	95.4	69.1
1843921921	-2.88	51.50	39.0	6.09	90.4	98.4	66.7
1845922922	-3.10	49.00	44.6	5.66	92.4	102.6	64.2
1847923923	-3.37	46.42	51.4	5.22	93.6	106.8	61.2
1849924924	-3.52	43.66	57.8	5.01	96.0	112.1	58.9
1851925925	-3.75	41.58	64.2	4.71	95.8	115.3	56.2
1853926926	-3.93	39.07	71.4	4.50	96.2	119.8	53.4
1855927927	-4.08	36.66	78.5	4.33	96.2	124.2	50.8
1857928928	-4.29	33.89	87.3	4.13	94.8	128.9	47.3
1859929929	-4.44	31.11	96.2	4.00	93.2	133.9	44.1
1861930930	-4.62	28.84	103.6	3.85	89.8	137.1	40.9
1863931931	-4.82	26.16	112.1	3.70	84.8	140.6	37.1
1865932932	-4.91	23.37	121.1	3.63	80.6	145.4	33.7
1867933933	-5.03	21.00	128.1	3.55	75.0	148.4	30.3
1869934934	-5.15	18.18	136.0	3.47	67.5	151.8	26.4
1871935935	-5.23	15.78	142.3	3.42	60.5	154.6	23.0
1873936936	-5.39	13.11	147.0	3.32	50.4	155.4	18.9
1875937937	-5.46	10.22	152.5	3.29	40.4	157.7	14.8
1877938938	-5.58	7.74	154.5	3.22	30.3	157.4	11.1
1879939939	-5.63	5.24	156.5	3.19	20.6	157.9	7.5
1881940940	-5.73	2.58	156.4	3.14	10.0	156.7	3.6
1883941941	-5.78	-0.57	155.6	3.11	-2.2	155.7	-0.8
1885942942	-5.85	-2.81	153.3	3.08	-10.4	153.7	-3.9
1887943943	-5.91	-5.71	149.5	3.05	-20.2	150.8	-7.7
1889944944	-5.99	-7.93	145.1	3.02	-26.9	147.6	-10.5
1891945945	-6.08	-10.58	139.3	2.97	-33.7	143.3	-13.6
1893946946	-6.11	-12.88	134.8	2.96	-39.4	140.5	-16.3
1895947947	-6.21	-15.55	128.2	2.92	-44.2	135.6	-19.0
1897948948	-6.33	-18.43	120.9	2.87	-48.1	130.1	-21.7
1899949949	-6.29	-20.43	117.1	2.88	-51.8	128.1	-23.8
1901950950	-6.45	-22.92	110.6	2.82	-53.0	122.6	-25.6
1903951951	-6.57	-25.08	105.4	2.77	-53.8	118.3	-27.0
1905952952	-6.69	-27.66	99.6	2.72	-54.5	113.6	-28.7
1907953953	-6.87	-29.31	95.8	2.66	-53.6	109.7	-29.2
1909954954	-7.07	-30.89	92.2	2.59	-52.2	106.0	-29.5
1911955955	-7.26	-31.94	89.8	2.53	-50.7	103.1	-29.4
1913956956	-7.32	-33.00	87.9	2.51	-50.6	101.5	-29.9
1915957957	-7.39	-33.33	87.2	2.49	-50.0	100.5	-29.8
1917958958	-7.41	-33.91	86.3	2.49	-50.1	99.8	-30.2
1919959959	-7.42	-33.93	86.2	2.48	-50.0	99.7	-30.1
1921960960	-7.32	-33.70	86.8	2.51	-50.9	100.7	-30.4
1923961961	-7.21	-33.70	87.2	2.55	-52.1	101.5	-30.9
1925962962	-7.04	-33.75	87.5	2.60	-53.9	102.8	-31.6
1927963963	-6.86	-34.25	87.1	2.66	-56.1	103.6	-32.8
1929964964	-6.73	-34.89	86.3	2.71	-57.8	103.8	-33.8
1931965965	-6.47	-35.25	86.1	2.81	-61.0	105.5	-35.3
1933966966	-6.31	-36.28	84.3	2.87	-63.1	105.3	-36.8
1935967967	-6.07	-37.49	82.2	2.98	-66.0	105.4	-38.8
1937968968	-5.87	-38.32	80.5	3.07	-68.6	105.7	-40.4
1939969969	-5.71	-39.33	78.3	3.15	-70.4	105.3	-41.9
1941970970	-5.50	-40.80	75.1	3.27	-72.6	104.5	-44.0
1943971971	-5.39	-42.07	72.4	3.32	-73.4	103.1	-45.4
1945972972	-5.26	-42.88	70.5	3.41	-74.6	102.6	-46.6
1947973973	-5.10	-43.71	68.4	3.50	-76.0	102.2	-48.0
1949974974	-4.97	-44.67	66.1	3.59	-76.9	101.4	-49.3
1951975975	-4.80	-46.12	62.7	3.71	-77.8	99.9	-51.1
1953976976	-4.66	-46.98	60.5	3.82	-78.6	99.2	-52.4
1955977977	-4.54	-48.12	57.9	3.91	-78.8	97.8	-53.7
1957978978	-4.42	-49.22	55.5	4.01	-79.0	96.5	-54.9
1959979979	-4.29	-50.73	52.3	4.13	-78.7	94.5	-56.4
1961980980	-4.23	-51.71	50.5	4.19	-78.3	93.2	-57.2
1963981981	-4.13	-52.39	48.9	4.28	-78.4	92.4	-58.0
1965982982	-3.97	-53.35	46.4	4.45	-78.8	91.4	-59.5
1967983983	-3.84	-53.93	44.7	4.60	-79.2	90.9	-60.6
1969984984	-3.81	-54.87	43.4	4.63	-78.3	89.5	-61.0
1971985985	-3.77	-55.91	41.8	4.68	-77.4	88.0	-61.6
1973986986	-3.64	-56.66	40.0	4.84	-77.4	87.1	-62.7
1975987987	-3.53	-57.45	38.3	4.99	-77.2	86.2	-63.6
1977988988	-3.43	-57.97	37.0	5.13	-77.2	85.6	-64.4
1979989989	-3.39	-58.73	35.9	5.18	-76.6	84.6	-64.9
1981990990	-3.38	-59.44	35.1	5.20	-75.8	83.5	-65.1
1983991991	-3.29	-60.35	33.6	5.34	-75.2	82.3	-65.9
1985992992	-3.19	-61.07	32.1	5.51	-74.9	81.5	-66.8
1987993993	-3.12	-61.49	31.2	5.63	-74.7	81.0	-67.3
1989994994	-3.06	-62.19	30.2	5.73	-74.2	80.1	-67.8
1991995995	-3.05	-62.67	29.7	5.76	-73.6	79.4	-68.0
1993996996	-2.99	-63.40	28.7	5.86	-73.0	78.5	-68.5
1995997997	-2.97	-64.13	28.0	5.91	-72.3	77.5	-68.8
1997998998	-2.91	-64.68	27.1	6.03	-71.9	76.8	-69.3
1999999999	-2.85	-65.09	26.4	6.15	-71.6	76.3	-69.8
