1000000	-1.03	89.71	5.9	16.92	49.9	50.2	83.2
3001001	0.00	84.29	0.0	?	55.3	55.3	90.0
5002002	0.00	78.44	0.0	?	61.3	61.3	90.0
7003003	0.00	74.08	0.0	?	66.3	66.3	90.0
9004004	0.00	70.38	0.0	?	70.9	70.9	90.0
11005005	0.00	68.18	0.0	?	73.9	73.9	90.0
13006006	-0.01	65.98	0.1	034.52	77.0	77.0	90.0
15007007	-0.20	63.05	2.1	85.65	81.5	81.5	88.5
17008008	-0.26	61.43	2.9	65.79	84.1	84.1	88.0
19009009	-0.36	59.67	4.2	47.61	87.0	87.1	87.2
21010010	-0.42	58.04	5.1	41.63	89.9	90.0	86.8
23011011	-0.47	56.48	6.0	37.09	92.8	93.0	86.3
25012012	-0.52	55.02	7.0	33.20	95.6	95.9	85.8
27013013	-0.55	53.63	7.8	31.43	98.4	98.7	85.5
29014014	-0.58	52.26	8.6	29.78	101.3	101.7	85.1
31015015	-0.61	51.02	9.4	28.58	104.1	104.5	84.8
33016016	-0.62	49.86	10.0	27.96	106.8	107.3	84.6
35017017	-0.64	48.73	10.7	27.27	109.5	110.1	84.4
37018018	-0.64	47.64	11.2	27.12	112.3	112.9	84.3
39019019	-0.63	46.56	11.5	27.71	115.2	115.8	84.3
41020020	-0.63	45.52	11.9	27.76	118.2	118.8	84.2
43021021	-0.63	44.44	12.6	27.60	121.3	121.9	84.1
45022022	-0.64	43.52	13.3	27.10	124.0	124.7	83.9
47023023	-0.65	42.58	14.1	26.61	126.9	127.7	83.7
49024024	-0.66	41.78	14.8	26.27	129.5	130.4	83.5
51025025	-0.66	40.92	15.5	26.14	132.4	133.3	83.3
53026026	-0.68	40.13	16.5	25.51	135.1	136.1	83.1
55027027	-0.70	39.35	17.5	24.87	137.9	139.0	82.8
57028028	-0.72	38.61	18.6	24.25	140.5	141.8	82.5
59029029	-0.74	37.89	19.8	23.59	143.2	144.6	82.1
61030030	-0.77	37.20	21.3	22.70	145.8	147.3	81.7
63031031	-0.80	36.54	23.0	21.70	148.2	150.0	81.2
65032032	-0.84	35.90	24.8	20.81	150.7	152.7	80.7
67033033	-0.88	35.20	26.9	19.83	153.3	155.7	80.1
69034034	-0.92	34.55	29.2	18.87	155.8	158.5	79.4
71035035	-0.96	33.85	31.7	18.02	158.5	161.7	78.7
73036036	-1.03	33.10	35.0	16.93	161.3	165.0	77.8
75037037	-1.07	32.41	37.9	16.19	164.0	168.3	77.0
77038038	-1.14	31.65	41.8	15.25	166.7	171.9	75.9
79039039	-1.20	30.97	45.6	14.50	169.1	175.2	74.9
81040040	-1.27	30.17	50.3	13.66	171.8	179.1	73.7
83041041	-1.36	29.42	55.6	12.83	174.0	182.6	72.3
85042042	-1.44	28.66	61.2	12.06	175.9	186.2	70.8
87043043	-1.51	27.94	66.4	11.51	177.8	189.8	69.5
89044044	-1.58	27.12	72.3	11.01	180.1	194.1	68.1
91045045	-1.66	26.17	79.4	10.53	182.7	199.2	66.5
93046046	-1.73	25.23	87.1	10.05	184.7	204.2	64.7
95047047	-1.82	24.32	95.2	9.59	186.0	208.9	62.9
97048048	-1.89	23.40	103.5	9.22	187.2	213.9	61.1
99049049	-1.96	22.37	112.7	8.92	188.9	220.0	59.2
101050050	-2.02	21.23	123.5	8.63	190.4	227.0	57.0
103051051	-2.09	19.99	135.9	8.36	191.5	234.8	54.6
105052052	-2.16	18.68	149.9	8.10	191.4	243.1	51.9
107053053	-2.23	17.41	164.4	7.83	189.4	250.8	49.0
109054054	-2.31	16.13	179.5	7.57	185.4	258.1	45.9
111055055	-2.38	14.79	195.7	7.34	180.0	265.9	42.6
113056056	-2.44	13.47	211.7	7.15	172.9	273.3	39.2
115057057	-2.50	12.08	228.4	6.99	163.5	280.9	35.6
117058058	-2.55	10.57	246.6	6.86	151.9	289.6	31.6
119059059	-2.61	9.10	262.9	6.72	136.4	296.2	27.4
121060060	-2.65	7.49	279.2	6.59	117.2	302.8	22.8
123061061	-2.69	5.86	293.3	6.50	95.0	308.3	17.9
125062062	-2.74	4.23	303.2	6.39	69.7	311.1	12.9
127063063	-2.79	2.54	308.4	6.29	41.9	311.3	7.7
129064064	-2.80	0.79	311.9	6.25	13.1	312.2	2.4
131065065	-2.83	-0.94	308.7	6.19	-15.2	309.0	-2.8
133066066	-2.86	-2.67	300.3	6.13	-41.7	303.2	-7.9
135067067	-2.87	-4.48	289.0	6.10	-67.0	296.6	-13.0
137068068	-2.88	-6.36	273.8	6.08	-89.8	288.1	-18.2
139069069	-2.89	-8.18	256.8	6.07	-107.9	278.6	-22.8
141070070	-2.88	-10.23	236.8	6.10	-124.7	267.7	-27.8
143071071	-2.87	-12.25	216.1	6.11	-136.3	255.5	-32.2
145072072	-2.87	-14.21	196.4	6.11	-143.4	243.1	-36.1
147073073	-2.85	-16.32	176.6	6.16	-148.8	230.9	-40.1
149074074	-2.83	-18.42	158.2	6.19	-150.7	218.5	-43.6
151075075	-2.82	-20.59	141.1	6.22	-150.4	206.2	-46.8
153076076	-2.77	-22.75	125.7	6.31	-149.6	195.4	-50.0
155077077	-2.74	-24.98	111.6	6.39	-147.0	184.5	-52.8
157078078	-2.70	-27.27	98.9	6.48	-143.2	174.0	-55.4
159079079	-2.67	-29.58	87.7	6.56	-138.7	164.1	-57.7
161080080	-2.66	-31.97	78.1	6.59	-133.1	154.4	-59.6
163081081	-2.63	-34.31	69.9	6.65	-127.9	145.8	-61.4
165082082	-2.60	-36.52	63.0	6.72	-123.2	138.3	-62.9
167083083	-2.57	-38.70	57.0	6.80	-118.5	131.5	-64.3
169084084	-2.51	-40.90	51.2	6.96	-114.3	125.3	-65.9
171085085	-2.45	-43.10	46.1	7.15	-110.3	119.5	-67.3
173086086	-2.36	-45.50	40.9	7.41	-106.1	113.7	-68.9
175087087	-2.28	-48.15	36.1	7.67	-101.4	107.6	-70.4
177088088	-2.21	-50.79	32.1	7.91	-96.8	102.0	-71.7
179089089	-2.15	-53.62	28.6	8.11	-92.0	96.3	-72.7
181090090	-2.09	-56.45	25.5	8.34	-87.4	91.1	-73.7
183091091	-2.04	-59.32	22.9	8.57	-83.1	86.2	-74.6
185092092	-1.98	-62.34	20.5	8.81	-78.8	81.4	-75.4
187093093	-1.95	-65.66	18.5	8.95	-74.3	76.6	-76.1
189094094	-1.89	-68.96	16.5	9.21	-70.2	72.1	-76.8
191095095	-1.83	-72.56	14.7	9.51	-66.0	67.6	-77.4
193096096	-1.79	-76.65	13.1	9.74	-61.6	62.9	-78.0
195097097	-1.75	-81.22	11.7	9.94	-56.9	58.1	-78.4
197098098	-1.79	-86.79	10.8	9.72	-51.7	52.8	-78.2
199099099	-1.81	-92.70	9.8	9.63	-46.7	47.7	-78.1
201100100	-1.92	-98.37	9.5	9.11	-42.3	43.3	-77.3
203101101	-1.97	-105.52	8.9	8.84	-37.2	38.3	-76.6
205102102	-2.09	-112.90	8.6	8.34	-32.5	33.6	-75.2
207103103	-2.26	-120.89	8.5	7.75	-27.7	29.0	-73.0
209104104	-2.51	-129.64	8.7	6.96	-22.9	24.5	-69.1
211105105	-2.89	-139.88	9.3	6.06	-17.7	20.0	-62.2
213106106	-3.38	-151.92	10.2	5.21	-12.0	15.7	-49.7
215107107	-4.10	-165.91	11.7	4.32	-5.8	13.1	-26.5
217108108	-4.99	178.85	14.0	3.58	0.5	14.0	1.9
219109109	-5.92	162.03	16.8	3.05	7.0	18.2	22.7
221110110	-6.72	143.23	20.2	2.71	14.1	24.6	35.0
223111111	-7.19	123.56	24.2	2.55	21.8	32.5	42.0
225112112	-7.20	105.26	28.5	2.55	29.7	41.1	46.2
227113113	-6.69	88.99	32.8	2.72	38.6	50.7	49.7
229114114	-5.90	75.15	37.2	3.06	49.1	61.7	52.8
231115115	-5.05	62.22	43.4	3.54	62.5	76.1	55.2
233116116	-4.30	50.70	52.4	4.12	78.7	94.6	56.3
235117117	-3.72	40.80	65.7	4.74	97.2	117.3	56.0
237118118	-3.27	32.28	85.1	5.38	118.1	145.6	54.2
239119119	-2.90	24.77	114.7	6.04	141.2	182.0	50.9
241120120	-2.65	17.95	162.1	6.60	161.0	228.5	44.8
243121121	-2.45	11.98	231.2	7.13	167.7	285.6	36.0
245122122	-2.30	6.47	322.0	7.61	135.6	349.4	22.8
247123123	-2.18	1.45	396.0	8.00	39.4	398.0	5.7
249124124	-2.10	-3.14	394.7	8.30	-88.5	404.5	-12.6
251125125	-2.06	-7.50	324.9	8.46	-177.0	370.0	-28.6
253126126	-2.01	-11.45	249.4	8.67	-211.8	327.2	-40.3
255127127	-1.98	-15.21	188.1	8.83	-215.0	285.6	-48.8
257128128	-1.94	-18.67	144.9	9.01	-206.3	252.1	-54.9
259129129	-1.91	-22.09	113.5	9.13	-192.5	223.4	-59.5
261130130	-1.89	-25.45	90.9	9.22	-177.8	199.7	-62.9
263131131	-1.86	-28.66	74.2	9.36	-164.7	180.6	-65.7
265132132	-1.85	-31.54	62.9	9.44	-153.4	165.8	-67.7
267133133	-1.83	-34.33	54.1	9.51	-143.4	153.3	-69.3
269134134	-1.77	-36.96	46.4	9.82	-135.5	143.2	-71.1
271135135	-1.72	-39.58	40.0	10.15	-128.0	134.1	-72.7
273136136	-1.64	-42.23	34.3	10.60	-121.1	125.9	-74.2
275137137	-1.58	-44.73	29.9	11.02	-114.9	118.8	-75.4
277138138	-1.52	-47.37	26.1	11.43	-108.8	111.9	-76.5
279139139	-1.47	-49.92	23.0	11.84	-103.2	105.8	-77.5
281140140	-1.43	-52.31	20.6	12.18	-98.4	100.5	-78.2
283141141	-1.38	-54.70	18.3	12.62	-93.9	95.6	-78.9
285142142	-1.33	-56.97	16.4	13.12	-89.8	91.3	-79.6
287143143	-1.28	-59.17	14.9	13.58	-86.1	87.4	-80.2
289144144	-1.23	-61.33	13.4	14.09	-82.7	83.8	-80.8
291145145	-1.19	-63.38	12.2	14.67	-79.6	80.6	-81.3
293146146	-1.15	-65.38	11.2	15.16	-76.8	77.6	-81.7
295147147	-1.12	-67.32	10.4	15.56	-74.1	74.8	-82.0
297148148	-1.09	-69.24	9.6	15.94	-71.5	72.2	-82.3
299149149	-1.06	-71.02	9.0	16.38	-69.3	69.9	-82.6
301150150	-1.02	-72.72	8.3	17.01	-67.3	67.8	-83.0
303151151	-1.00	-74.39	7.8	17.44	-65.3	65.8	-83.2
305152152	-0.98	-76.06	7.4	17.74	-63.4	63.8	-83.4
307153153	-0.95	-77.68	6.9	18.30	-61.6	62.0	-83.6
309154154	-0.94	-79.24	6.6	18.56	-60.0	60.3	-83.7
311155155	-0.92	-80.72	6.3	18.90	-58.4	58.8	-83.9
313156156	-0.90	-82.25	5.9	19.38	-56.9	57.2	-84.0
315157157	-0.88	-83.72	5.7	19.65	-55.5	55.8	-84.1
317158158	-0.86	-85.21	5.4	20.14	-54.1	54.3	-84.3
319159159	-0.85	-86.59	5.2	20.55	-52.8	53.1	-84.4
321160160	-0.82	-88.04	4.9	21.11	-51.5	51.7	-84.6
323161161	-0.81	-89.49	4.7	21.52	-50.2	50.4	-84.7
325162162	-0.80	-90.97	4.5	21.67	-49.0	49.2	-84.7
327163163	-0.80	-92.40	4.4	21.71	-47.8	48.0	-84.7
329164164	-0.79	-93.82	4.3	21.94	-46.6	46.8	-84.8
331165165	-0.78	-95.31	4.1	22.42	-45.4	45.6	-84.9
333166166	-0.77	-96.86	4.0	22.49	-44.2	44.4	-84.9
335167167	-0.77	-98.33	3.9	22.58	-43.1	43.2	-84.9
337168168	-0.78	-99.80	3.8	22.23	-42.0	42.1	-84.8
339169169	-0.79	-101.39	3.8	21.98	-40.8	41.0	-84.7
341170170	-0.80	-102.93	3.8	21.63	-39.7	39.9	-84.6
343171171	-0.81	-104.54	3.7	21.40	-38.5	38.7	-84.5
345172172	-0.83	-106.09	3.7	21.01	-37.5	37.7	-84.3
347173173	-0.83	-107.54	3.7	20.92	-36.5	36.7	-84.3
349174174	-0.84	-109.16	3.6	20.66	-35.4	35.6	-84.1
351175175	-0.85	-110.81	3.6	20.44	-34.4	34.6	-84.0
353176176	-0.86	-112.30	3.6	20.22	-33.4	33.6	-83.9
355177177	-0.87	-113.78	3.6	19.99	-32.5	32.7	-83.7
357178178	-0.89	-115.36	3.6	19.64	-31.5	31.7	-83.6
359179179	-0.89	-116.87	3.5	19.57	-30.6	30.8	-83.4
361180180	-0.90	-118.48	3.5	19.36	-29.7	29.9	-83.3
363181181	-0.90	-120.03	3.5	19.27	-28.7	29.0	-83.1
365182182	-0.92	-121.60	3.5	18.98	-27.8	28.1	-82.9
367183183	-0.92	-123.18	3.4	18.88	-27.0	27.2	-82.8
369184184	-0.91	-124.70	3.3	19.06	-26.1	26.3	-82.7
371185185	-0.91	-126.11	3.3	19.13	-25.3	25.5	-82.6
373186186	-0.92	-127.65	3.3	19.00	-24.5	24.7	-82.4
375187187	-0.91	-129.13	3.2	19.05	-23.7	23.9	-82.3
377188188	-0.90	-130.60	3.1	19.23	-22.9	23.1	-82.2
379189189	-0.90	-132.00	3.1	19.25	-22.2	22.4	-82.0
381190190	-0.90	-133.42	3.1	19.41	-21.5	21.7	-81.9
383191191	-0.88	-134.75	3.0	19.68	-20.8	21.0	-81.8
385192192	-0.87	-136.14	2.9	19.98	-20.1	20.3	-81.8
387193193	-0.87	-137.48	2.9	20.08	-19.4	19.6	-81.6
389194194	-0.86	-138.81	2.8	20.24	-18.7	18.9	-81.4
391195195	-0.85	-140.14	2.8	20.43	-18.1	18.3	-81.3
393196196	-0.84	-141.33	2.7	20.62	-17.5	17.7	-81.2
395197197	-0.83	-142.61	2.7	20.87	-16.9	17.1	-81.0
397198198	-0.82	-143.91	2.6	21.17	-16.3	16.5	-80.9
399199199	-0.81	-145.07	2.6	21.44	-15.7	15.9	-80.7
401200200	-0.80	-146.25	2.5	21.61	-15.1	15.3	-80.5
403201201	-0.80	-147.40	2.5	21.81	-14.6	14.8	-80.3
405202202	-0.80	-148.58	2.5	21.83	-14.0	14.2	-80.0
407203203	-0.79	-149.69	2.4	22.08	-13.5	13.7	-79.8
409204204	-0.78	-150.79	2.4	22.22	-13.0	13.2	-79.5
411205205	-0.78	-151.85	2.4	22.28	-12.5	12.7	-79.2
413206206	-0.78	-152.92	2.4	22.21	-12.0	12.2	-78.8
415207207	-0.79	-153.95	2.4	22.09	-11.5	11.8	-78.3
417208208	-0.79	-154.98	2.4	22.03	-11.1	11.3	-77.9
419209209	-0.80	-155.99	2.4	21.75	-10.6	10.9	-77.2
421210210	-0.81	-156.97	2.4	21.45	-10.2	10.4	-76.6
423211211	-0.82	-157.92	2.4	21.19	-9.7	10.0	-75.9
425212212	-0.83	-158.90	2.5	21.02	-9.3	9.6	-75.2
427213213	-0.85	-159.83	2.5	20.54	-8.9	9.2	-74.2
429214214	-0.86	-160.82	2.5	20.30	-8.4	8.8	-73.3
431215215	-0.87	-161.79	2.6	19.90	-8.0	8.4	-72.1
433216216	-0.89	-162.71	2.6	19.45	-7.6	8.0	-70.9
435217217	-0.91	-163.62	2.7	19.06	-7.2	7.7	-69.5
437218218	-0.94	-164.56	2.7	18.60	-6.8	7.3	-67.9
439219219	-0.96	-165.47	2.8	18.11	-6.4	6.9	-66.2
441220220	-0.98	-166.41	2.9	17.78	-5.9	6.6	-64.4
443221221	-1.01	-167.35	2.9	17.28	-5.5	6.3	-62.1
445222222	-1.03	-168.18	3.0	16.90	-5.2	6.0	-59.9
447223223	-1.06	-169.15	3.1	16.43	-4.7	5.6	-57.0
449224224	-1.09	-170.09	3.2	15.90	-4.3	5.4	-53.7
451225225	-1.12	-171.10	3.2	15.56	-3.9	5.0	-50.2
453226226	-1.14	-171.98	3.3	15.30	-3.5	4.8	-46.8
455227227	-1.17	-172.89	3.4	14.89	-3.1	4.6	-42.5
457228228	-1.20	-173.89	3.5	14.51	-2.7	4.4	-37.5
459229229	-1.22	-174.88	3.5	14.30	-2.2	4.1	-32.4
461230230	-1.25	-175.83	3.6	13.97	-1.8	4.0	-26.8
463231231	-1.27	-176.82	3.6	13.71	-1.4	3.9	-20.7
465232232	-1.29	-177.81	3.7	13.48	-0.9	3.8	-14.4
467233233	-1.32	-178.74	3.8	13.22	-0.5	3.8	-8.2
469234234	-1.34	-179.80	3.8	13.03	-0.1	3.8	-1.3
471235235	-1.36	179.17	3.9	12.84	0.4	3.9	5.3
473236236	-1.37	178.16	3.9	12.69	0.8	4.0	11.4
475237237	-1.38	177.12	4.0	12.57	1.3	4.2	17.5
477238238	-1.40	176.14	4.0	12.40	1.7	4.4	22.5
479239239	-1.41	175.11	4.1	12.31	2.1	4.6	27.5
481240240	-1.42	174.05	4.1	12.23	2.6	4.8	32.2
483241241	-1.44	172.98	4.1	12.11	3.0	5.1	36.3
485242242	-1.44	171.91	4.2	12.05	3.5	5.5	40.1
487243243	-1.46	170.90	4.2	11.96	4.0	5.8	43.2
489244244	-1.46	169.85	4.2	11.91	4.4	6.1	46.2
491245245	-1.47	168.79	4.3	11.88	4.9	6.5	48.9
493246246	-1.47	167.75	4.3	11.82	5.3	6.8	51.2
495247247	-1.47	166.71	4.3	11.82	5.8	7.2	53.5
497248248	-1.48	165.67	4.3	11.77	6.2	7.6	55.3
499249249	-1.47	164.59	4.3	11.85	6.7	8.0	57.4
501250250	-1.46	163.53	4.3	11.89	7.2	8.4	59.1
503251251	-1.46	162.49	4.3	11.93	7.6	8.8	60.7
505252252	-1.45	161.43	4.3	11.98	8.1	9.2	62.2
507253253	-1.45	160.41	4.3	11.99	8.6	9.6	63.4
509254254	-1.45	159.37	4.3	11.99	9.0	10.0	64.5
511255255	-1.46	158.27	4.3	11.95	9.5	10.5	65.5
513256256	-1.45	157.18	4.3	12.01	10.0	10.9	66.6
515257257	-1.44	156.13	4.3	12.10	10.5	11.3	67.6
517258258	-1.44	155.09	4.3	12.10	11.0	11.8	68.4
519259259	-1.44	154.04	4.4	12.06	11.4	12.2	69.1
521260260	-1.44	153.00	4.4	12.07	11.9	12.7	69.8
523261261	-1.45	151.97	4.4	12.03	12.4	13.2	70.4
525262262	-1.43	150.81	4.4	12.14	12.9	13.7	71.2
527263263	-1.44	149.75	4.4	12.11	13.4	14.1	71.7
529264264	-1.44	148.64	4.5	12.05	13.9	14.6	72.2
531265265	-1.44	147.47	4.5	12.05	14.5	15.2	72.7
533266266	-1.45	146.31	4.5	12.00	15.0	15.7	73.2
535267267	-1.45	145.23	4.6	11.99	15.5	16.2	73.6
537268268	-1.46	144.09	4.6	11.95	16.1	16.7	74.0
539269269	-1.46	142.94	4.6	11.95	16.6	17.3	74.4
541270270	-1.47	141.72	4.7	11.83	17.2	17.9	74.6
543271271	-1.48	140.62	4.8	11.77	17.7	18.4	74.9
545272272	-1.51	139.43	4.9	11.56	18.3	19.0	75.0
547273273	-1.52	138.15	5.0	11.47	19.0	19.6	75.2
549274274	-1.54	136.92	5.1	11.34	19.6	20.2	75.4
551275275	-1.56	135.71	5.2	11.15	20.2	20.8	75.5
553276276	-1.59	134.40	5.4	10.94	20.8	21.5	75.5
555277277	-1.63	133.15	5.5	10.68	21.4	22.1	75.5
557278278	-1.66	131.85	5.7	10.51	22.1	22.8	75.6
559279279	-1.69	130.60	5.9	10.33	22.7	23.5	75.6
561280280	-1.73	129.29	6.0	10.10	23.4	24.2	75.5
563281281	-1.77	127.97	6.3	9.83	24.1	24.9	75.4
565282282	-1.81	126.66	6.5	9.61	24.8	25.6	75.3
567283283	-1.88	125.46	6.8	9.26	25.4	26.3	75.0
569284284	-1.95	124.29	7.1	8.96	26.0	27.0	74.7
571285285	-2.00	122.95	7.4	8.73	26.7	27.7	74.5
573286286	-2.07	121.79	7.7	8.45	27.3	28.4	74.2
575287287	-2.12	120.70	8.0	8.22	27.9	29.0	74.0
577288288	-2.19	119.64	8.4	7.97	28.5	29.7	73.7
579289289	-2.25	118.60	8.7	7.76	29.0	30.3	73.4
581290290	-2.31	117.65	9.0	7.55	29.5	30.9	73.1
583291291	-2.36	116.78	9.2	7.42	30.0	31.4	72.9
585292292	-2.40	116.02	9.5	7.29	30.4	31.9	72.7
587293293	-2.42	115.12	9.7	7.21	30.9	32.4	72.7
589294294	-2.42	114.36	9.7	7.23	31.4	32.8	72.8
591295295	-2.41	113.52	9.8	7.26	31.9	33.3	73.0
593296296	-2.38	112.71	9.8	7.33	32.4	33.8	73.2
595297297	-2.35	111.78	9.7	7.45	33.0	34.4	73.6
597298298	-2.29	110.85	9.6	7.62	33.6	34.9	74.0
599299299	-2.25	109.78	9.6	7.76	34.3	35.6	74.4
601300300	-2.20	108.58	9.5	7.93	35.1	36.3	74.9
603301301	-2.16	107.51	9.4	8.07	35.8	37.0	75.2
605302302	-2.13	106.28	9.4	8.20	36.6	37.8	75.5
607303303	-2.06	105.07	9.3	8.48	37.5	38.6	76.1
609304304	-2.02	103.91	9.2	8.65	38.3	39.4	76.4
611305305	-1.97	102.71	9.2	8.87	39.2	40.2	76.8
613306306	-1.91	101.29	9.1	9.12	40.2	41.2	77.2
615307307	-1.87	99.99	9.1	9.34	41.1	42.1	77.6
617308308	-1.83	98.73	9.0	9.54	42.1	43.1	77.9
619309309	-1.78	97.47	9.0	9.77	43.1	44.0	78.2
621310310	-1.75	96.20	9.0	9.98	44.1	45.0	78.5
623311311	-1.72	94.92	9.0	10.15	45.1	46.0	78.7
625312312	-1.69	93.73	9.0	10.32	46.0	46.9	78.9
627313313	-1.65	92.49	9.0	10.54	47.1	47.9	79.2
629314314	-1.61	91.16	9.0	10.82	48.2	49.0	79.4
631315315	-1.56	89.96	8.9	11.15	49.2	50.0	79.8
633316316	-1.55	88.93	9.0	11.25	50.1	50.9	79.8
635317317	-1.52	87.76	9.0	11.43	51.2	52.0	80.0
637318318	-1.50	86.53	9.1	11.64	52.3	53.1	80.2
639319319	-1.45	85.36	9.0	12.03	53.4	54.2	80.5
641320320	-1.42	84.23	9.0	12.26	54.5	55.2	80.6
643321321	-1.41	83.16	9.1	12.33	55.5	56.3	80.7
645322322	-1.39	81.95	9.2	12.51	56.7	57.5	80.8
647323323	-1.37	80.84	9.3	12.66	57.8	58.6	80.9
649324324	-1.35	79.78	9.4	12.86	59.0	59.7	81.0
651325325	-1.34	78.70	9.5	12.96	60.1	60.8	81.0
653326326	-1.33	77.54	9.7	13.06	61.3	62.1	81.0
655327327	-1.32	76.49	9.8	13.14	62.5	63.3	81.1
657328328	-1.32	75.37	10.1	13.17	63.7	64.5	81.0
659329329	-1.33	74.13	10.4	13.12	65.2	66.0	80.9
661330330	-1.32	72.68	10.7	13.20	66.9	67.7	80.9
663331331	-1.31	71.50	10.9	13.28	68.3	69.2	80.9
665332332	-1.31	70.31	11.3	13.24	69.8	70.7	80.8
667333333	-1.34	69.21	11.8	12.96	71.1	72.1	80.6
669334334	-1.35	67.99	12.2	12.94	72.7	73.8	80.5
671335335	-1.35	66.80	12.6	12.92	74.4	75.4	80.4
673336336	-1.35	65.54	13.1	12.85	76.1	77.2	80.2
675337337	-1.36	64.38	13.6	12.79	77.7	78.9	80.1
677338338	-1.41	63.18	14.5	12.39	79.4	80.7	79.7
679339339	-1.43	61.85	15.3	12.18	81.4	82.8	79.4
681340340	-1.45	60.70	16.0	12.03	83.1	84.6	79.1
683341341	-1.47	59.39	16.8	11.84	85.2	86.8	78.8
685342342	-1.50	57.93	17.9	11.62	87.5	89.4	78.4
687343343	-1.53	56.49	19.1	11.37	89.9	92.0	78.0
689344344	-1.57	55.14	20.5	11.06	92.2	94.5	77.5
691345345	-1.59	53.59	21.8	10.94	95.1	97.5	77.1
693346346	-1.63	52.08	23.4	10.68	97.8	100.6	76.5
695347347	-1.67	50.43	25.4	10.42	101.0	104.2	75.9
697348348	-1.70	48.76	27.4	10.22	104.4	107.9	75.3
699349349	-1.74	47.10	29.7	10.01	107.9	111.9	74.6
701350350	-1.77	45.43	32.2	9.83	111.6	116.2	73.9
703351351	-1.81	43.69	35.2	9.61	115.6	120.8	73.1
705352352	-1.84	41.88	38.5	9.46	120.0	126.1	72.2
707353353	-1.88	40.07	42.2	9.27	124.6	131.6	71.3
709354354	-1.92	38.10	46.8	9.11	129.9	138.1	70.2
711355355	-1.95	36.22	51.7	8.96	135.3	144.8	69.1
713356356	-1.98	34.14	58.0	8.81	141.4	152.8	67.7
715357357	-2.02	32.15	65.0	8.64	147.4	161.1	66.2
717358358	-2.06	30.09	73.3	8.49	153.9	170.4	64.5
719359359	-2.09	28.09	82.6	8.37	160.4	180.4	62.8
721360360	-2.13	26.04	93.9	8.21	166.7	191.4	60.6
723361361	-2.16	23.93	107.2	8.10	173.4	203.9	58.3
725362362	-2.17	21.82	122.5	8.05	180.4	218.1	55.8
727363363	-2.21	19.58	142.3	7.90	185.4	233.7	52.5
729364364	-2.23	17.40	164.5	7.82	189.3	250.8	49.0
731365365	-2.28	15.19	190.7	7.65	188.0	267.8	44.6
733366366	-2.32	13.03	219.3	7.54	183.2	285.8	39.9
735367367	-2.35	10.83	250.5	7.43	171.8	303.7	34.4
737368368	-2.40	8.64	281.4	7.29	151.2	319.5	28.3
739369369	-2.45	6.39	309.1	7.14	120.4	331.7	21.3
741370370	-2.51	4.20	327.6	6.97	81.8	337.6	14.0
743371371	-2.57	2.25	334.1	6.80	43.7	337.0	7.4
745372372	-2.63	-0.06	332.2	6.64	-1.1	332.2	-0.2
747373373	-2.73	-2.16	316.3	6.42	-37.2	318.5	-6.7
749374374	-2.82	-4.17	296.4	6.22	-65.3	303.5	-12.4
751375375	-2.92	-6.14	272.9	6.01	-85.2	285.9	-17.3
753376376	-3.04	-7.90	250.4	5.78	-96.5	268.3	-21.1
755377377	-3.16	-9.73	228.8	5.56	-104.0	251.3	-24.4
757378378	-3.27	-11.20	212.5	5.38	-107.2	238.0	-26.8
759379379	-3.38	-12.74	197.1	5.21	-109.0	225.3	-29.0
761380380	-3.50	-14.28	182.8	5.03	-108.9	212.8	-30.8
763381381	-3.63	-15.70	170.8	4.86	-107.5	201.8	-32.2
765382382	-3.72	-16.91	161.9	4.74	-106.7	193.9	-33.4
767383383	-3.81	-18.07	154.0	4.64	-105.6	186.7	-34.4
769384384	-3.91	-19.15	147.0	4.52	-103.6	179.8	-35.2
771385385	-3.99	-20.30	140.4	4.43	-102.5	173.8	-36.1
773386386	-4.06	-21.25	135.2	4.35	-101.0	168.8	-36.8
775387387	-4.12	-22.32	129.9	4.30	-100.3	164.1	-37.7
777388388	-4.15	-23.37	125.1	4.26	-100.0	160.1	-38.6
779389389	-4.22	-24.45	120.3	4.20	-98.5	155.5	-39.3
781390390	-4.27	-25.53	115.8	4.15	-97.7	151.5	-40.1
783391391	-4.31	-26.51	112.0	4.11	-96.6	147.9	-40.8
785392392	-4.35	-27.42	108.6	4.07	-95.7	144.7	-41.4
787393393	-4.36	-28.23	105.7	4.07	-95.5	142.5	-42.1
789394394	-4.38	-28.96	103.2	4.05	-94.9	140.2	-42.6
791395395	-4.40	-29.82	100.3	4.03	-94.4	137.7	-43.3
793396396	-4.37	-30.59	97.7	4.06	-94.9	136.2	-44.2
795397397	-4.33	-31.15	95.8	4.10	-95.5	135.3	-44.9
797398398	-4.23	-31.82	93.4	4.18	-97.1	134.7	-46.1
799399399	-4.10	-32.68	90.1	4.32	-99.4	134.1	-47.8
801400400	-3.96	-33.60	86.5	4.47	-101.5	133.4	-49.6
803401401	-3.81	-34.71	82.1	4.63	-103.2	131.9	-51.5
805402402	-3.63	-35.97	77.0	4.85	-105.1	130.3	-53.8
807403403	-3.44	-37.63	70.7	5.11	-106.1	127.5	-56.3
809404404	-3.25	-39.59	63.8	5.41	-106.2	123.8	-59.0
811405405	-3.06	-41.76	56.7	5.74	-105.1	119.5	-61.6
813406406	-2.92	-44.21	50.3	6.01	-102.5	114.2	-63.9
815407407	-2.81	-46.80	44.7	6.24	-99.0	108.6	-65.7
817408408	-2.67	-49.47	39.2	6.57	-95.6	103.3	-67.7
819409409	-2.59	-52.21	35.0	6.76	-91.5	97.9	-69.0
821410410	-2.54	-54.95	31.6	6.89	-87.3	92.9	-70.1
823411411	-2.48	-57.88	28.4	7.06	-83.2	87.9	-71.1
825412412	-2.44	-60.73	25.8	7.17	-79.2	83.3	-71.9
827413413	-2.42	-63.49	23.8	7.21	-75.5	79.1	-72.5
829414414	-2.39	-66.38	21.9	7.30	-71.9	75.1	-73.1
831415415	-2.39	-69.10	20.4	7.32	-68.6	71.5	-73.4
833416416	-2.39	-71.82	19.2	7.31	-65.4	68.2	-73.6
835417417	-2.38	-74.54	18.0	7.34	-62.5	65.0	-73.9
837418418	-2.39	-77.22	17.1	7.31	-59.7	62.1	-74.0
839419419	-2.42	-79.72	16.4	7.23	-57.2	59.5	-74.0
841420420	-2.40	-82.36	15.5	7.27	-54.7	56.9	-74.2
843421421	-2.41	-84.87	14.8	7.26	-52.5	54.5	-74.3
845422422	-2.41	-87.23	14.2	7.26	-50.4	52.4	-74.3
847423423	-2.43	-89.52	13.8	7.18	-48.5	50.4	-74.1
849424424	-2.45	-91.64	13.4	7.13	-46.8	48.6	-74.0
851425425	-2.46	-94.01	12.9	7.11	-44.9	46.7	-73.9
853426426	-2.45	-96.26	12.4	7.13	-43.3	45.0	-74.0
855427427	-2.47	-98.37	12.1	7.09	-41.7	43.4	-73.8
857428428	-2.49	-100.43	11.9	7.02	-40.2	41.9	-73.5
859429429	-2.52	-102.47	11.7	6.95	-38.8	40.5	-73.3
861430430	-2.54	-104.44	11.5	6.90	-37.5	39.2	-73.0
863431431	-2.54	-106.44	11.2	6.88	-36.2	37.9	-72.8
865432432	-2.54	-108.38	10.9	6.88	-34.9	36.6	-72.6
867433433	-2.56	-110.33	10.8	6.83	-33.7	35.4	-72.3
869434434	-2.62	-112.20	10.7	6.68	-32.5	34.2	-71.7
871435435	-2.64	-114.05	10.6	6.64	-31.4	33.1	-71.3
873436436	-2.66	-115.88	10.5	6.58	-30.3	32.1	-70.9
875437437	-2.70	-117.68	10.4	6.49	-29.3	31.1	-70.4
877438438	-2.72	-119.56	10.3	6.43	-28.2	30.0	-69.9
879439439	-2.75	-121.36	10.2	6.37	-27.2	29.0	-69.3
881440440	-2.78	-123.05	10.2	6.30	-26.2	28.2	-68.8
883441441	-2.82	-124.79	10.2	6.22	-25.3	27.3	-68.1
885442442	-2.82	-126.58	10.0	6.21	-24.3	26.3	-67.6
887443443	-2.84	-128.30	9.9	6.17	-23.4	25.5	-67.0
889444444	-2.86	-130.14	9.9	6.13	-22.5	24.6	-66.3
891445445	-2.88	-131.88	9.8	6.08	-21.6	23.7	-65.6
893446446	-2.89	-133.63	9.7	6.06	-20.7	22.9	-64.9
895447447	-2.92	-135.44	9.7	6.01	-19.8	22.1	-64.0
897448448	-2.92	-137.16	9.6	6.00	-19.0	21.3	-63.2
899449449	-2.94	-138.95	9.5	5.97	-18.1	20.5	-62.3
901450450	-2.93	-140.70	9.4	5.98	-17.3	19.7	-61.5
903451451	-2.93	-142.52	9.3	5.98	-16.4	18.9	-60.5
905452452	-2.93	-144.19	9.2	5.98	-15.7	18.2	-59.5
907453453	-2.93	-145.93	9.1	5.99	-14.9	17.4	-58.5
909454454	-2.92	-147.65	9.0	6.01	-14.1	16.7	-57.4
911455455	-2.90	-149.32	8.9	6.05	-13.3	16.0	-56.3
913456456	-2.87	-151.00	8.7	6.11	-12.6	15.3	-55.2
915457457	-2.84	-152.78	8.6	6.17	-11.8	14.6	-53.9
917458458	-2.81	-154.42	8.4	6.23	-11.0	13.9	-52.6
919459459	-2.80	-156.00	8.3	6.27	-10.3	13.3	-51.2
921460460	-2.75	-157.51	8.2	6.37	-9.7	12.7	-49.9
923461461	-2.71	-159.16	8.0	6.45	-9.0	12.0	-48.2
925462462	-2.67	-160.66	7.8	6.55	-8.3	11.4	-46.7
927463463	-2.63	-162.18	7.7	6.66	-7.7	10.9	-44.9
929464464	-2.58	-163.65	7.5	6.79	-7.0	10.3	-43.1
931465465	-2.53	-165.07	7.3	6.93	-6.4	9.7	-41.1
933466466	-2.48	-166.51	7.2	7.05	-5.8	9.2	-38.8
935467467	-2.42	-167.79	7.0	7.22	-5.2	8.7	-36.8
937468468	-2.37	-169.16	6.8	7.38	-4.7	8.3	-34.3
939469469	-2.32	-170.45	6.7	7.55	-4.1	7.8	-31.6
941470470	-2.27	-171.79	6.5	7.68	-3.5	7.4	-28.3
943471471	-2.20	-173.01	6.3	7.93	-3.0	7.0	-25.4
945472472	-2.15	-174.24	6.2	8.12	-2.5	6.7	-21.9
947473473	-2.09	-175.45	6.0	8.35	-2.0	6.3	-18.1
949474474	-2.03	-176.65	5.8	8.58	-1.4	6.0	-13.9
951475475	-1.97	-177.84	5.7	8.84	-0.9	5.7	-9.3
953476476	-1.93	-179.01	5.5	9.05	-0.4	5.5	-4.4
955477477	-1.87	179.98	5.4	9.33	0.0	5.4	0.1
957478478	-1.81	178.86	5.2	9.63	0.5	5.2	5.4
959479479	-1.76	177.74	5.0	9.92	1.0	5.1	11.0
961480480	-1.69	176.59	4.9	10.28	1.5	5.1	16.8
963481481	-1.63	175.52	4.7	10.68	1.9	5.1	22.5
965482482	-1.59	174.48	4.6	10.93	2.4	5.2	27.5
967483483	-1.54	173.44	4.4	11.31	2.8	5.3	32.6
969484484	-1.48	172.32	4.3	11.75	3.3	5.4	37.9
971485485	-1.42	171.29	4.1	12.23	3.8	5.6	42.6
973486486	-1.37	170.21	4.0	12.72	4.3	5.8	47.0
975487487	-1.31	169.18	3.8	13.27	4.7	6.1	51.1
977488488	-1.26	168.17	3.7	13.82	5.2	6.3	54.6
979489489	-1.21	167.05	3.5	14.37	5.6	6.7	58.0
981490490	-1.15	166.04	3.4	15.10	6.1	7.0	61.1
983491491	-1.10	164.94	3.2	15.78	6.6	7.3	63.9
985492492	-1.05	163.90	3.1	16.59	7.0	7.7	66.4
987493493	-1.00	162.88	2.9	17.47	7.5	8.1	68.7
989494494	-0.94	161.81	2.8	18.49	8.0	8.4	70.8
991495495	-0.87	160.75	2.6	19.89	8.5	8.8	73.0
993496496	-0.82	159.52	2.4	21.17	9.0	9.3	74.9
995497497	-0.78	158.45	2.3	22.31	9.5	9.8	76.3
997498498	-0.72	157.37	2.2	24.12	10.0	10.2	77.8
999499499	-0.66	156.18	2.0	26.19	10.5	10.7	79.3
1001500500	-0.60	155.18	1.8	29.00	11.0	11.1	80.7
1003501501	-0.54	154.06	1.6	32.21	11.5	11.6	81.9
1005502502	-0.49	152.93	1.5	35.70	12.0	12.1	83.0
1007503503	-0.43	151.84	1.3	40.46	12.5	12.6	84.0
1009504504	-0.37	150.64	1.1	47.28	13.1	13.1	85.1
1011505505	-0.28	149.52	0.9	61.29	13.6	13.6	86.3
1013506506	-0.22	148.30	0.7	79.88	14.2	14.2	87.3
1015507507	-0.16	147.22	0.5	110.12	14.7	14.7	88.1
1017508508	-0.10	145.92	0.3	178.51	15.3	15.3	88.9
1019509509	-0.01	144.88	0.0	506.59	15.8	15.8	89.9
1021510510	0.00	143.73	0.0	?	16.4	16.4	90.0
1023511511	0.00	142.52	0.0	?	17.0	17.0	90.0
1025512512	0.00	141.38	0.0	?	17.5	17.5	90.0
1027513513	0.00	140.18	0.0	?	18.1	18.1	90.0
1029514514	0.00	138.80	0.0	?	18.8	18.8	90.0
1031515515	0.00	137.83	0.0	?	19.3	19.3	90.0
1033516516	0.00	136.58	0.0	?	19.9	19.9	90.0
1035517517	0.00	135.35	0.0	?	20.5	20.5	90.0
1037518518	0.00	134.26	0.0	?	21.1	21.1	90.0
1039519519	0.00	133.01	0.0	?	21.7	21.7	90.0
1041520520	0.00	131.87	0.0	?	22.3	22.3	90.0
1043521521	0.00	130.66	0.0	?	23.0	23.0	90.0
1045522522	-1.28	-177.01	3.7	13.60	-1.3	3.9	-19.4
1047523523	0.00	170.59	0.0	?	4.1	4.1	90.0
1049524524	0.00	126.06	0.0	?	25.4	25.4	90.0
1051525525	0.00	119.62	0.0	?	29.1	29.1	90.0
1053526526	0.00	117.94	0.0	?	30.1	30.1	90.0
1055527527	0.00	116.53	0.0	?	30.9	30.9	90.0
1057528528	0.00	114.76	0.0	?	32.0	32.0	90.0
1059529529	0.00	113.07	0.0	?	33.1	33.1	90.0
1061530530	0.00	111.51	0.0	?	34.0	34.0	90.0
1063531531	0.00	109.70	0.0	?	35.2	35.2	90.0
1065532532	0.00	107.99	0.0	?	36.3	36.3	90.0
1067533533	0.00	106.35	0.0	?	37.4	37.4	90.0
1069534534	0.00	104.78	0.0	?	38.5	38.5	90.0
1071535535	0.00	102.95	0.0	?	39.8	39.8	90.0
1073536536	0.00	101.15	0.0	?	41.1	41.1	90.0
1075537537	0.00	99.35	0.0	?	42.4	42.4	90.0
1077538538	0.00	97.62	0.0	?	43.8	43.8	90.0
1079539539	0.00	95.80	0.0	?	45.2	45.2	90.0
1081540540	0.00	94.00	0.0	?	46.6	46.6	90.0
1083541541	0.00	92.34	0.0	?	48.0	48.0	90.0
1085542542	0.00	90.34	0.0	?	49.7	49.7	90.0
1087543543	0.00	88.50	0.0	?	51.3	51.3	90.0
1089544544	0.00	86.47	0.0	?	53.2	53.2	90.0
1091545545	0.00	84.74	0.0	?	54.8	54.8	90.0
1093546546	0.00	82.71	0.0	?	56.8	56.8	90.0
1095547547	0.00	80.77	0.0	?	58.8	58.8	90.0
1097548548	0.00	78.79	0.0	?	60.9	60.9	90.0
1099549549	0.00	76.81	0.0	?	63.1	63.1	90.0
1101550550	0.00	74.69	0.0	?	65.5	65.5	90.0
1103551551	0.00	72.47	0.0	?	68.2	68.2	90.0
1105552552	0.00	70.34	0.0	?	71.0	71.0	90.0
1107553553	0.00	68.08	0.0	?	74.0	74.0	90.0
1109554554	0.00	65.84	0.0	?	77.2	77.2	90.0
1111555555	0.00	63.87	0.0	?	80.2	80.2	90.0
1113556556	0.00	61.87	0.0	?	83.4	83.4	90.0
1115557557	0.00	59.58	0.0	?	87.3	87.3	90.0
1117558558	0.00	57.39	0.0	?	91.3	91.3	90.0
1119559559	0.00	55.18	0.0	?	95.7	95.7	90.0
1121560560	0.00	52.96	0.0	?	100.4	100.4	90.0
1123561561	-0.18	50.50	2.8	98.47	106.0	106.0	88.5
1125562562	-0.44	48.20	7.6	39.26	111.3	111.6	86.1
1127563563	-0.70	45.69	13.2	24.88	117.4	118.2	83.6
1129564564	-1.00	43.16	20.9	17.31	123.4	125.1	80.4
1131565565	-1.34	40.65	30.5	13.02	128.7	132.2	76.7
1133566566	-1.72	37.87	43.2	10.16	133.3	140.2	72.1
1135567567	-2.08	35.36	56.7	8.39	135.6	147.0	67.3
1137568568	-2.47	32.99	71.3	7.08	134.8	152.6	62.1
1139569569	-2.89	30.02	89.2	6.07	131.7	159.0	55.9
1141570570	-3.31	27.45	104.9	5.32	123.9	162.4	49.8
1143571571	-3.75	24.51	120.5	4.70	112.2	164.7	43.0
1145572572	-4.23	21.64	132.3	4.18	96.2	163.6	36.0
1147573573	-4.79	18.62	139.2	3.72	76.7	159.0	28.9
1149574574	-5.38	15.55	140.6	3.33	57.1	151.7	22.1
1151575575	-5.98	12.33	138.0	3.02	39.6	143.6	16.0
1153576576	-6.62	9.45	131.6	2.75	25.8	134.1	11.1
1155577577	-7.35	6.35	123.2	2.50	14.3	124.0	6.6
1157578578	-8.14	3.66	114.0	2.29	6.7	114.2	3.4
1159579579	-8.96	1.12	105.4	2.11	1.7	105.4	0.9
1161580580	-9.77	-1.59	98.1	1.96	-2.0	98.1	-1.2
1163581581	-10.65	-4.15	91.3	1.83	-4.2	91.3	-2.7
1165582582	-11.65	-6.57	84.9	1.71	-5.5	85.1	-3.7
1167583583	-12.65	-9.36	79.6	1.61	-6.4	79.8	-4.6
1169584584	-13.80	-11.73	74.6	1.51	-6.5	74.9	-4.9
1171585585	-15.13	-14.01	70.2	1.42	-6.1	70.4	-5.0
1173586586	-16.66	-15.75	66.2	1.34	-5.4	66.4	-4.7
1175587587	-18.52	-17.00	62.6	1.27	-4.4	62.8	-4.0
1177588588	-20.83	-16.25	59.5	1.20	-3.0	59.5	-2.9
1179589589	-23.63	-13.44	56.8	1.14	-1.7	56.8	-1.8
1181590590	-27.56	-2.65	54.4	1.09	-0.2	54.4	-0.2
1183591591	-30.88	21.62	52.7	1.06	1.1	52.7	1.2
1185592592	-30.69	68.27	51.0	1.06	2.8	51.1	3.1
1187593593	-27.31	91.04	49.7	1.09	4.3	49.9	4.9
1189594594	-24.61	99.24	48.7	1.12	5.7	49.1	6.6
1191595595	-22.72	102.99	47.9	1.16	6.9	48.4	8.2
1193596596	-21.17	105.52	47.1	1.19	8.0	47.7	9.6
1195597597	-19.92	105.47	46.5	1.22	9.1	47.4	11.1
1197598598	-18.72	105.39	45.9	1.26	10.4	47.1	12.8
1199599599	-17.90	103.44	45.7	1.29	11.5	47.2	14.1
1201600600	-17.10	102.23	45.5	1.32	12.7	47.2	15.6
1203601601	-16.43	101.54	45.1	1.36	13.6	47.1	16.8
1205602602	-15.81	99.14	45.2	1.39	14.8	47.6	18.2
1207603603	-15.38	96.76	45.4	1.41	15.8	48.1	19.2
1209604604	-14.84	95.88	45.2	1.44	16.8	48.2	20.4
1211605605	-14.35	92.96	45.6	1.47	18.1	49.1	21.7
1213606606	-13.84	89.47	46.2	1.51	19.6	50.2	23.0
1215607607	-13.41	86.47	46.8	1.54	20.9	51.3	24.1
1217608608	-13.06	83.55	47.5	1.57	22.1	52.4	24.9
1219609609	-12.64	79.47	48.8	1.61	23.7	54.2	25.9
1221610610	-12.25	75.16	50.3	1.65	25.2	56.3	26.6
1223611611	-12.02	70.67	52.2	1.67	26.4	58.5	26.8
1225612612	-11.66	66.21	54.3	1.71	27.9	61.1	27.2
1227613613	-11.36	60.89	57.2	1.74	29.2	64.2	27.0
1229614614	-11.23	54.39	61.2	1.76	29.5	67.9	25.8
1231615615	-11.05	48.40	65.2	1.78	29.7	71.7	24.5
1233616616	-10.86	42.00	69.9	1.80	29.2	75.8	22.7
1235617617	-10.85	35.35	74.7	1.80	27.0	79.4	19.9
1237618618	-10.80	28.90	79.3	1.81	24.1	82.9	16.9
1239619619	-10.81	22.02	83.5	1.81	19.7	85.8	13.3
1241620620	-10.94	14.94	86.4	1.79	13.8	87.5	9.0
1243621621	-11.08	7.44	87.9	1.77	6.9	88.2	4.5
1245622622	-11.29	0.09	87.5	1.75	0.1	87.5	0.1
1247623623	-11.57	-7.66	85.1	1.72	-6.4	85.3	-4.3
1249624624	-11.82	-15.27	81.8	1.69	-11.8	82.7	-8.2
1251625625	-12.19	-23.86	76.9	1.65	-16.3	78.6	-12.0
1253626626	-12.70	-33.26	71.0	1.60	-19.1	73.6	-15.0
1255627627	-13.17	-42.65	65.6	1.56	-20.5	68.7	-17.3
1257628628	-13.56	-53.17	60.3	1.53	-21.2	63.9	-19.4
1259629629	-13.99	-64.96	55.1	1.50	-20.8	58.9	-20.7
1261630630	-14.34	-76.93	50.7	1.47	-19.7	54.4	-21.2
1263631631	-14.60	-90.22	46.6	1.46	-18.0	49.9	-21.1
1265632632	-14.64	-104.38	42.9	1.45	-15.9	45.7	-20.4
1267633633	-14.50	-118.79	39.6	1.46	-13.6	41.9	-18.9
1269634634	-14.29	-133.32	37.0	1.48	-10.8	38.5	-16.3
1271635635	-13.73	-147.10	34.5	1.52	-8.1	35.4	-13.1
1273636636	-13.09	-160.61	32.4	1.57	-5.0	32.8	-8.8
1275637637	-12.37	-174.08	30.7	1.63	-1.6	30.7	-3.0
1277638638	-11.63	172.25	29.3	1.71	2.2	29.4	4.3
1279639639	-10.91	158.87	28.5	1.80	6.4	29.2	12.6
1281640640	-10.01	146.05	27.7	1.92	10.9	29.8	21.4
1283641641	-9.14	132.94	27.5	2.07	16.0	31.8	30.2
1285642642	-8.31	119.51	27.9	2.25	21.9	35.5	38.1
1287643643	-7.52	106.30	29.1	2.45	28.6	40.8	44.5
1289644644	-6.77	93.39	31.2	2.70	36.2	47.8	49.2
1291645645	-6.15	81.29	34.6	2.94	44.5	56.4	52.1
1293646646	-5.62	69.27	40.2	3.20	54.2	67.5	53.5
1295647647	-5.21	57.40	49.2	3.43	65.1	81.6	52.9
1297648648	-4.89	46.57	62.4	3.65	76.4	98.7	50.8
1299649649	-4.72	36.57	81.9	3.77	85.6	118.5	46.3
1301650650	-4.64	26.78	110.5	3.84	89.0	141.9	38.8
1303651651	-4.58	17.59	146.1	3.88	80.0	166.5	28.7
1305652652	-4.60	9.03	177.7	3.86	50.2	184.7	15.8
1307653653	-4.66	1.15	190.4	3.81	6.8	190.5	2.0
1309654654	-4.83	-6.33	177.5	3.69	-33.4	180.7	-10.7
1311655655	-4.92	-13.37	155.7	3.63	-60.3	167.0	-21.2
1313656656	-5.03	-19.99	131.5	3.55	-73.5	150.7	-29.2
1315657657	-5.15	-26.17	110.8	3.47	-77.8	135.4	-35.1
1317658658	-5.20	-32.02	94.3	3.44	-78.7	122.8	-39.8
1319659659	-5.29	-37.78	80.7	3.38	-76.4	111.1	-43.4
1321660660	-5.33	-42.84	70.8	3.36	-73.7	102.2	-46.2
1323661661	-5.33	-47.89	62.4	3.36	-70.8	94.3	-48.6
1325662662	-5.36	-52.62	55.7	3.34	-67.4	87.5	-50.4
1327663663	-5.37	-56.88	50.6	3.34	-64.3	81.8	-51.8
1329664664	-5.36	-60.99	46.1	3.35	-61.5	76.9	-53.1
1331665665	-5.30	-64.94	42.2	3.38	-58.9	72.5	-54.4
1333666666	-5.25	-68.68	38.9	3.41	-56.5	68.6	-55.4
1335667667	-5.19	-71.89	36.3	3.45	-54.4	65.4	-56.3
1337668668	-5.12	-75.02	33.9	3.49	-52.5	62.5	-57.1
1339669669	-5.07	-78.07	31.9	3.52	-50.5	59.7	-57.7
1341670670	-5.01	-81.02	30.0	3.57	-48.7	57.2	-58.4
1343671671	-4.93	-83.83	28.3	3.62	-47.0	54.8	-59.0
1345672672	-4.87	-86.39	26.9	3.66	-45.4	52.8	-59.4
1347673673	-4.77	-88.87	25.4	3.73	-44.1	50.9	-60.0
1349674674	-4.68	-90.98	24.2	3.80	-42.9	49.3	-60.5
1351675675	-4.62	-93.07	23.3	3.85	-41.7	47.7	-60.8
1353676676	-4.57	-95.13	22.4	3.89	-40.5	46.2	-61.1
1355677677	-4.46	-97.06	21.3	3.98	-39.5	44.8	-61.6
1357678678	-4.40	-99.09	20.5	4.03	-38.3	43.4	-61.8
1359679679	-4.35	-101.10	19.8	4.08	-37.2	42.1	-62.0
1361680680	-4.28	-102.69	19.1	4.14	-36.3	41.0	-62.3
1363681681	-4.21	-104.29	18.4	4.20	-35.4	40.0	-62.5
1365682682	-4.13	-105.90	17.8	4.29	-34.6	38.9	-62.8
1367683683	-4.07	-107.68	17.2	4.35	-33.7	37.8	-63.0
1369684684	-4.00	-109.28	16.6	4.42	-32.8	36.8	-63.2
1371685685	-3.93	-110.68	16.0	4.50	-32.1	35.9	-63.4
1373686686	-3.86	-111.97	15.6	4.58	-31.5	35.1	-63.7
1375687687	-3.82	-113.42	15.2	4.62	-30.7	34.2	-63.7
1377688688	-3.77	-114.84	14.8	4.69	-29.9	33.4	-63.8
1379689689	-3.65	-116.25	14.1	4.83	-29.3	32.5	-64.2
1381690690	-3.59	-117.50	13.7	4.90	-28.6	31.8	-64.4
1383691691	-3.55	-118.76	13.4	4.96	-28.0	31.0	-64.4
1385692692	-3.48	-120.06	13.0	5.05	-27.3	30.3	-64.5
1387693693	-3.43	-121.31	12.7	5.13	-26.7	29.6	-64.6
1389694694	-3.36	-122.48	12.3	5.23	-26.2	28.9	-64.8
1391695695	-3.31	-123.53	12.0	5.32	-25.6	28.3	-64.9
1393696696	-3.23	-124.62	11.6	5.44	-25.1	27.7	-65.2
1395697697	-3.15	-125.77	11.2	5.57	-24.6	27.0	-65.4
1397698698	-3.08	-126.87	10.9	5.70	-24.0	26.4	-65.7
1399699699	-3.01	-127.92	10.5	5.84	-23.5	25.8	-65.9
1401700700	-2.93	-128.71	10.2	5.98	-23.2	25.3	-66.2
1403701701	-2.87	-129.86	9.9	6.11	-22.6	24.7	-66.3
1405702702	-2.79	-130.70	9.6	6.27	-22.2	24.2	-66.6
1407703703	-2.71	-131.57	9.3	6.45	-21.8	23.7	-67.0
1409704704	-2.65	-132.41	9.0	6.60	-21.4	23.3	-67.2
1411705705	-2.56	-133.21	8.7	6.83	-21.1	22.8	-67.7
1413706706	-2.52	-134.11	8.5	6.93	-20.6	22.3	-67.7
1415707707	-2.44	-134.93	8.2	7.16	-20.3	21.9	-68.1
1417708708	-2.35	-135.57	7.8	7.42	-20.0	21.5	-68.6
1419709709	-2.27	-136.24	7.5	7.68	-19.7	21.1	-69.1
1421710710	-2.20	-137.04	7.2	7.95	-19.3	20.6	-69.4
1423711711	-2.13	-137.70	7.0	8.21	-19.0	20.3	-69.8
1425712712	-2.05	-138.17	6.7	8.52	-18.8	20.0	-70.4
1427713713	-1.99	-138.92	6.5	8.79	-18.5	19.6	-70.7
1429714714	-1.89	-139.63	6.2	9.21	-18.1	19.1	-71.3
1431715715	-1.82	-140.02	5.9	9.57	-18.0	18.9	-71.8
1433716716	-1.76	-140.50	5.7	9.92	-17.7	18.6	-72.2
1435717717	-1.71	-140.94	5.5	10.18	-17.5	18.4	-72.5
1437718718	-1.65	-141.46	5.3	10.55	-17.3	18.1	-72.9
1439719719	-1.57	-142.05	5.0	11.11	-17.0	17.8	-73.6
1441720720	-1.49	-142.29	4.8	11.70	-16.9	17.6	-74.3
1443721721	-1.39	-142.69	4.4	12.55	-16.8	17.3	-75.2
1445722722	-1.34	-142.97	4.3	13.03	-16.6	17.2	-75.6
1447723723	-1.29	-143.44	4.1	13.47	-16.4	16.9	-75.9
1449724724	-1.24	-143.91	4.0	13.98	-16.2	16.7	-76.3
1451725725	-1.20	-144.21	3.8	14.50	-16.1	16.5	-76.7
1453726726	-1.13	-144.52	3.6	15.38	-15.9	16.3	-77.3
1455727727	-1.08	-144.76	3.4	16.12	-15.8	16.2	-77.8
1457728728	-1.05	-145.04	3.3	16.61	-15.7	16.0	-78.1
1459729729	-1.01	-145.28	3.2	17.19	-15.6	15.9	-78.4
1461730730	-0.97	-145.57	3.1	17.96	-15.4	15.7	-78.8
1463731731	-0.91	-145.81	2.9	19.17	-15.3	15.6	-79.5
1465732732	-0.87	-146.11	2.7	20.05	-15.2	15.4	-79.8
1467733733	-0.85	-146.50	2.7	20.48	-15.0	15.2	-79.9
1469734734	-0.79	-146.50	2.5	22.00	-15.0	15.2	-80.6
1471735735	-0.77	-146.65	2.4	22.48	-14.9	15.1	-80.8
1473736736	-0.76	-147.02	2.4	22.91	-14.8	15.0	-80.9
1475737737	-0.74	-147.11	2.3	23.53	-14.7	14.9	-81.1
1477738738	-0.69	-147.29	2.2	25.13	-14.6	14.8	-81.6
1479739739	-0.65	-147.47	2.0	26.67	-14.6	14.7	-82.0
1481740740	-0.63	-147.74	2.0	27.63	-14.4	14.6	-82.3
1483741741	-0.62	-147.97	1.9	28.17	-14.3	14.5	-82.4
1485742742	-0.63	-148.08	2.0	27.67	-14.3	14.4	-82.2
1487743743	-0.59	-148.43	1.8	29.21	-14.1	14.2	-82.5
1489744744	-0.59	-148.58	1.8	29.35	-14.0	14.2	-82.5
1491745745	-0.59	-148.77	1.8	29.22	-14.0	14.1	-82.5
1493746746	-0.53	-149.09	1.7	32.61	-13.8	13.9	-83.2
1495747747	-0.56	-149.24	1.7	30.90	-13.7	13.8	-82.8
1497748748	-0.59	-149.35	1.8	29.59	-13.7	13.8	-82.4
1499749749	-0.55	-149.68	1.7	31.33	-13.5	13.6	-82.8
1501750750	-0.53	-149.92	1.6	33.00	-13.4	13.5	-83.1
1503751751	-0.53	-150.30	1.6	32.78	-13.2	13.3	-83.0
1505752752	-0.52	-150.49	1.6	33.43	-13.2	13.3	-83.1
1507753753	-0.53	-150.81	1.6	32.52	-13.0	13.1	-82.8
1509754754	-0.53	-151.20	1.6	32.89	-12.8	12.9	-82.8
1511755755	-0.51	-151.37	1.6	33.77	-12.7	12.8	-82.9
1513756756	-0.53	-151.74	1.6	33.04	-12.6	12.7	-82.7
1515757757	-0.53	-152.07	1.6	32.53	-12.4	12.5	-82.5
1517758758	-0.51	-152.39	1.6	34.00	-12.3	12.4	-82.8
1519759759	-0.49	-152.71	1.5	35.15	-12.1	12.2	-82.9
1521760760	-0.50	-153.21	1.5	34.55	-11.9	12.0	-82.7
1523761761	-0.47	-153.40	1.4	36.69	-11.8	11.9	-83.1
1525762762	-0.41	-154.64	1.2	42.14	-11.2	11.3	-83.7
1527763763	-0.35	-155.86	1.1	49.14	-10.7	10.7	-84.3
1529764764	-0.40	-154.80	1.2	43.79	-11.2	11.2	-83.9
1531765765	-0.44	-154.61	1.3	39.21	-11.3	11.3	-83.2
1533766766	-0.45	-155.13	1.4	38.47	-11.0	11.1	-82.9
1535767767	-0.42	-155.25	1.3	41.66	-11.0	11.0	-83.5
1537768768	-0.38	-155.79	1.1	45.82	-10.7	10.8	-83.9
1539769769	-0.36	-156.34	1.1	48.92	-10.5	10.5	-84.2
1541770770	-0.37	-156.82	1.1	46.66	-10.3	10.3	-83.8
1543771771	-0.35	-157.25	1.1	49.15	-10.1	10.1	-84.0
1545772772	-0.34	-157.59	1.0	50.59	-9.9	10.0	-84.1
1547773773	-0.29	-157.97	0.9	60.02	-9.7	9.8	-84.9
1549774774	-0.28	-158.69	0.8	61.04	-9.4	9.4	-84.8
1551775775	-0.27	-158.96	0.8	63.42	-9.3	9.3	-85.0
1553776776	-0.24	-159.51	0.7	73.80	-9.0	9.1	-85.6
1555777777	-0.23	-159.90	0.7	76.53	-8.9	8.9	-85.7
1557778778	-0.19	-160.60	0.6	89.51	-8.5	8.6	-86.2
1559779779	-0.16	-161.02	0.5	109.45	-8.4	8.4	-86.8
1561780780	-0.15	-161.53	0.4	116.47	-8.1	8.1	-86.9
1563781781	-0.11	-162.01	0.3	164.08	-7.9	7.9	-87.7
1565782782	-0.07	-162.32	0.2	262.28	-7.8	7.8	-88.6
1567783783	-0.05	-162.81	0.1	358.83	-7.6	7.6	-88.9
1569784784	0.00	-163.52	0.0	?	-7.2	7.2	-90.0
1571785785	0.00	-164.07	0.0	?	-7.0	7.0	-90.0
1573786786	0.00	-164.36	0.0	?	-6.9	6.9	-90.0
1575787787	0.00	-164.90	0.0	?	-6.6	6.6	-90.0
1577788788	0.00	-165.20	0.0	?	-6.5	6.5	-90.0
1579789789	0.00	-165.73	0.0	?	-6.3	6.3	-90.0
1581790790	0.00	-166.16	0.0	?	-6.1	6.1	-90.0
1583791791	0.00	-166.43	0.0	?	-6.0	6.0	-90.0
1585792792	0.00	-166.77	0.0	?	-5.8	5.8	-90.0
1587793793	0.00	-167.40	0.0	?	-5.5	5.5	-90.0
1589794794	0.00	-167.73	0.0	?	-5.4	5.4	-90.0
1591795795	0.00	-168.06	0.0	?	-5.2	5.2	-90.0
1593796796	0.00	-168.36	0.0	?	-5.1	5.1	-90.0
1595797797	0.00	-168.45	0.0	?	-5.1	5.1	-90.0
1597798798	0.00	-169.01	0.0	?	-4.8	4.8	-90.0
1599799799	0.00	-169.16	0.0	?	-4.7	4.7	-90.0
1601800800	0.00	-169.37	0.0	?	-4.7	4.7	-90.0
1603801801	0.00	-169.87	0.0	?	-4.4	4.4	-90.0
1605802802	0.00	-169.97	0.0	?	-4.4	4.4	-90.0
1607803803	0.00	-170.11	0.0	?	-4.3	4.3	-90.0
1609804804	0.00	-170.55	0.0	?	-4.1	4.1	-90.0
1611805805	0.00	-170.94	0.0	?	-4.0	4.0	-90.0
1613806806	0.00	-171.24	0.0	?	-3.8	3.8	-90.0
1615807807	0.00	-171.60	0.0	?	-3.7	3.7	-90.0
1617808808	0.00	-172.03	0.0	?	-3.5	3.5	-90.0
1619809809	0.00	-172.46	0.0	?	-3.3	3.3	-90.0
1621810810	0.00	-172.88	0.0	?	-3.1	3.1	-90.0
1623811811	0.00	-173.24	0.0	?	-3.0	3.0	-90.0
1625812812	0.00	-173.66	0.0	?	-2.8	2.8	-90.0
1627813813	0.00	-174.01	0.0	?	-2.6	2.6	-90.0
1629814814	0.00	-174.49	0.0	?	-2.4	2.4	-90.0
1631815815	0.00	-174.70	0.0	?	-2.3	2.3	-90.0
1633816816	0.00	-175.23	0.0	?	-2.1	2.1	-90.0
1635817817	0.00	-175.71	0.0	?	-1.9	1.9	-90.0
1637818818	0.00	-176.32	0.0	?	-1.6	1.6	-90.0
1639819819	0.00	-176.80	0.0	?	-1.4	1.4	-90.0
1641820820	0.00	-177.38	0.0	?	-1.1	1.1	-90.0
1643821821	0.00	-177.80	0.0	?	-1.0	1.0	-90.0
1645822822	0.00	-178.35	0.0	?	-0.7	0.7	-90.0
1647823823	0.00	-178.65	0.0	?	-0.6	0.6	-90.0
1649824824	0.00	-179.32	0.0	?	-0.3	0.3	-90.0
1651825825	0.00	-179.69	0.0	?	-0.1	0.1	-90.0
1653826826	0.00	179.76	0.0	?	0.1	0.1	90.0
1655827827	0.00	179.09	0.0	?	0.4	0.4	90.0
1657828828	0.00	178.38	0.0	?	0.7	0.7	90.0
1659829829	0.00	177.65	0.0	?	1.0	1.0	90.0
1661830830	0.00	177.47	0.0	?	1.1	1.1	90.0
1663831831	0.00	176.87	0.0	?	1.4	1.4	90.0
1665832832	0.00	176.46	0.0	?	1.5	1.5	90.0
1667833833	0.00	175.40	0.0	?	2.0	2.0	90.0
1669834834	0.00	174.78	0.0	?	2.3	2.3	90.0
1671835835	0.00	174.07	0.0	?	2.6	2.6	90.0
1673836836	0.00	173.62	0.0	?	2.8	2.8	90.0
1675837837	0.00	172.74	0.0	?	3.2	3.2	90.0
1677838838	0.00	171.96	0.0	?	3.5	3.5	90.0
1679839839	0.00	171.38	0.0	?	3.8	3.8	90.0
1681840840	0.00	170.54	0.0	?	4.1	4.1	90.0
1683841841	0.00	170.04	0.0	?	4.4	4.4	90.0
1685842842	0.00	168.73	0.0	?	4.9	4.9	90.0
1687843843	0.00	167.98	0.0	?	5.3	5.3	90.0
1689844844	0.00	167.24	0.0	?	5.6	5.6	90.0
1691845845	0.00	166.51	0.0	?	5.9	5.9	90.0
1693846846	0.00	165.87	0.0	?	6.2	6.2	90.0
1695847847	0.00	164.66	0.0	?	6.7	6.7	90.0
1697848848	0.00	164.09	0.0	?	7.0	7.0	90.0
1699849849	0.00	162.83	0.0	?	7.5	7.5	90.0
1701850850	0.00	161.60	0.0	?	8.1	8.1	90.0
1703851851	0.00	161.09	0.0	?	8.3	8.3	90.0
1705852852	0.00	160.09	0.0	?	8.8	8.8	90.0
1707853853	0.00	159.06	0.0	?	9.2	9.2	90.0
1709854854	0.00	158.16	0.0	?	9.6	9.6	90.0
1711855855	0.00	157.28	0.0	?	10.0	10.0	90.0
1713856856	0.00	155.84	0.0	?	10.7	10.7	90.0
1715857857	0.00	154.48	0.0	?	11.3	11.3	90.0
1717858858	0.00	154.16	0.0	?	11.5	11.5	90.0
1719859859	0.00	153.00	0.0	?	12.0	12.0	90.0
1721860860	0.00	152.16	0.0	?	12.4	12.4	90.0
1723861861	0.00	151.09	0.0	?	12.9	12.9	90.0
1725862862	0.00	150.33	0.0	?	13.2	13.2	90.0
1727863863	0.00	149.59	0.0	?	13.6	13.6	90.0
1729864864	0.00	148.69	0.0	?	14.0	14.0	90.0
1731865865	0.00	148.28	0.0	?	14.2	14.2	90.0
1733866866	0.00	147.56	0.0	?	14.5	14.5	90.0
1735867867	0.00	147.51	0.0	?	14.6	14.6	90.0
1737868868	0.00	146.34	0.0	?	15.1	15.1	90.0
1739869869	0.00	146.22	0.0	?	15.2	15.2	90.0
1741870870	0.00	145.73	0.0	?	15.4	15.4	90.0
1743871871	0.00	144.98	0.0	?	15.8	15.8	90.0
1745872872	0.00	143.70	0.0	?	16.4	16.4	90.0
1747873873	0.00	143.27	0.0	?	16.6	16.6	90.0
1749874874	0.00	142.51	0.0	?	17.0	17.0	90.0
1751875875	0.00	140.82	0.0	?	17.8	17.8	90.0
1753876876	0.00	139.43	0.0	?	18.5	18.5	90.0
1755877877	0.00	138.20	0.0	?	19.1	19.1	90.0
1757878878	0.00	136.56	0.0	?	19.9	19.9	90.0
1759879879	0.00	134.93	0.0	?	20.7	20.7	90.0
1761880880	0.00	133.52	0.0	?	21.5	21.5	90.0
1763881881	0.00	131.98	0.0	?	22.3	22.3	90.0
1765882882	0.00	130.10	0.0	?	23.3	23.3	90.0
1767883883	0.00	128.03	0.0	?	24.4	24.4	90.0
1769884884	0.00	126.69	0.0	?	25.1	25.1	90.0
1771885885	0.00	124.53	0.0	?	26.3	26.3	90.0
1773886886	0.00	122.57	0.0	?	27.4	27.4	90.0
1775887887	0.00	120.85	0.0	?	28.4	28.4	90.0
1777888888	0.00	118.86	0.0	?	29.5	29.5	90.0
1779889889	0.00	116.70	0.0	?	30.8	30.8	90.0
1781890890	0.00	114.87	0.0	?	31.9	31.9	90.0
1783891891	0.00	113.12	0.0	?	33.0	33.0	90.0
1785892892	0.00	110.93	0.0	?	34.4	34.4	90.0
1787893893	0.00	109.22	0.0	?	35.5	35.5	90.0
1789894894	0.00	107.25	0.0	?	36.8	36.8	90.0
1791895895	0.00	105.15	0.0	?	38.3	38.3	90.0
1793896896	0.00	103.33	0.0	?	39.5	39.5	90.0
1795897897	0.00	101.45	0.0	?	40.9	40.9	90.0
1797898898	0.00	99.00	0.0	?	42.7	42.7	90.0
1799899899	0.00	97.22	0.0	?	44.1	44.1	90.0
1801900900	0.00	95.33	0.0	?	45.6	45.6	90.0
1803901901	0.00	93.37	0.0	?	47.1	47.1	90.0
1805902902	0.00	91.35	0.0	?	48.8	48.8	90.0
1807903903	0.00	89.34	0.0	?	50.6	50.6	90.0
1809904904	0.00	87.16	0.0	?	52.5	52.5	90.0
1811905905	0.00	85.13	0.0	?	54.4	54.4	90.0
1813906906	0.00	83.28	0.0	?	56.2	56.2	90.0
1815907907	0.00	81.64	0.0	?	57.9	57.9	90.0
1817908908	0.00	79.40	0.0	?	60.2	60.2	90.0
1819909909	0.00	77.35	0.0	?	62.5	62.5	90.0
1821910910	-0.18	75.19	1.4	97.54	64.9	64.9	88.8
1823911911	-0.40	73.43	3.2	43.50	66.9	67.0	87.3
1825912912	-0.65	71.28	5.5	26.93	69.5	69.7	85.5
1827913913	-0.90	69.02	8.0	19.39	72.1	72.6	83.7
1829914914	-1.15	66.61	10.9	15.07	75.0	75.8	81.7
1831915915	-1.31	64.53	13.1	13.24	77.6	78.7	80.4
1833916916	-1.61	62.66	16.7	10.82	79.6	81.3	78.1
1835917917	-1.87	60.13	20.7	9.31	82.5	85.1	75.9
1837918918	-2.07	57.75	24.3	8.42	85.4	88.8	74.1
1839919919	-2.30	55.28	28.7	7.61	88.3	92.8	72.0
1841920920	-2.56	53.37	33.5	6.83	89.7	95.8	69.6
1843921921	-2.77	50.75	38.7	6.32	92.5	100.3	67.3
1845922922	-3.02	48.78	44.1	5.81	93.6	103.4	64.8
1847923923	-3.22	46.21	50.3	5.45	95.6	108.0	62.3
1849924924	-3.45	43.78	56.9	5.10	96.7	112.2	59.5
1851925925	-3.62	41.01	64.3	4.87	98.4	117.5	56.8
1853926926	-3.82	38.67	71.5	4.62	98.4	121.7	54.0
1855927927	-4.00	36.48	78.5	4.42	97.9	125.5	51.3
1857928928	-4.19	33.71	87.4	4.23	96.8	130.4	47.9
1859929929	-4.35	31.02	96.3	4.07	95.0	135.3	44.6
1861930930	-4.51	28.75	103.9	3.94	92.1	138.9	41.5
1863931931	-4.68	25.78	113.9	3.80	87.6	143.7	37.6
1865932932	-4.85	23.12	122.3	3.68	81.8	147.1	33.8
1867933933	-4.91	20.57	130.8	3.63	77.1	151.8	30.5
1869934934	-5.01	18.19	137.9	3.57	70.7	155.0	27.1
1871935935	-5.16	15.63	143.9	3.46	61.6	156.6	23.2
1873936936	-5.27	12.93	149.8	3.40	52.0	158.6	19.1
1875937937	-5.34	10.19	155.2	3.36	42.0	160.8	15.1
1877938938	-5.39	7.53	159.3	3.32	31.6	162.4	11.2
1879939939	-5.46	5.29	160.8	3.28	22.1	162.3	7.8
1881940940	-5.61	2.46	159.4	3.20	9.9	159.7	3.5
1883941941	-5.71	-0.56	157.4	3.15	-2.2	157.4	-0.8
1885942942	-5.70	-2.76	157.0	3.16	-10.8	157.4	-3.9
1887943943	-5.73	-5.24	154.1	3.14	-19.9	155.4	-7.3
1889944944	-5.79	-7.73	149.7	3.11	-28.1	152.3	-10.6
1891945945	-5.85	-10.13	144.5	3.08	-35.0	148.6	-13.6
1893946946	-5.91	-12.92	138.1	3.05	-42.1	144.4	-16.9
1895947947	-5.99	-15.36	131.7	3.01	-46.8	139.8	-19.6
1897948948	-6.01	-17.72	126.2	3.00	-51.3	136.2	-22.1
1899949949	-6.09	-20.34	119.3	2.97	-54.5	131.2	-24.6
1901950950	-6.10	-22.54	114.2	2.96	-57.5	127.9	-26.7
1903951951	-6.24	-25.43	106.7	2.90	-58.6	121.8	-28.8
1905952952	-6.36	-27.94	100.7	2.85	-59.0	116.7	-30.4
1907953953	-6.48	-30.14	95.8	2.80	-58.8	112.4	-31.6
1909954954	-6.63	-31.92	91.9	2.74	-57.8	108.5	-32.2
1911955955	-6.87	-33.77	87.9	2.66	-55.8	104.1	-32.4
1913956956	-7.06	-35.54	84.6	2.60	-54.3	100.5	-32.7
1915957957	-7.21	-36.56	82.7	2.55	-53.1	98.3	-32.7
1917958958	-7.34	-36.96	81.9	2.50	-51.8	96.9	-32.3
1919959959	-7.48	-36.79	81.9	2.46	-50.5	96.2	-31.7
1921960960	-7.51	-36.61	82.1	2.46	-50.1	96.2	-31.4
1923961961	-7.46	-35.78	83.4	2.47	-50.3	97.4	-31.1
1925962962	-7.34	-35.18	84.5	2.51	-51.3	98.9	-31.3
1927963963	-7.20	-34.48	86.0	2.55	-52.5	100.7	-31.4
1929964964	-6.89	-34.73	86.2	2.65	-55.9	102.8	-32.9
1931965965	-6.66	-35.14	86.0	2.74	-58.6	104.1	-34.3
1933966966	-6.45	-35.98	84.8	2.82	-61.3	104.6	-35.9
1935967967	-6.20	-36.98	83.1	2.92	-64.4	105.1	-37.8
1937968968	-5.99	-37.78	81.6	3.01	-67.0	105.6	-39.4
1939969969	-5.79	-39.00	79.1	3.11	-69.4	105.2	-41.3
1941970970	-5.56	-40.06	76.7	3.23	-72.1	105.2	-43.2
1943971971	-5.36	-41.32	73.7	3.34	-74.1	104.5	-45.1
1945972972	-5.24	-41.99	72.1	3.42	-75.3	104.2	-46.3
1947973973	-5.08	-43.21	69.2	3.51	-76.5	103.2	-47.9
1949974974	-4.95	-44.45	66.4	3.60	-77.3	101.9	-49.3
1951975975	-4.79	-45.59	63.5	3.72	-78.3	100.9	-51.0
1953976976	-4.62	-46.60	60.9	3.85	-79.4	100.0	-52.5
1955977977	-4.57	-47.81	58.6	3.89	-78.8	98.2	-53.4
1957978978	-4.42	-49.06	55.7	4.01	-79.2	96.8	-54.9
1959979979	-4.26	-50.43	52.6	4.16	-79.3	95.2	-56.5
1961980980	-4.17	-51.39	50.5	4.25	-79.2	93.9	-57.5
1963981981	-4.08	-52.09	48.9	4.34	-79.2	93.1	-58.3
1965982982	-3.96	-53.30	46.4	4.46	-78.9	91.5	-59.5
1967983983	-3.84	-54.09	44.5	4.59	-78.9	90.7	-60.6
1969984984	-3.75	-54.86	42.9	4.70	-78.8	89.7	-61.4
1971985985	-3.72	-55.84	41.5	4.74	-77.8	88.2	-61.9
1973986986	-3.61	-56.63	39.8	4.89	-77.7	87.3	-62.9
1975987987	-3.51	-57.36	38.2	5.01	-77.5	86.4	-63.7
1977988988	-3.42	-57.77	37.1	5.14	-77.6	86.0	-64.5
1979989989	-3.39	-58.60	36.0	5.18	-76.7	84.8	-64.8
1981990990	-3.34	-59.40	34.8	5.27	-76.1	83.7	-65.4
1983991991	-3.27	-60.29	33.5	5.37	-75.4	82.5	-66.1
1985992992	-3.17	-61.16	31.9	5.54	-74.9	81.4	-66.9
1987993993	-3.13	-61.48	31.3	5.61	-74.7	81.0	-67.3
1989994994	-3.05	-62.21	30.0	5.76	-74.2	80.1	-68.0
1991995995	-3.01	-62.74	29.3	5.83	-73.8	79.4	-68.3
1993996996	-2.97	-63.50	28.5	5.90	-73.0	78.4	-68.7
1995997997	-2.91	-64.09	27.5	6.03	-72.6	77.6	-69.2
1997998998	-2.85	-64.69	26.7	6.14	-72.1	76.9	-69.7
1999999999	-2.82	-65.27	26.0	6.22	-71.5	76.1	-70.0
