1000000	-1.02	89.57	5.9	17.01	50.0	50.4	83.3
3001001	0.00	84.27	0.0	?	55.3	55.3	90.0
5002002	0.00	78.45	0.0	?	61.3	61.3	90.0
7003003	0.00	74.05	0.0	?	66.3	66.3	90.0
9004004	0.00	70.28	0.0	?	71.0	71.0	90.0
11005005	0.00	68.11	0.0	?	74.0	74.0	90.0
13006006	-0.01	65.92	0.1	653.46	77.1	77.1	89.9
15007007	-0.21	63.00	2.2	81.97	81.6	81.6	88.4
17008008	-0.28	61.33	3.0	63.17	84.2	84.3	87.9
19009009	-0.38	59.59	4.4	46.04	87.2	87.3	87.1
21010010	-0.43	57.95	5.3	40.50	90.1	90.2	86.7
23011011	-0.48	56.39	6.1	36.52	93.0	93.2	86.2
25012012	-0.53	54.95	7.2	32.63	95.7	96.0	85.7
27013013	-0.57	53.50	8.0	30.63	98.7	99.0	85.4
29014014	-0.60	52.15	8.8	29.13	101.5	101.9	85.0
31015015	-0.62	50.93	9.6	28.11	104.3	104.7	84.8
33016016	-0.64	49.70	10.4	27.09	107.1	107.6	84.5
35017017	-0.65	48.60	11.0	26.68	109.8	110.4	84.3
37018018	-0.65	47.48	11.4	26.93	112.7	113.3	84.2
39019019	-0.64	46.35	11.7	27.33	115.8	116.4	84.2
41020020	-0.64	45.28	12.3	27.32	118.8	119.4	84.1
43021021	-0.64	44.21	13.0	27.03	121.9	122.6	83.9
45022022	-0.65	43.28	13.6	26.78	124.7	125.5	83.8
47023023	-0.66	42.36	14.4	26.29	127.6	128.4	83.6
49024024	-0.67	41.51	15.2	25.96	130.4	131.3	83.4
51025025	-0.68	40.67	15.9	25.68	133.2	134.2	83.2
53026026	-0.69	39.84	16.8	25.36	136.1	137.2	83.0
55027027	-0.71	39.08	17.9	24.63	138.8	140.0	82.6
57028028	-0.72	38.34	19.0	24.03	141.6	142.8	82.3
59029029	-0.74	37.61	20.2	23.49	144.3	145.7	82.0
61030030	-0.77	36.93	21.8	22.50	146.9	148.5	81.6
63031031	-0.81	36.27	23.6	21.42	149.3	151.2	81.0
65032032	-0.84	35.59	25.4	20.64	151.9	154.0	80.5
67033033	-0.89	34.90	27.7	19.56	154.5	157.0	79.8
69034034	-0.93	34.21	30.1	18.61	157.2	160.1	79.1
71035035	-0.98	33.53	32.9	17.67	159.8	163.2	78.4
73036036	-1.05	32.77	36.3	16.63	162.6	166.6	77.4
75037037	-1.10	32.06	39.6	15.79	165.3	170.0	76.5
77038038	-1.16	31.33	43.3	15.00	168.0	173.5	75.6
79039039	-1.23	30.60	47.6	14.14	170.5	177.0	74.4
81040040	-1.31	29.86	52.5	13.30	172.8	180.6	73.1
83041041	-1.38	29.06	57.7	12.59	175.3	184.5	71.8
85042042	-1.47	28.29	63.5	11.86	177.1	188.2	70.3
87043043	-1.54	27.57	69.1	11.28	178.8	191.7	68.9
89044044	-1.61	26.70	75.1	10.84	181.5	196.4	67.5
91045045	-1.68	25.75	82.5	10.37	184.0	201.6	65.9
93046046	-1.76	24.81	90.3	9.91	185.9	206.6	64.1
95047047	-1.84	23.90	98.7	9.46	187.0	211.4	62.2
97048048	-1.92	22.95	107.5	9.07	187.9	216.5	60.2
99049049	-1.98	21.93	116.8	8.81	189.7	222.7	58.4
101050050	-2.04	20.76	127.9	8.56	191.4	230.2	56.2
103051051	-2.11	19.50	140.8	8.29	192.1	238.2	53.8
105052052	-2.17	18.20	155.1	8.04	191.7	246.6	51.0
107053053	-2.25	16.95	169.7	7.78	189.2	254.2	48.1
109054054	-2.32	15.59	185.9	7.52	184.6	262.0	44.8
111055055	-2.39	14.28	202.0	7.32	179.0	269.9	41.5
113056056	-2.45	12.91	218.8	7.13	170.9	277.6	38.0
115057057	-2.51	11.53	235.4	6.96	160.3	284.8	34.3
117058058	-2.57	10.02	253.1	6.82	146.9	292.6	30.1
119059059	-2.62	8.47	270.0	6.69	130.1	299.7	25.7
121060060	-2.67	6.92	284.5	6.56	109.8	305.0	21.1
123061061	-2.71	5.27	297.1	6.45	85.9	309.3	16.1
125062062	-2.76	3.60	305.7	6.35	59.5	311.5	11.0
127063063	-2.80	1.90	309.8	6.26	31.3	311.3	5.8
129064064	-2.83	0.13	309.5	6.19	2.1	309.5	0.4
131065065	-2.87	-1.63	303.6	6.12	-25.6	304.7	-4.8
133066066	-2.89	-3.43	293.9	6.07	-52.0	298.5	-10.0
135067067	-2.90	-5.28	281.0	6.05	-76.1	291.2	-15.2
137068068	-2.91	-7.19	264.6	6.03	-97.1	281.9	-20.1
139069069	-2.92	-9.10	246.1	6.01	-113.8	271.2	-24.8
141070070	-2.91	-11.15	226.0	6.03	-128.1	259.7	-29.5
143071071	-2.91	-13.15	206.0	6.03	-137.6	247.7	-33.7
145072072	-2.90	-15.22	186.2	6.05	-143.8	235.3	-37.7
147073073	-2.88	-17.41	166.7	6.09	-147.7	222.7	-41.6
149074074	-2.86	-19.58	149.0	6.13	-149.0	210.7	-45.0
151075075	-2.84	-21.78	132.8	6.18	-148.2	198.9	-48.1
153076076	-2.81	-23.99	118.2	6.24	-146.2	188.0	-51.0
155077077	-2.76	-26.30	104.7	6.34	-143.3	177.5	-53.9
157078078	-2.75	-28.61	93.2	6.38	-138.8	167.2	-56.1
159079079	-2.72	-31.03	82.7	6.44	-133.9	157.3	-58.3
161080080	-2.70	-33.38	73.9	6.49	-128.8	148.5	-60.2
163081081	-2.68	-35.79	66.2	6.53	-123.4	140.1	-61.8
165082082	-2.66	-37.99	60.1	6.58	-118.7	133.1	-63.2
167083083	-2.62	-40.23	54.3	6.67	-114.3	126.6	-64.6
169084084	-2.56	-42.45	49.0	6.82	-110.3	120.7	-66.1
171085085	-2.49	-44.71	44.0	7.02	-106.4	115.1	-67.5
173086086	-2.41	-47.20	39.1	7.26	-102.1	109.3	-69.0
175087087	-2.33	-49.91	34.6	7.51	-97.6	103.5	-70.5
177088088	-2.26	-52.67	30.7	7.74	-93.0	97.9	-71.7
179089089	-2.21	-55.55	27.5	7.92	-88.3	92.5	-72.7
181090090	-2.15	-58.56	24.5	8.13	-83.8	87.3	-73.7
183091091	-2.11	-61.59	22.1	8.29	-79.4	82.4	-74.4
185092092	-2.07	-64.76	20.0	8.44	-75.1	77.7	-75.1
187093093	-2.04	-68.22	18.0	8.56	-70.7	73.0	-75.7
189094094	-2.00	-71.77	16.2	8.74	-66.5	68.5	-76.3
191095095	-1.95	-75.61	14.6	8.94	-62.3	64.0	-76.8
193096096	-1.91	-79.92	13.0	9.14	-58.0	59.4	-77.3
195097097	-1.90	-84.86	11.8	9.17	-53.3	54.6	-77.5
197098098	-1.95	-90.32	11.0	8.94	-48.5	49.7	-77.2
199099099	-2.01	-96.17	10.3	8.67	-43.8	45.0	-76.8
201100100	-2.10	-102.49	9.8	8.32	-39.2	40.4	-76.0
203101101	-2.19	-109.80	9.3	7.98	-34.3	35.6	-74.9
205102102	-2.35	-118.46	9.0	7.44	-29.0	30.4	-72.7
207103103	-2.61	-127.90	9.2	6.71	-23.8	25.5	-68.9
209104104	-2.97	-138.38	9.6	5.91	-18.4	20.8	-62.3
211105105	-3.42	-150.09	10.4	5.15	-12.8	16.5	-51.0
213106106	-4.03	-163.36	11.6	4.39	-6.9	13.5	-30.8
215107107	-4.82	-178.12	13.5	3.69	-0.8	13.6	-3.2
217108108	-5.70	165.50	16.1	3.16	5.7	17.1	19.6
219109109	-6.50	147.59	19.2	2.80	12.5	22.9	33.2
221110110	-7.00	128.71	22.8	2.61	19.8	30.2	41.0
223111111	-7.13	109.95	27.0	2.57	27.7	38.7	45.7
225112112	-6.91	93.35	31.7	2.64	35.9	47.9	48.5
227113113	-6.33	79.72	36.2	2.86	44.8	57.5	51.1
229114114	-5.52	67.50	41.1	3.25	55.9	69.4	53.7
231115115	-4.70	56.16	47.9	3.79	70.0	84.8	55.7
233116116	-4.03	45.98	58.0	4.39	86.7	104.3	56.2
235117117	-3.51	36.90	73.3	5.02	106.1	129.0	55.4
237118118	-3.10	29.20	95.3	5.66	127.3	159.0	53.2
239119119	-2.79	22.19	129.6	6.27	149.6	197.9	49.1
241120120	-2.56	15.88	182.5	6.84	167.2	247.5	42.5
243121121	-2.38	10.16	259.5	7.34	164.9	307.4	32.4
245122122	-2.25	4.90	350.3	7.77	114.2	368.5	18.1
247123123	-2.15	0.16	406.6	8.13	4.6	406.6	0.6
249124124	-2.07	-4.25	385.0	8.44	-118.8	402.9	-17.2
251125125	-2.02	-8.45	308.5	8.64	-193.2	364.0	-32.0
253126126	-1.98	-12.27	234.9	8.80	-216.7	319.6	-42.7
255127127	-1.95	-15.85	178.7	8.96	-216.0	280.3	-50.4
257128128	-1.90	-19.27	137.8	9.16	-205.9	247.8	-56.2
259129129	-1.87	-22.56	108.6	9.34	-192.4	220.9	-60.6
261130130	-1.84	-25.83	87.2	9.47	-177.9	198.1	-63.9
263131131	-1.82	-28.99	71.8	9.56	-164.4	179.4	-66.4
265132132	-1.80	-31.76	61.0	9.66	-153.6	165.2	-68.3
267133133	-1.76	-34.54	51.9	9.88	-143.9	153.0	-70.2
269134134	-1.71	-37.08	44.7	10.19	-136.0	143.2	-71.8
271135135	-1.65	-39.68	38.4	10.57	-128.5	134.1	-73.3
273136136	-1.58	-42.22	33.2	11.01	-121.7	126.1	-74.8
275137137	-1.53	-44.91	28.8	11.37	-114.8	118.4	-75.9
277138138	-1.47	-47.45	25.1	11.88	-109.0	111.8	-77.0
279139139	-1.41	-49.90	22.1	12.33	-103.6	105.9	-77.9
281140140	-1.38	-52.35	19.8	12.62	-98.5	100.5	-78.6
283141141	-1.33	-54.72	17.7	13.12	-94.0	95.7	-79.4
285142142	-1.29	-57.00	16.0	13.50	-89.9	91.3	-79.9
287143143	-1.25	-59.16	14.5	13.89	-86.2	87.5	-80.4
289144144	-1.20	-61.31	13.1	14.44	-82.8	83.9	-81.0
291145145	-1.16	-63.40	11.9	14.99	-79.7	80.6	-81.5
293146146	-1.13	-65.34	11.0	15.40	-76.9	77.7	-81.8
295147147	-1.10	-67.32	10.2	15.78	-74.1	74.8	-82.1
297148148	-1.08	-69.13	9.6	16.07	-71.7	72.3	-82.4
299149149	-1.05	-70.94	8.9	16.63	-69.4	70.0	-82.7
301150150	-1.02	-72.66	8.3	17.09	-67.3	67.8	-83.0
303151151	-1.00	-74.37	7.8	17.43	-65.3	65.8	-83.2
305152152	-0.98	-76.01	7.4	17.72	-63.4	63.9	-83.3
307153153	-0.95	-77.70	6.9	18.34	-61.6	62.0	-83.6
309154154	-0.93	-79.22	6.6	18.62	-60.0	60.4	-83.7
311155155	-0.92	-80.78	6.3	18.94	-58.4	58.7	-83.9
313156156	-0.90	-82.34	5.9	19.40	-56.8	57.1	-84.0
315157157	-0.89	-83.86	5.7	19.61	-55.3	55.6	-84.1
317158158	-0.88	-85.36	5.5	19.66	-53.9	54.2	-84.2
319159159	-0.86	-86.84	5.2	20.30	-52.6	52.8	-84.3
321160160	-0.84	-88.36	5.0	20.71	-51.2	51.4	-84.5
323161161	-0.83	-89.81	4.8	21.03	-49.9	50.2	-84.6
325162162	-0.83	-91.29	4.6	20.99	-48.7	48.9	-84.5
327163163	-0.81	-92.74	4.4	21.46	-47.5	47.7	-84.7
329164164	-0.81	-94.18	4.4	21.35	-46.3	46.5	-84.6
331165165	-0.80	-95.62	4.2	21.65	-45.1	45.3	-84.7
333166166	-0.79	-97.17	4.0	22.03	-43.9	44.1	-84.8
335167167	-0.79	-98.75	3.9	22.02	-42.7	42.9	-84.7
337168168	-0.80	-100.22	3.9	21.86	-41.6	41.8	-84.7
339169169	-0.81	-101.79	3.8	21.59	-40.5	40.7	-84.6
341170170	-0.81	-103.36	3.8	21.41	-39.4	39.6	-84.5
343171171	-0.82	-104.97	3.7	21.28	-38.3	38.4	-84.4
345172172	-0.83	-106.48	3.7	20.97	-37.2	37.4	-84.3
347173173	-0.84	-107.99	3.7	20.72	-36.2	36.4	-84.2
349174174	-0.84	-109.59	3.6	20.68	-35.2	35.3	-84.1
351175175	-0.85	-111.22	3.6	20.48	-34.1	34.3	-84.0
353176176	-0.86	-112.73	3.6	20.22	-33.1	33.3	-83.9
355177177	-0.88	-114.25	3.6	19.76	-32.2	32.4	-83.6
357178178	-0.89	-115.77	3.6	19.59	-31.3	31.5	-83.5
359179179	-0.90	-117.32	3.5	19.41	-30.3	30.5	-83.4
361180180	-0.90	-118.90	3.5	19.35	-29.4	29.6	-83.3
363181181	-0.91	-120.43	3.5	19.17	-28.5	28.7	-83.1
365182182	-0.92	-122.04	3.4	18.95	-27.6	27.8	-82.9
367183183	-0.92	-123.59	3.4	18.97	-26.7	26.9	-82.8
369184184	-0.92	-125.09	3.3	19.00	-25.9	26.1	-82.6
371185185	-0.92	-126.59	3.3	18.94	-25.1	25.3	-82.5
373186186	-0.92	-128.10	3.3	18.95	-24.3	24.5	-82.3
375187187	-0.91	-129.57	3.2	19.04	-23.5	23.7	-82.2
377188188	-0.91	-131.03	3.2	19.01	-22.7	22.9	-82.0
379189189	-0.91	-132.47	3.1	19.15	-21.9	22.2	-81.9
381190190	-0.90	-133.85	3.1	19.25	-21.2	21.5	-81.8
383191191	-0.89	-135.27	3.0	19.46	-20.5	20.7	-81.7
385192192	-0.88	-136.68	2.9	19.65	-19.8	20.0	-81.5
387193193	-0.88	-138.01	2.9	19.80	-19.1	19.3	-81.4
389194194	-0.87	-139.35	2.9	19.88	-18.5	18.7	-81.2
391195195	-0.86	-140.65	2.8	20.14	-17.8	18.0	-81.1
393196196	-0.85	-141.91	2.7	20.39	-17.2	17.4	-80.9
395197197	-0.85	-143.20	2.7	20.57	-16.6	16.8	-80.8
397198198	-0.84	-144.45	2.7	20.70	-16.0	16.2	-80.5
399199199	-0.83	-145.65	2.6	20.90	-15.4	15.6	-80.4
401200200	-0.82	-146.84	2.6	21.07	-14.8	15.1	-80.1
403201201	-0.81	-148.03	2.5	21.38	-14.3	14.5	-80.0
405202202	-0.81	-149.18	2.5	21.43	-13.8	14.0	-79.7
407203203	-0.80	-150.36	2.5	21.64	-13.2	13.4	-79.4
409204204	-0.80	-151.46	2.4	21.84	-12.7	12.9	-79.1
411205205	-0.80	-152.54	2.4	21.83	-12.2	12.4	-78.7
413206206	-0.80	-153.58	2.4	21.75	-11.7	12.0	-78.3
415207207	-0.80	-154.66	2.4	21.61	-11.2	11.5	-77.8
417208208	-0.81	-155.69	2.4	21.53	-10.7	11.0	-77.3
419209209	-0.81	-156.75	2.4	21.34	-10.3	10.6	-76.6
421210210	-0.83	-157.76	2.5	20.99	-9.8	10.1	-75.8
423211211	-0.83	-158.70	2.5	20.86	-9.4	9.7	-75.2
425212212	-0.84	-159.71	2.5	20.58	-8.9	9.3	-74.3
427213213	-0.86	-160.66	2.6	20.11	-8.5	8.9	-73.2
429214214	-0.88	-161.66	2.6	19.87	-8.1	8.5	-72.2
431215215	-0.89	-162.62	2.6	19.46	-7.6	8.1	-71.0
433216216	-0.91	-163.54	2.7	19.12	-7.2	7.7	-69.7
435217217	-0.93	-164.53	2.7	18.67	-6.8	7.3	-68.1
437218218	-0.96	-165.45	2.8	18.20	-6.4	6.9	-66.3
439219219	-0.98	-166.38	2.9	17.71	-6.0	6.6	-64.3
441220220	-1.00	-167.31	2.9	17.35	-5.5	6.3	-62.2
443221221	-1.03	-168.28	3.0	16.91	-5.1	5.9	-59.7
445222222	-1.06	-169.15	3.1	16.45	-4.7	5.6	-57.0
447223223	-1.08	-170.08	3.1	16.13	-4.3	5.3	-54.1
449224224	-1.11	-171.08	3.2	15.64	-3.9	5.0	-50.4
451225225	-1.14	-172.04	3.3	15.29	-3.5	4.8	-46.5
453226226	-1.17	-172.96	3.4	14.87	-3.1	4.6	-42.2
455227227	-1.19	-173.94	3.4	14.61	-2.6	4.3	-37.5
457228228	-1.22	-174.93	3.5	14.29	-2.2	4.1	-32.2
459229229	-1.24	-175.95	3.6	13.99	-1.8	4.0	-26.2
461230230	-1.27	-176.89	3.7	13.69	-1.3	3.9	-20.3
463231231	-1.29	-177.96	3.7	13.46	-0.9	3.8	-13.4
465232232	-1.32	-178.86	3.8	13.23	-0.5	3.8	-7.5
467233233	-1.34	-179.93	3.9	12.99	-0.0	3.9	-0.5
469234234	-1.36	179.09	3.9	12.79	0.4	3.9	5.8
471235235	-1.38	178.03	4.0	12.64	0.9	4.0	12.2
473236236	-1.40	176.98	4.0	12.46	1.3	4.2	18.0
475237237	-1.41	175.96	4.0	12.37	1.8	4.4	23.4
477238238	-1.42	174.94	4.1	12.24	2.2	4.6	28.2
479239239	-1.44	173.88	4.1	12.09	2.7	4.9	32.6
481240240	-1.44	172.81	4.2	12.05	3.1	5.2	36.8
483241241	-1.46	171.77	4.2	11.95	3.6	5.5	40.3
485242242	-1.46	170.70	4.2	11.90	4.0	5.8	43.7
487243243	-1.47	169.63	4.3	11.81	4.5	6.2	46.5
489244244	-1.48	168.59	4.3	11.76	5.0	6.6	49.1
491245245	-1.49	167.53	4.3	11.70	5.4	6.9	51.4
493246246	-1.49	166.46	4.3	11.71	5.9	7.3	53.7
495247247	-1.50	165.43	4.4	11.63	6.3	7.7	55.4
497248248	-1.50	164.38	4.4	11.63	6.8	8.1	57.2
499249249	-1.49	163.37	4.4	11.68	7.3	8.5	58.9
501250250	-1.48	162.28	4.4	11.76	7.7	8.9	60.6
503251251	-1.48	161.16	4.4	11.79	8.2	9.3	62.1
505252252	-1.47	160.14	4.3	11.85	8.7	9.7	63.4
507253253	-1.47	159.08	4.4	11.87	9.2	10.1	64.6
509254254	-1.47	158.00	4.4	11.87	9.6	10.6	65.6
511255255	-1.47	156.88	4.4	11.88	10.1	11.1	66.6
513256256	-1.46	155.81	4.4	11.91	10.6	11.5	67.6
515257257	-1.45	154.74	4.4	11.97	11.1	12.0	68.5
517258258	-1.45	153.67	4.4	11.98	11.6	12.4	69.2
519259259	-1.45	152.60	4.4	12.00	12.1	12.9	70.0
521260260	-1.45	151.49	4.4	12.00	12.6	13.4	70.6
523261261	-1.46	150.41	4.5	11.96	13.1	13.8	71.2
525262262	-1.45	149.25	4.5	12.00	13.6	14.4	71.8
527263263	-1.46	148.22	4.5	11.96	14.1	14.8	72.3
529264264	-1.46	147.05	4.5	11.95	14.7	15.4	72.8
531265265	-1.46	145.87	4.6	11.89	15.2	15.9	73.2
533266266	-1.47	144.69	4.6	11.86	15.8	16.5	73.6
535267267	-1.48	143.56	4.7	11.80	16.3	17.0	74.0
537268268	-1.49	142.43	4.8	11.72	16.9	17.5	74.3
539269269	-1.48	141.22	4.8	11.75	17.5	18.1	74.7
541270270	-1.50	139.99	4.9	11.62	18.1	18.7	74.9
543271271	-1.51	138.81	5.0	11.51	18.6	19.3	75.1
545272272	-1.53	137.63	5.1	11.36	19.2	19.9	75.3
547273273	-1.55	136.32	5.2	11.21	19.9	20.5	75.4
549274274	-1.57	135.08	5.3	11.08	20.5	21.1	75.5
551275275	-1.60	133.80	5.4	10.89	21.1	21.8	75.6
553276276	-1.64	132.44	5.6	10.62	21.8	22.5	75.6
555277277	-1.67	131.13	5.8	10.42	22.5	23.2	75.6
557278278	-1.70	129.82	5.9	10.26	23.1	23.9	75.6
559279279	-1.73	128.57	6.1	10.08	23.8	24.6	75.6
561280280	-1.77	127.21	6.3	9.83	24.5	25.3	75.5
563281281	-1.82	125.83	6.6	9.56	25.2	26.1	75.4
565282282	-1.87	124.46	6.8	9.31	25.9	26.8	75.2
567283283	-1.93	123.23	7.1	9.04	26.6	27.5	75.0
569284284	-1.99	121.97	7.4	8.76	27.3	28.3	74.7
571285285	-2.04	120.62	7.7	8.55	28.0	29.0	74.6
573286286	-2.10	119.35	8.0	8.32	28.7	29.8	74.4
575287287	-2.16	118.12	8.4	8.08	29.4	30.5	74.1
577288288	-2.22	116.97	8.7	7.87	30.0	31.2	73.8
579289289	-2.29	115.73	9.1	7.64	30.7	32.0	73.5
581290290	-2.35	114.57	9.4	7.43	31.3	32.7	73.2
583291291	-2.42	113.58	9.8	7.23	31.8	33.3	72.9
585292292	-2.48	112.64	10.1	7.05	32.4	33.9	72.6
587293293	-2.52	111.64	10.4	6.94	32.9	34.5	72.4
589294294	-2.55	110.70	10.7	6.85	33.5	35.1	72.3
591295295	-2.57	109.86	10.8	6.81	34.0	35.7	72.3
593296296	-2.57	109.08	11.0	6.80	34.5	36.2	72.4
595297297	-2.56	108.15	11.0	6.84	35.1	36.7	72.5
597298298	-2.53	107.29	11.0	6.91	35.6	37.3	72.8
599299299	-2.49	106.32	11.0	7.02	36.3	37.9	73.1
601300300	-2.47	105.30	11.1	7.08	37.0	38.6	73.4
603301301	-2.42	104.22	11.0	7.22	37.7	39.3	73.7
605302302	-2.38	103.05	11.0	7.33	38.5	40.1	74.1
607303303	-2.35	101.99	11.0	7.45	39.3	40.8	74.4
609304304	-2.28	100.86	10.9	7.66	40.1	41.6	74.9
611305305	-2.23	99.74	10.8	7.84	41.0	42.4	75.3
613306306	-2.17	98.45	10.7	8.05	42.0	43.3	75.7
615307307	-2.11	97.15	10.6	8.26	43.0	44.3	76.1
617308308	-2.06	95.84	10.6	8.46	44.0	45.3	76.4
619309309	-2.02	94.68	10.6	8.63	44.9	46.2	76.7
621310310	-1.99	93.41	10.6	8.78	46.0	47.2	77.0
623311311	-1.94	92.05	10.6	8.99	47.1	48.3	77.3
625312312	-1.92	90.89	10.7	9.10	48.1	49.2	77.5
627313313	-1.87	89.59	10.7	9.33	49.2	50.4	77.8
629314314	-1.83	88.35	10.7	9.55	50.3	51.4	78.0
631315315	-1.79	87.19	10.7	9.75	51.4	52.5	78.3
633316316	-1.75	85.94	10.7	9.94	52.5	53.6	78.5
635317317	-1.74	84.72	10.8	10.04	53.6	54.7	78.6
637318318	-1.71	83.56	10.9	10.17	54.8	55.8	78.7
639319319	-1.68	82.34	11.0	10.39	56.0	57.0	78.9
641320320	-1.64	81.13	11.0	10.65	57.2	58.3	79.1
643321321	-1.62	79.95	11.1	10.77	58.4	59.5	79.2
645322322	-1.61	78.84	11.3	10.85	59.6	60.6	79.3
647323323	-1.59	77.62	11.5	10.95	60.9	61.9	79.3
649324324	-1.56	76.46	11.5	11.18	62.2	63.2	79.5
651325325	-1.56	75.36	11.8	11.20	63.4	64.5	79.5
653326326	-1.55	74.09	12.1	11.22	64.8	65.9	79.4
655327327	-1.55	72.96	12.4	11.20	66.1	67.3	79.3
657328328	-1.55	71.74	12.8	11.24	67.6	68.8	79.3
659329329	-1.57	70.63	13.2	11.12	68.9	70.2	79.1
661330330	-1.57	69.07	13.7	11.13	70.9	72.2	79.0
663331331	-1.56	67.64	14.2	11.15	72.7	74.1	78.9
665332332	-1.56	66.46	14.6	11.19	74.3	75.7	78.9
667333333	-1.61	65.34	15.5	10.82	75.7	77.3	78.4
669334334	-1.63	64.00	16.2	10.72	77.6	79.3	78.2
671335335	-1.63	62.58	17.0	10.68	79.7	81.4	78.0
673336336	-1.65	61.37	17.7	10.57	81.4	83.3	77.7
675337337	-1.67	60.01	18.7	10.41	83.5	85.5	77.4
677338338	-1.72	58.67	19.9	10.13	85.5	87.8	76.9
679339339	-1.75	57.31	21.1	9.96	87.6	90.1	76.5
681340340	-1.78	56.09	22.3	9.78	89.6	92.3	76.0
683341341	-1.83	54.62	24.0	9.50	91.9	95.0	75.4
685342342	-1.86	53.12	25.5	9.38	94.6	98.0	74.9
687343343	-1.92	51.62	27.6	9.08	97.1	100.9	74.1
689344344	-1.98	50.16	29.8	8.81	99.6	104.0	73.3
691345345	-2.01	48.62	31.9	8.67	102.5	107.4	72.7
693346346	-2.06	46.90	34.8	8.45	105.8	111.4	71.8
695347347	-2.12	45.27	37.8	8.23	108.9	115.3	70.8
697348348	-2.17	43.49	41.3	8.04	112.5	119.8	69.8
699349349	-2.23	41.74	45.3	7.83	116.0	124.5	68.7
701350350	-2.29	40.05	49.5	7.63	119.4	129.3	67.5
703351351	-2.34	38.37	54.0	7.46	122.9	134.2	66.3
705352352	-2.40	36.53	59.6	7.28	126.7	140.0	64.8
707353353	-2.45	34.77	65.3	7.15	130.5	146.0	63.4
709354354	-2.51	32.96	72.2	6.97	134.0	152.2	61.7
711355355	-2.55	30.95	80.1	6.87	138.5	160.0	59.9
713356356	-2.59	29.06	88.7	6.75	142.2	167.6	58.1
715357357	-2.63	27.18	98.2	6.65	145.8	175.8	56.0
717358358	-2.69	25.34	108.8	6.51	148.1	183.8	53.7
719359359	-2.73	23.50	120.4	6.41	150.0	192.4	51.3
721360360	-2.76	21.56	133.7	6.34	151.8	202.3	48.6
723361361	-2.79	19.52	149.2	6.29	152.7	213.5	45.7
725362362	-2.82	17.62	165.0	6.22	151.5	224.0	42.5
727363363	-2.85	15.68	182.5	6.16	147.8	234.8	39.0
729364364	-2.87	13.64	202.0	6.11	141.6	246.7	35.0
731365365	-2.89	11.64	221.7	6.06	131.9	258.0	30.8
733366366	-2.91	9.83	239.3	6.03	119.7	267.5	26.6
735367367	-2.92	7.91	257.4	6.01	103.5	277.4	21.9
737368368	-2.92	5.88	274.6	6.00	82.0	286.6	16.6
739369369	-2.93	3.73	288.9	5.99	54.7	294.0	10.7
741370370	-2.93	1.78	296.8	5.99	26.8	298.0	5.2
743371371	-2.94	-0.18	298.3	5.97	-2.7	298.4	-0.5
745372372	-2.96	-2.38	292.1	5.93	-34.9	294.2	-6.8
747373373	-2.99	-4.30	280.5	5.88	-60.0	286.9	-12.1
749374374	-3.00	-6.32	265.3	5.84	-82.7	277.9	-17.3
751375375	-3.02	-8.32	247.9	5.81	-101.2	267.8	-22.2
753376376	-3.05	-10.37	227.8	5.75	-114.4	254.9	-26.7
755377377	-3.08	-12.35	209.0	5.70	-123.6	242.8	-30.6
757378378	-3.11	-14.30	190.9	5.64	-128.7	230.2	-34.0
759379379	-3.15	-16.33	173.5	5.57	-131.5	217.7	-37.2
761380380	-3.22	-18.50	156.5	5.46	-130.9	204.1	-39.9
763381381	-3.29	-20.45	143.0	5.35	-128.9	192.6	-42.0
765382382	-3.35	-22.32	131.6	5.25	-126.3	182.4	-43.8
767383383	-3.43	-24.17	121.6	5.14	-123.0	172.9	-45.3
769384384	-3.53	-26.16	112.2	4.99	-118.4	163.1	-46.5
771385385	-3.65	-27.92	105.0	4.83	-113.7	154.8	-47.3
773386386	-3.76	-29.63	98.8	4.69	-109.4	147.4	-47.9
775387387	-3.88	-31.30	93.5	4.55	-105.2	140.7	-48.4
777388388	-4.01	-32.84	89.1	4.41	-101.0	134.7	-48.6
779389389	-4.15	-34.24	85.7	4.26	-97.1	129.5	-48.6
781390390	-4.30	-35.45	83.0	4.12	-93.3	124.9	-48.3
783391391	-4.46	-36.53	81.0	3.98	-89.9	121.0	-48.0
785392392	-4.57	-37.24	79.7	3.89	-87.6	118.4	-47.7
787393393	-4.65	-37.78	78.7	3.83	-86.0	116.6	-47.5
789394394	-4.70	-38.30	77.7	3.79	-84.9	115.1	-47.5
791395395	-4.70	-38.70	76.8	3.79	-84.6	114.3	-47.8
793396396	-4.65	-39.02	75.9	3.83	-85.2	114.1	-48.3
795397397	-4.51	-39.36	74.5	3.93	-86.9	114.4	-49.4
797398398	-4.35	-40.00	72.1	4.08	-88.8	114.4	-50.9
799399399	-4.11	-41.04	68.2	4.31	-91.3	114.0	-53.2
801400400	-3.85	-42.32	63.5	4.58	-93.3	112.9	-55.8
803401401	-3.63	-44.20	57.8	4.86	-93.8	110.2	-58.4
805402402	-3.40	-46.43	51.7	5.17	-93.2	106.6	-61.0
807403403	-3.20	-49.09	45.5	5.50	-91.4	102.1	-63.5
809404404	-3.04	-52.00	40.1	5.76	-88.3	96.9	-65.6
811405405	-2.91	-55.06	35.3	6.02	-84.7	91.7	-67.4
813406406	-2.83	-58.09	31.6	6.20	-80.9	86.8	-68.7
815407407	-2.78	-61.22	28.5	6.31	-76.9	82.0	-69.6
817408408	-2.71	-64.39	25.7	6.46	-73.1	77.5	-70.6
819409409	-2.69	-67.38	23.7	6.51	-69.5	73.5	-71.2
821410410	-2.68	-70.36	22.0	6.53	-66.1	69.7	-71.6
823411411	-2.67	-73.41	20.5	6.55	-62.9	66.1	-71.9
825412412	-2.68	-76.35	19.3	6.54	-59.8	62.9	-72.1
827413413	-2.68	-79.10	18.3	6.52	-57.2	60.0	-72.3
829414414	-2.69	-81.95	17.3	6.51	-54.5	57.2	-72.4
831415415	-2.70	-84.60	16.5	6.49	-52.2	54.7	-72.4
833416416	-2.72	-87.15	15.9	6.44	-50.0	52.4	-72.3
835417417	-2.74	-89.74	15.3	6.40	-47.8	50.2	-72.2
837418418	-2.75	-92.22	14.8	6.38	-45.9	48.2	-72.2
839419419	-2.76	-94.69	14.3	6.35	-44.0	46.2	-72.0
841420420	-2.76	-97.20	13.7	6.35	-42.2	44.4	-72.0
843421421	-2.77	-99.41	13.3	6.33	-40.6	42.7	-71.8
845422422	-2.78	-101.69	13.0	6.31	-39.0	41.1	-71.6
847423423	-2.81	-103.80	12.7	6.24	-37.6	39.7	-71.3
849424424	-2.82	-105.92	12.5	6.21	-36.2	38.3	-71.0
851425425	-2.83	-108.14	12.2	6.19	-34.8	36.9	-70.7
853426426	-2.84	-110.08	11.9	6.18	-33.6	35.7	-70.5
855427427	-2.86	-112.18	11.7	6.13	-32.3	34.4	-70.1
857428428	-2.89	-114.16	11.6	6.07	-31.1	33.2	-69.6
859429429	-2.91	-116.05	11.4	6.03	-30.0	32.1	-69.2
861430430	-2.92	-117.98	11.2	6.00	-28.9	31.0	-68.8
863431431	-2.95	-119.90	11.1	5.95	-27.8	30.0	-68.3
865432432	-2.94	-121.77	10.9	5.96	-26.8	29.0	-67.9
867433433	-2.97	-123.69	10.8	5.90	-25.8	28.0	-67.2
869434434	-3.01	-125.62	10.8	5.83	-24.7	27.0	-66.5
871435435	-3.03	-127.50	10.7	5.79	-23.7	26.0	-65.8
873436436	-3.04	-129.30	10.6	5.76	-22.8	25.1	-65.2
875437437	-3.09	-131.24	10.5	5.68	-21.8	24.2	-64.2
877438438	-3.11	-133.11	10.5	5.64	-20.9	23.4	-63.4
879439439	-3.14	-134.97	10.4	5.59	-20.0	22.5	-62.4
881440440	-3.15	-136.71	10.3	5.57	-19.1	21.7	-61.6
883441441	-3.17	-138.63	10.3	5.54	-18.2	20.9	-60.5
885442442	-3.19	-140.39	10.2	5.51	-17.3	20.1	-59.5
887443443	-3.19	-142.24	10.1	5.50	-16.5	19.3	-58.4
889444444	-3.20	-144.13	10.0	5.50	-15.6	18.5	-57.3
891445445	-3.21	-146.01	10.0	5.47	-14.7	17.8	-55.9
893446446	-3.22	-147.80	9.9	5.46	-13.9	17.1	-54.6
895447447	-3.21	-149.66	9.8	5.47	-13.1	16.3	-53.2
897448448	-3.22	-151.38	9.7	5.45	-12.3	15.7	-51.6
899449449	-3.22	-153.17	9.7	5.46	-11.5	15.0	-50.0
901450450	-3.20	-155.00	9.5	5.49	-10.7	14.3	-48.3
903451451	-3.18	-156.78	9.4	5.52	-9.9	13.7	-46.4
905452452	-3.17	-158.52	9.3	5.54	-9.2	13.1	-44.5
907453453	-3.15	-160.20	9.2	5.58	-8.4	12.5	-42.5
909454454	-3.11	-161.83	9.1	5.64	-7.7	11.9	-40.4
911455455	-3.09	-163.50	9.0	5.68	-7.0	11.4	-38.0
913456456	-3.08	-165.02	8.9	5.70	-6.4	11.0	-35.5
915457457	-3.02	-166.81	8.7	5.81	-5.6	10.4	-32.8
917458458	-2.99	-168.32	8.6	5.87	-5.0	9.9	-30.0
919459459	-2.95	-169.81	8.5	5.95	-4.3	9.5	-27.1
921460460	-2.90	-171.35	8.3	6.06	-3.7	9.1	-23.9
923461461	-2.86	-172.75	8.2	6.12	-3.1	8.8	-20.6
925462462	-2.81	-174.19	8.0	6.23	-2.5	8.4	-17.1
927463463	-2.76	-175.64	7.9	6.35	-1.9	8.1	-13.3
929464464	-2.72	-176.97	7.8	6.45	-1.3	7.9	-9.4
931465465	-2.66	-178.28	7.6	6.57	-0.7	7.6	-5.5
933466466	-2.61	-179.64	7.4	6.72	-0.2	7.4	-1.2
935467467	-2.55	179.15	7.3	6.87	0.4	7.3	2.9
937468468	-2.49	177.84	7.1	7.04	0.9	7.2	7.4
939469469	-2.43	176.56	7.0	7.19	1.5	7.1	12.0
941470470	-2.38	175.35	6.8	7.36	2.0	7.1	16.3
943471471	-2.33	174.12	6.7	7.50	2.5	7.1	20.7
945472472	-2.26	172.97	6.5	7.73	3.0	7.2	25.0
947473473	-2.21	171.61	6.4	7.90	3.6	7.3	29.6
949474474	-2.15	170.44	6.2	8.12	4.1	7.4	33.6
951475475	-2.09	169.22	6.0	8.36	4.6	7.6	37.6
953476476	-2.02	167.98	5.9	8.62	5.2	7.8	41.5
955477477	-1.97	166.80	5.7	8.84	5.7	8.1	44.9
957478478	-1.92	165.68	5.6	9.07	6.2	8.4	47.9
959479479	-1.86	164.46	5.4	9.36	6.7	8.7	51.1
961480480	-1.82	163.33	5.3	9.59	7.2	9.0	53.7
963481481	-1.76	162.09	5.2	9.91	7.8	9.4	56.5
965482482	-1.71	160.92	5.0	10.18	8.3	9.7	58.7
967483483	-1.66	159.68	4.9	10.48	8.9	10.2	61.0
969484484	-1.61	158.39	4.8	10.83	9.5	10.6	63.2
971485485	-1.54	157.13	4.6	11.30	10.0	11.0	65.3
973486486	-1.49	155.97	4.5	11.66	10.6	11.5	67.0
975487487	-1.42	154.73	4.3	12.23	11.1	11.9	68.9
977488488	-1.39	153.44	4.2	12.53	11.7	12.5	70.2
979489489	-1.33	152.08	4.1	13.06	12.4	13.0	71.8
981490490	-1.29	150.78	3.9	13.52	13.0	13.5	73.0
983491491	-1.23	149.50	3.8	14.17	13.6	14.1	74.4
985492492	-1.17	148.24	3.6	14.89	14.2	14.6	75.6
987493493	-1.11	146.81	3.5	15.64	14.8	15.2	76.8
989494494	-1.05	145.41	3.3	16.60	15.5	15.9	78.0
991495495	-0.99	144.05	3.1	17.60	16.2	16.5	79.0
993496496	-0.93	142.63	3.0	18.62	16.9	17.1	79.9
995497497	-0.87	141.19	2.8	19.89	17.6	17.8	80.9
997498498	-0.82	139.76	2.7	21.15	18.3	18.5	81.7
999499499	-0.76	138.36	2.5	22.87	19.0	19.1	82.5
1001500500	-0.70	137.00	2.3	24.80	19.7	19.8	83.2
1003501501	-0.63	135.26	2.1	27.44	20.5	20.7	84.1
1005502502	-0.59	133.93	2.0	29.67	21.2	21.3	84.6
1007503503	-0.51	132.50	1.8	33.82	22.0	22.0	85.4
1009504504	-0.44	130.97	1.5	39.46	22.8	22.8	86.2
1011505505	-0.38	129.37	1.3	45.64	23.6	23.7	86.8
1013506506	-0.30	127.93	1.1	57.69	24.4	24.4	87.5
1015507507	-0.25	126.32	0.9	69.32	25.3	25.3	87.9
1017508508	-0.19	124.96	0.7	92.12	26.0	26.1	88.5
1019509509	-0.12	123.26	0.4	147.50	27.0	27.0	89.1
1021510510	-0.06	121.78	0.2	278.34	27.8	27.8	89.5
1023511511	-0.02	120.23	0.1	799.83	28.7	28.7	89.8
1025512512	0.00	118.62	0.0	?	29.7	29.7	90.0
1027513513	0.00	117.06	0.0	?	30.6	30.6	90.0
1029514514	0.00	115.40	0.0	?	31.6	31.6	90.0
1031515515	0.00	113.87	0.0	?	32.5	32.5	90.0
1033516516	0.00	112.24	0.0	?	33.6	33.6	90.0
1035517517	0.00	110.57	0.0	?	34.6	34.6	90.0
1037518518	0.00	109.03	0.0	?	35.6	35.6	90.0
1039519519	0.00	107.20	0.0	?	36.9	36.9	90.0
1041520520	0.00	105.58	0.0	?	38.0	38.0	90.0
1043521521	0.00	103.82	0.0	?	39.2	39.2	90.0
1045522522	-1.09	163.85	3.2	15.93	7.1	7.8	65.6
1047523523	0.00	148.52	0.0	?	14.1	14.1	90.0
1049524524	-0.26	96.50	1.4	65.71	44.6	44.6	88.2
1051525525	-0.86	89.38	5.0	20.16	50.3	50.5	84.3
1053526526	-0.92	87.00	5.6	18.80	52.4	52.7	83.9
1055527527	-0.99	84.85	6.2	17.60	54.3	54.7	83.5
1057528528	-1.02	82.56	6.7	17.02	56.5	56.9	83.2
1059529529	-1.06	80.28	7.3	16.40	58.8	59.2	82.9
1061530530	-1.12	78.02	8.0	15.59	61.1	61.6	82.5
1063531531	-1.20	75.41	9.2	14.45	63.9	64.5	81.8
1065532532	-1.30	72.91	10.5	13.38	66.6	67.4	81.1
1067533533	-1.36	70.51	11.6	12.79	69.5	70.4	80.5
1069534534	-1.46	68.12	13.2	11.94	72.3	73.5	79.7
1071535535	-1.59	65.72	15.2	10.94	75.2	76.8	78.6
1073536536	-1.70	63.39	17.2	10.27	78.3	80.1	77.6
1075537537	-1.84	60.75	20.0	9.50	81.7	84.1	76.3
1077538538	-1.97	58.04	23.0	8.88	85.5	88.5	74.9
1079539539	-2.10	55.21	26.6	8.32	89.5	93.4	73.5
1081540540	-2.30	52.82	31.1	7.58	92.4	97.5	71.4
1083541541	-2.49	50.22	36.2	7.01	95.7	102.3	69.3
1085542542	-2.72	47.68	42.3	6.43	98.3	107.0	66.7
1087543543	-2.97	44.92	49.7	5.90	100.6	112.2	63.7
1089544544	-3.25	41.88	58.6	5.41	102.4	118.0	60.2
1091545545	-3.52	39.27	67.3	5.01	102.5	122.6	56.7
1093546546	-3.84	36.28	77.9	4.59	100.9	127.5	52.3
1095547547	-4.23	33.24	89.0	4.19	96.4	131.1	47.3
1097548548	-4.60	30.32	98.9	3.87	90.1	133.8	42.3
1099549549	-5.04	27.32	107.7	3.54	80.6	134.6	36.8
1101550550	-5.50	23.83	115.6	3.26	69.1	134.7	30.9
1103551551	-6.00	20.66	119.5	3.01	56.4	132.2	25.3
1105552552	-6.59	16.79	121.0	2.76	41.9	128.1	19.1
1107553553	-7.21	12.96	119.0	2.55	28.7	122.4	13.6
1109554554	-7.84	9.17	114.8	2.36	17.8	116.2	8.8
1111555555	-8.53	4.90	109.1	2.20	8.1	109.4	4.3
1113556556	-9.28	0.53	102.3	2.05	0.7	102.3	0.4
1115557557	-10.01	-4.47	95.8	1.92	-5.2	95.9	-3.1
1117558558	-10.79	-10.05	89.0	1.81	-9.8	89.6	-6.3
1119559559	-11.60	-16.35	82.5	1.71	-13.1	83.5	-9.0
1121560560	-12.34	-23.71	76.4	1.64	-15.8	78.1	-11.7
1123561561	-13.12	-32.16	70.5	1.57	-17.4	72.6	-13.9
1125562562	-13.86	-41.60	65.0	1.51	-18.3	67.5	-15.7
1127563563	-14.39	-52.67	59.8	1.47	-18.8	62.7	-17.5
1129564564	-14.79	-63.46	55.5	1.45	-18.7	58.6	-18.6
1131565565	-15.01	-74.99	51.5	1.43	-18.3	54.7	-19.5
1133566566	-14.95	-86.31	48.0	1.44	-17.7	51.1	-20.3
1135567567	-14.67	-97.23	44.7	1.45	-17.0	47.8	-20.8
1137568568	-14.28	-107.22	41.8	1.48	-16.0	44.8	-21.0
1139569569	-13.86	-115.55	39.4	1.51	-15.0	42.2	-20.9
1141570570	-13.31	-123.47	37.1	1.55	-14.0	39.7	-20.7
1143571571	-12.73	-130.36	35.0	1.60	-13.0	37.3	-20.4
1145572572	-12.18	-137.46	33.0	1.65	-11.7	35.0	-19.5
1147573573	-11.59	-144.04	31.1	1.71	-10.3	32.8	-18.4
1149574574	-11.01	-149.71	29.4	1.78	-9.1	30.8	-17.1
1151575575	-10.41	-155.04	27.8	1.86	-7.8	28.8	-15.6
1153576576	-9.88	-159.74	26.3	1.94	-6.5	27.1	-13.9
1155577577	-9.35	-164.43	24.9	2.03	-5.2	25.5	-11.7
1157578578	-8.90	-168.91	23.8	2.12	-3.8	24.1	-9.0
1159579579	-8.40	-173.06	22.5	2.23	-2.4	22.7	-6.1
1161580580	-7.97	-176.74	21.5	2.33	-1.2	21.5	-3.1
1163581581	-7.53	179.63	20.4	2.45	0.1	20.4	0.4
1165582582	-7.14	176.22	19.5	2.57	1.4	19.5	4.1
1167583583	-6.75	172.88	18.6	2.70	2.7	18.8	8.2
1169584584	-6.47	169.49	17.9	2.81	4.0	18.4	12.6
1171585585	-6.15	166.79	17.2	2.94	5.1	18.0	16.5
1173586586	-5.88	163.94	16.6	3.07	6.3	17.8	20.7
1175587587	-5.62	160.94	16.0	3.20	7.6	17.7	25.2
1177588588	-5.36	158.20	15.5	3.34	8.7	17.8	29.5
1179589589	-5.13	155.42	15.0	3.49	10.0	18.0	33.6
1181590590	-4.90	152.95	14.5	3.64	11.1	18.2	37.4
1183591591	-4.76	150.33	14.2	3.74	12.2	18.8	40.7
1185592592	-4.61	147.79	14.0	3.85	13.4	19.4	43.8
1187593593	-4.49	145.37	13.8	3.96	14.5	20.0	46.4
1189594594	-4.38	143.19	13.6	4.05	15.5	20.6	48.8
1191595595	-4.27	140.97	13.5	4.15	16.6	21.3	50.9
1193596596	-4.15	138.85	13.3	4.26	17.6	22.0	53.0
1195597597	-4.03	136.62	13.1	4.39	18.7	22.8	55.0
1197598598	-3.92	134.55	12.9	4.51	19.7	23.6	56.8
1199599599	-3.82	132.48	12.8	4.62	20.8	24.4	58.3
1201600600	-3.69	130.19	12.6	4.77	22.0	25.3	60.2
1203601601	-3.59	128.27	12.5	4.90	23.0	26.2	61.5
1205602602	-3.47	126.13	12.3	5.07	24.2	27.1	63.0
1207603603	-3.40	123.99	12.3	5.18	25.3	28.1	64.2
1209604604	-3.29	121.76	12.1	5.35	26.6	29.2	65.5
1211605605	-3.16	119.43	11.9	5.55	27.9	30.4	66.9
1213606606	-3.05	116.82	11.8	5.76	29.5	31.8	68.1
1215607607	-2.95	114.16	11.8	5.94	31.1	33.3	69.2
1217608608	-2.86	111.82	11.8	6.13	32.5	34.6	70.1
1219609609	-2.77	109.13	11.8	6.32	34.3	36.2	71.0
1221610610	-2.67	106.37	11.8	6.55	36.1	37.9	72.0
1223611611	-2.60	103.46	11.9	6.74	38.1	39.9	72.7
1225612612	-2.48	100.58	11.8	7.05	40.1	41.8	73.6
1227613613	-2.46	97.65	12.2	7.12	42.2	44.0	73.9
1229614614	-2.37	94.98	12.3	7.37	44.3	46.0	74.5
1231615615	-2.27	92.35	12.3	7.70	46.5	48.1	75.2
1233616616	-2.13	89.47	12.1	8.19	49.0	50.5	76.1
1235617617	-2.05	86.59	12.3	8.50	51.5	53.0	76.6
1237618618	-1.88	83.34	12.0	9.29	54.7	56.0	77.6
1239619619	-1.72	79.91	11.8	10.15	58.3	59.5	78.6
1241620620	-1.59	76.73	11.7	10.96	61.8	62.9	79.3
1243621621	-1.43	72.94	11.5	12.15	66.4	67.4	80.2
1245622622	-1.29	69.27	11.3	13.52	71.2	72.1	81.0
1247623623	-1.09	65.34	10.6	15.97	76.9	77.7	82.1
1249624624	-0.99	61.07	10.9	17.64	83.7	84.4	82.6
1251625625	-0.83	56.75	10.5	20.94	91.6	92.2	83.5
1253626626	-0.74	52.48	10.8	23.59	100.5	101.1	83.9
1255627627	-0.69	48.10	11.9	25.17	111.0	111.6	83.9
1257628628	-0.66	43.52	13.7	26.29	123.9	124.7	83.7
1259629629	-0.64	38.90	16.5	27.09	139.9	140.8	83.3
1261630630	-0.62	34.16	20.4	27.97	160.3	161.6	82.7
1263631631	-0.68	29.88	29.0	25.39	183.1	185.4	81.0
1265632632	-0.75	25.55	42.5	23.19	212.4	216.6	78.7
1267633633	-0.84	21.35	65.9	20.77	248.4	257.0	75.2
1269634634	-0.96	17.06	110.3	18.16	292.9	313.0	69.4
1271635635	-1.08	12.93	188.6	16.07	337.7	386.8	60.8
1273636636	-1.20	9.10	312.7	14.50	357.2	474.8	48.8
1275637637	-1.38	5.32	470.1	12.59	272.7	543.5	30.1
1277638638	-1.54	1.55	551.2	11.28	83.3	557.4	8.6
1279639639	-1.70	-2.07	495.4	10.24	-90.8	503.7	-10.4
1281640640	-1.88	-5.59	385.6	9.27	-171.9	422.2	-24.0
1283641641	-2.05	-9.10	293.7	8.52	-195.1	352.6	-33.6
1285642642	-2.25	-12.55	227.2	7.75	-188.0	294.9	-39.6
1287643643	-2.43	-15.89	182.6	7.18	-176.1	253.7	-44.0
1289644644	-2.66	-19.35	149.9	6.57	-159.5	218.9	-46.8
1291645645	-2.82	-22.66	126.7	6.22	-147.9	194.7	-49.4
1293646646	-2.97	-26.13	108.2	5.90	-136.5	174.1	-51.6
1295647647	-3.18	-29.13	96.4	5.52	-125.2	158.0	-52.4
1297648648	-3.34	-32.33	85.7	5.26	-116.3	144.5	-53.6
1299649649	-3.52	-35.61	77.1	5.00	-107.7	132.4	-54.4
1301650650	-3.67	-38.91	69.7	4.80	-100.4	122.2	-55.2
1303651651	-3.79	-42.20	63.3	4.65	-94.3	113.6	-56.1
1305652652	-3.91	-45.20	58.5	4.51	-89.0	106.5	-56.7
1307653653	-4.02	-48.27	54.1	4.39	-84.1	100.0	-57.2
1309654654	-4.12	-51.28	50.3	4.30	-79.8	94.3	-57.7
1311655655	-4.22	-54.21	47.2	4.19	-75.7	89.2	-58.1
1313656656	-4.34	-57.48	44.1	4.09	-71.5	84.0	-58.3
1315657657	-4.39	-60.28	41.5	4.04	-68.4	80.0	-58.7
1317658658	-4.42	-63.01	39.1	4.02	-65.7	76.5	-59.2
1319659659	-4.45	-65.85	36.9	3.99	-63.0	73.0	-59.6
1321660660	-4.47	-68.49	35.0	3.97	-60.5	69.9	-60.0
1323661661	-4.49	-71.03	33.3	3.95	-58.3	67.1	-60.3
1325662662	-4.47	-73.60	31.5	3.97	-56.2	64.5	-60.7
1327663663	-4.49	-76.06	30.2	3.95	-54.2	62.0	-60.9
1329664664	-4.52	-78.30	29.1	3.93	-52.3	59.9	-61.0
1331665665	-4.47	-80.72	27.6	3.97	-50.6	57.7	-61.4
1333666666	-4.45	-82.88	26.5	3.99	-49.1	55.8	-61.7
1335667667	-4.45	-85.01	25.5	3.99	-47.6	54.0	-61.8
1337668668	-4.40	-86.89	24.5	4.04	-46.4	52.5	-62.1
1339669669	-4.38	-88.88	23.7	4.05	-45.0	50.9	-62.3
1341670670	-4.37	-90.96	22.9	4.06	-43.6	49.3	-62.3
1343671671	-4.32	-92.94	22.0	4.11	-42.4	47.8	-62.6
1345672672	-4.28	-94.74	21.3	4.14	-41.3	46.4	-62.7
1347673673	-4.21	-96.43	20.4	4.21	-40.3	45.2	-63.1
1349674674	-4.17	-98.05	19.8	4.25	-39.4	44.1	-63.3
1351675675	-4.15	-99.59	19.3	4.26	-38.4	43.0	-63.3
1353676676	-4.14	-101.11	18.9	4.27	-37.5	42.0	-63.2
1355677677	-4.06	-102.72	18.2	4.36	-36.6	40.9	-63.6
1357678678	-4.01	-104.34	17.6	4.41	-35.7	39.8	-63.7
1359679679	-3.96	-105.93	17.1	4.46	-34.8	38.8	-63.8
1361680680	-3.94	-107.16	16.7	4.49	-34.1	38.0	-63.9
1363681681	-3.89	-108.57	16.3	4.54	-33.4	37.1	-63.9
1365682682	-3.83	-109.90	15.8	4.61	-32.7	36.3	-64.2
1367683683	-3.79	-111.44	15.4	4.66	-31.8	35.4	-64.2
1369684684	-3.73	-112.76	14.9	4.73	-31.1	34.5	-64.4
1371685685	-3.69	-113.77	14.6	4.78	-30.6	33.9	-64.5
1373686686	-3.61	-115.06	14.1	4.88	-30.0	33.1	-64.7
1375687687	-3.58	-116.24	13.9	4.93	-29.3	32.5	-64.7
1377688688	-3.54	-117.69	13.5	4.97	-28.6	31.6	-64.6
1379689689	-3.42	-118.31	13.0	5.15	-28.4	31.2	-65.4
1381690690	-3.39	-119.69	12.7	5.18	-27.6	30.4	-65.2
1383691691	-3.36	-120.85	12.5	5.24	-27.0	29.8	-65.2
1385692692	-3.30	-122.02	12.1	5.33	-26.4	29.1	-65.4
1387693693	-3.27	-123.23	11.9	5.38	-25.8	28.4	-65.3
1389694694	-3.22	-124.29	11.6	5.45	-25.3	27.8	-65.3
1391695695	-3.16	-125.22	11.3	5.56	-24.9	27.3	-65.5
1393696696	-3.10	-126.24	11.0	5.67	-24.4	26.7	-65.7
1395697697	-3.02	-127.25	10.6	5.81	-23.9	26.1	-66.0
1397698698	-2.96	-128.29	10.4	5.92	-23.4	25.6	-66.1
1399699699	-2.89	-129.26	10.0	6.06	-22.9	25.0	-66.3
1401700700	-2.83	-130.14	9.8	6.19	-22.5	24.5	-66.5
1403701701	-2.75	-130.99	9.4	6.36	-22.1	24.0	-66.9
1405702702	-2.69	-131.86	9.2	6.51	-21.7	23.6	-67.1
1407703703	-2.61	-132.64	8.9	6.70	-21.3	23.1	-67.5
1409704704	-2.56	-133.50	8.6	6.84	-20.9	22.6	-67.6
1411705705	-2.49	-134.27	8.4	7.02	-20.6	22.2	-67.9
1413706706	-2.45	-135.01	8.2	7.15	-20.2	21.8	-68.0
1415707707	-2.37	-135.73	7.9	7.38	-19.9	21.4	-68.4
1417708708	-2.28	-136.34	7.6	7.65	-19.6	21.0	-68.9
1419709709	-2.20	-137.07	7.3	7.93	-19.3	20.6	-69.4
1421710710	-2.14	-137.85	7.0	8.17	-18.9	20.2	-69.7
1423711711	-2.07	-138.39	6.8	8.43	-18.7	19.9	-70.1
1425712712	-1.99	-138.98	6.5	8.78	-18.4	19.5	-70.6
1427713713	-1.93	-139.49	6.3	9.04	-18.2	19.2	-71.0
1429714714	-1.86	-140.13	6.0	9.38	-17.9	18.9	-71.4
1431715715	-1.78	-140.50	5.8	9.79	-17.7	18.7	-72.0
1433716716	-1.73	-140.95	5.6	10.09	-17.5	18.4	-72.4
1435717717	-1.66	-141.50	5.3	10.47	-17.3	18.1	-72.8
1437718718	-1.60	-142.05	5.1	10.86	-17.0	17.8	-73.2
1439719719	-1.54	-142.49	4.9	11.35	-16.8	17.5	-73.7
1441720720	-1.45	-142.86	4.6	11.98	-16.7	17.3	-74.4
1443721721	-1.36	-143.17	4.3	12.83	-16.5	17.1	-75.3
1445722722	-1.32	-143.51	4.2	13.20	-16.4	16.9	-75.6
1447723723	-1.28	-143.95	4.1	13.62	-16.2	16.7	-75.9
1449724724	-1.22	-144.31	3.9	14.27	-16.0	16.5	-76.4
1451725725	-1.15	-144.63	3.6	15.14	-15.9	16.3	-77.1
1453726726	-1.12	-144.84	3.5	15.59	-15.8	16.2	-77.4
1455727727	-1.07	-145.07	3.4	16.24	-15.7	16.0	-77.8
1457728728	-1.02	-145.31	3.2	16.98	-15.6	15.9	-78.3
1459729729	-0.98	-145.65	3.1	17.67	-15.4	15.7	-78.6
1461730730	-0.95	-146.00	3.0	18.34	-15.2	15.5	-78.9
1463731731	-0.90	-146.19	2.8	19.34	-15.2	15.4	-79.4
1465732732	-0.86	-146.46	2.7	20.32	-15.0	15.3	-79.9
1467733733	-0.82	-146.69	2.6	21.29	-14.9	15.1	-80.3
1469734734	-0.78	-146.87	2.5	22.15	-14.8	15.0	-80.6
1471735735	-0.76	-147.02	2.4	22.96	-14.8	15.0	-80.9
1473736736	-0.75	-147.21	2.3	23.19	-14.7	14.9	-80.9
1475737737	-0.74	-147.39	2.3	23.59	-14.6	14.8	-81.0
1477738738	-0.70	-147.67	2.2	24.68	-14.5	14.6	-81.4
1479739739	-0.64	-147.85	2.0	26.97	-14.4	14.5	-82.1
1481740740	-0.61	-148.01	1.9	28.71	-14.3	14.4	-82.5
1483741741	-0.62	-148.24	1.9	28.08	-14.2	14.3	-82.3
1485742742	-0.62	-148.49	1.9	27.82	-14.1	14.2	-82.2
1487743743	-0.59	-148.71	1.8	29.39	-14.0	14.1	-82.5
1489744744	-0.59	-148.93	1.8	29.48	-13.9	14.0	-82.5
1491745745	-0.60	-148.98	1.9	29.03	-13.9	14.0	-82.4
1493746746	-0.57	-149.41	1.8	30.57	-13.7	13.8	-82.7
1495747747	-0.54	-149.56	1.7	31.96	-13.6	13.7	-83.0
1497748748	-0.58	-149.75	1.8	29.85	-13.5	13.6	-82.4
1499749749	-0.55	-149.85	1.7	31.32	-13.5	13.6	-82.7
1501750750	-0.54	-150.19	1.7	32.40	-13.3	13.4	-82.9
1503751751	-0.52	-150.55	1.6	33.73	-13.1	13.2	-83.1
1505752752	-0.53	-150.94	1.6	32.90	-12.9	13.0	-82.9
1507753753	-0.52	-151.30	1.6	33.43	-12.8	12.9	-82.9
1509754754	-0.53	-151.62	1.6	32.90	-12.6	12.7	-82.7
1511755755	-0.54	-151.85	1.6	32.47	-12.5	12.6	-82.6
1513756756	-0.55	-152.13	1.7	31.76	-12.4	12.5	-82.3
1515757757	-0.56	-152.64	1.7	31.12	-12.2	12.3	-82.0
1517758758	-0.51	-152.69	1.6	33.74	-12.1	12.2	-82.6
1519759759	-0.51	-153.18	1.6	33.92	-11.9	12.0	-82.5
1521760760	-0.52	-153.56	1.6	33.57	-11.7	11.8	-82.4
1523761761	-0.50	-153.92	1.5	34.42	-11.6	11.7	-82.5
1525762762	-0.45	-154.97	1.3	38.93	-11.1	11.2	-83.1
1527763763	-0.39	-156.51	1.2	44.06	-10.4	10.5	-83.5
1529764764	-0.44	-155.34	1.3	39.62	-10.9	11.0	-83.1
1531765765	-0.47	-155.10	1.4	36.89	-11.0	11.1	-82.7
1533766766	-0.47	-155.66	1.4	36.74	-10.8	10.9	-82.5
1535767767	-0.43	-155.84	1.3	40.58	-10.7	10.8	-83.1
1537768768	-0.43	-156.27	1.3	40.61	-10.5	10.6	-83.0
1539769769	-0.40	-156.86	1.2	43.81	-10.2	10.3	-83.4
1541770770	-0.44	-157.27	1.3	39.75	-10.0	10.1	-82.6
1543771771	-0.42	-157.70	1.2	41.76	-9.8	9.9	-82.8
1545772772	-0.39	-158.12	1.2	44.06	-9.7	9.7	-83.1
1547773773	-0.35	-158.70	1.1	49.12	-9.4	9.5	-83.6
1549774774	-0.35	-159.09	1.0	49.76	-9.2	9.3	-83.6
1551775775	-0.34	-159.66	1.0	50.41	-9.0	9.0	-83.5
1553776776	-0.33	-159.92	1.0	52.96	-8.8	8.9	-83.7
1555777777	-0.30	-160.41	0.9	57.72	-8.6	8.7	-84.1
1557778778	-0.27	-161.12	0.8	63.24	-8.3	8.4	-84.4
1559779779	-0.25	-161.39	0.7	69.35	-8.2	8.2	-84.8
1561780780	-0.25	-161.95	0.7	70.57	-7.9	8.0	-84.8
1563781781	-0.23	-162.37	0.7	75.38	-7.8	7.8	-85.0
1565782782	-0.18	-162.89	0.5	96.21	-7.5	7.5	-86.0
1567783783	-0.15	-163.36	0.4	118.91	-7.3	7.3	-86.6
1569784784	-0.12	-163.73	0.4	144.46	-7.1	7.2	-87.2
1571785785	-0.11	-164.13	0.3	160.55	-7.0	7.0	-87.4
1573786786	-0.09	-164.58	0.3	195.07	-6.8	6.8	-87.8
1575787787	-0.07	-164.84	0.2	243.74	-6.7	6.7	-88.2
1577788788	-0.02	-165.23	0.1	744.79	-6.5	6.5	-89.4
1579789789	0.00	-165.58	0.0	?	-6.3	6.3	-90.0
1581790790	0.00	-166.01	0.0	?	-6.1	6.1	-90.0
1583791791	0.00	-166.31	0.0	?	-6.0	6.0	-90.0
1585792792	0.00	-166.69	0.0	?	-5.8	5.8	-90.0
1587793793	0.00	-167.09	0.0	?	-5.7	5.7	-90.0
1589794794	0.00	-167.40	0.0	?	-5.5	5.5	-90.0
1591795795	0.00	-167.65	0.0	?	-5.4	5.4	-90.0
1593796796	0.00	-167.71	0.0	?	-5.4	5.4	-90.0
1595797797	0.00	-168.19	0.0	?	-5.2	5.2	-90.0
1597798798	0.00	-168.30	0.0	?	-5.1	5.1	-90.0
1599799799	0.00	-168.93	0.0	?	-4.8	4.8	-90.0
1601800800	0.00	-169.18	0.0	?	-4.7	4.7	-90.0
1603801801	0.00	-169.39	0.0	?	-4.6	4.6	-90.0
1605802802	0.00	-169.64	0.0	?	-4.5	4.5	-90.0
1607803803	0.00	-169.89	0.0	?	-4.4	4.4	-90.0
1609804804	0.00	-170.20	0.0	?	-4.3	4.3	-90.0
1611805805	0.00	-170.52	0.0	?	-4.1	4.1	-90.0
1613806806	0.00	-170.96	0.0	?	-4.0	4.0	-90.0
1615807807	0.00	-171.36	0.0	?	-3.8	3.8	-90.0
1617808808	0.00	-171.60	0.0	?	-3.7	3.7	-90.0
1619809809	0.00	-172.34	0.0	?	-3.3	3.3	-90.0
1621810810	0.00	-172.60	0.0	?	-3.2	3.2	-90.0
1623811811	0.00	-172.96	0.0	?	-3.1	3.1	-90.0
1625812812	0.00	-173.21	0.0	?	-3.0	3.0	-90.0
1627813813	0.00	-173.72	0.0	?	-2.7	2.7	-90.0
1629814814	0.00	-174.14	0.0	?	-2.6	2.6	-90.0
1631815815	0.00	-174.45	0.0	?	-2.4	2.4	-90.0
1633816816	0.00	-174.85	0.0	?	-2.3	2.3	-90.0
1635817817	0.00	-175.36	0.0	?	-2.0	2.0	-90.0
1637818818	0.00	-175.76	0.0	?	-1.9	1.9	-90.0
1639819819	0.00	-176.32	0.0	?	-1.6	1.6	-90.0
1641820820	0.00	-176.84	0.0	?	-1.4	1.4	-90.0
1643821821	0.00	-177.23	0.0	?	-1.2	1.2	-90.0
1645822822	0.00	-177.80	0.0	?	-1.0	1.0	-90.0
1647823823	0.00	-178.28	0.0	?	-0.8	0.8	-90.0
1649824824	0.00	-178.78	0.0	?	-0.5	0.5	-90.0
1651825825	0.00	-179.21	0.0	?	-0.3	0.3	-90.0
1653826826	0.00	-179.57	0.0	?	-0.2	0.2	-90.0
1655827827	0.00	179.53	0.0	?	0.2	0.2	90.0
1657828828	0.00	179.22	0.0	?	0.3	0.3	90.0
1659829829	0.00	178.50	0.0	?	0.7	0.7	90.0
1661830830	0.00	177.97	0.0	?	0.9	0.9	90.0
1663831831	0.00	177.50	0.0	?	1.1	1.1	90.0
1665832832	0.00	177.17	0.0	?	1.2	1.2	90.0
1667833833	0.00	176.51	0.0	?	1.5	1.5	90.0
1669834834	0.00	175.38	0.0	?	2.0	2.0	90.0
1671835835	0.00	174.92	0.0	?	2.2	2.2	90.0
1673836836	0.00	174.27	0.0	?	2.5	2.5	90.0
1675837837	0.00	173.22	0.0	?	3.0	3.0	90.0
1677838838	0.00	172.42	0.0	?	3.3	3.3	90.0
1679839839	0.00	171.88	0.0	?	3.5	3.5	90.0
1681840840	0.00	171.14	0.0	?	3.9	3.9	90.0
1683841841	0.00	170.34	0.0	?	4.2	4.2	90.0
1685842842	0.00	169.39	0.0	?	4.6	4.6	90.0
1687843843	0.00	168.25	0.0	?	5.1	5.1	90.0
1689844844	0.00	167.44	0.0	?	5.5	5.5	90.0
1691845845	0.00	166.59	0.0	?	5.9	5.9	90.0
1693846846	0.00	165.59	0.0	?	6.3	6.3	90.0
1695847847	0.00	164.87	0.0	?	6.6	6.6	90.0
1697848848	0.00	163.96	0.0	?	7.0	7.0	90.0
1699849849	0.00	163.06	0.0	?	7.4	7.4	90.0
1701850850	0.00	162.26	0.0	?	7.8	7.8	90.0
1703851851	0.00	161.14	0.0	?	8.3	8.3	90.0
1705852852	0.00	160.11	0.0	?	8.8	8.8	90.0
1707853853	0.00	159.20	0.0	?	9.2	9.2	90.0
1709854854	0.00	158.56	0.0	?	9.5	9.5	90.0
1711855855	0.00	157.79	0.0	?	9.8	9.8	90.0
1713856856	0.00	156.91	0.0	?	10.2	10.2	90.0
1715857857	0.00	156.26	0.0	?	10.5	10.5	90.0
1717858858	0.00	155.25	0.0	?	11.0	11.0	90.0
1719859859	0.00	155.18	0.0	?	11.0	11.0	90.0
1721860860	0.00	154.59	0.0	?	11.3	11.3	90.0
1723861861	0.00	153.79	0.0	?	11.6	11.6	90.0
1725862862	0.00	153.72	0.0	?	11.7	11.7	90.0
1727863863	0.00	153.34	0.0	?	11.8	11.8	90.0
1729864864	0.00	152.60	0.0	?	12.2	12.2	90.0
1731865865	0.00	152.08	0.0	?	12.4	12.4	90.0
1733866866	0.00	151.36	0.0	?	12.8	12.8	90.0
1735867867	0.00	150.07	0.0	?	13.4	13.4	90.0
1737868868	0.00	149.28	0.0	?	13.7	13.7	90.0
1739869869	0.00	148.64	0.0	?	14.0	14.0	90.0
1741870870	0.00	147.51	0.0	?	14.6	14.6	90.0
1743871871	0.00	146.28	0.0	?	15.2	15.2	90.0
1745872872	0.00	144.31	0.0	?	16.1	16.1	90.0
1747873873	0.00	143.34	0.0	?	16.6	16.6	90.0
1749874874	0.00	142.18	0.0	?	17.1	17.1	90.0
1751875875	0.00	140.27	0.0	?	18.1	18.1	90.0
1753876876	0.00	138.43	0.0	?	19.0	19.0	90.0
1755877877	0.00	136.59	0.0	?	19.9	19.9	90.0
1757878878	0.00	134.82	0.0	?	20.8	20.8	90.0
1759879879	0.00	133.40	0.0	?	21.5	21.5	90.0
1761880880	0.00	131.73	0.0	?	22.4	22.4	90.0
1763881881	0.00	129.90	0.0	?	23.4	23.4	90.0
1765882882	0.00	128.09	0.0	?	24.3	24.3	90.0
1767883883	0.00	126.13	0.0	?	25.4	25.4	90.0
1769884884	0.00	124.55	0.0	?	26.3	26.3	90.0
1771885885	0.00	122.87	0.0	?	27.2	27.2	90.0
1773886886	0.00	120.92	0.0	?	28.3	28.3	90.0
1775887887	0.00	119.34	0.0	?	29.3	29.3	90.0
1777888888	0.00	117.35	0.0	?	30.4	30.4	90.0
1779889889	0.00	114.99	0.0	?	31.9	31.9	90.0
1781890890	0.00	113.58	0.0	?	32.7	32.7	90.0
1783891891	0.00	111.51	0.0	?	34.0	34.0	90.0
1785892892	0.00	110.06	0.0	?	35.0	35.0	90.0
1787893893	0.00	108.59	0.0	?	35.9	35.9	90.0
1789894894	0.00	106.16	0.0	?	37.6	37.6	90.0
1791895895	0.00	104.44	0.0	?	38.8	38.8	90.0
1793896896	0.00	102.39	0.0	?	40.2	40.2	90.0
1795897897	0.00	100.47	0.0	?	41.6	41.6	90.0
1797898898	0.00	98.65	0.0	?	43.0	43.0	90.0
1799899899	0.00	96.74	0.0	?	44.4	44.4	90.0
1801900900	0.00	94.91	0.0	?	45.9	45.9	90.0
1803901901	0.00	92.99	0.0	?	47.5	47.5	90.0
1805902902	0.00	90.99	0.0	?	49.1	49.1	90.0
1807903903	0.00	88.99	0.0	?	50.9	50.9	90.0
1809904904	0.00	86.89	0.0	?	52.8	52.8	90.0
1811905905	0.00	84.89	0.0	?	54.7	54.7	90.0
1813906906	0.00	83.35	0.0	?	56.2	56.2	90.0
1815907907	0.00	81.42	0.0	?	58.1	58.1	90.0
1817908908	0.00	79.64	0.0	?	60.0	60.0	90.0
1819909909	-0.01	77.11	0.1	094.19	62.7	62.7	89.9
1821910910	-0.28	75.11	2.1	63.00	65.0	65.0	88.1
1823911911	-0.53	73.17	4.3	32.52	67.2	67.3	86.3
1825912912	-0.71	71.09	6.0	24.38	69.6	69.9	85.0
1827913913	-1.06	68.95	9.4	16.46	72.0	72.6	82.6
1829914914	-1.25	66.50	11.8	13.94	75.0	75.9	81.1
1831915915	-1.52	64.59	15.0	11.49	77.0	78.5	79.0
1833916916	-1.74	62.50	18.1	10.00	79.4	81.5	77.2
1835917917	-1.98	60.45	21.6	8.80	81.6	84.4	75.2
1837918918	-2.26	57.94	26.1	7.74	84.2	88.2	72.8
1839919919	-2.40	55.66	29.5	7.29	87.0	91.9	71.3
1841920920	-2.77	53.08	36.0	6.33	88.7	95.7	67.9
1843921921	-2.89	51.10	39.6	6.07	90.9	99.2	66.5
1845922922	-3.11	48.81	45.0	5.64	92.6	103.0	64.1
1847923923	-3.35	46.36	51.3	5.26	94.0	107.1	61.4
1849924924	-3.54	43.71	58.0	4.98	95.6	111.8	58.8
1851925925	-3.74	41.50	64.3	4.72	96.0	115.5	56.2
1853926926	-3.92	38.78	72.0	4.51	96.7	120.6	53.3
1855927927	-4.16	36.49	79.5	4.26	95.1	123.9	50.1
1857928928	-4.28	33.67	88.0	4.14	95.0	129.5	47.2
1859929929	-4.44	31.01	96.5	4.00	93.3	134.2	44.0
1861930930	-4.60	28.78	103.8	3.86	90.1	137.5	40.9
1863931931	-4.80	26.08	112.4	3.71	84.9	140.9	37.1
1865932932	-4.90	23.18	121.8	3.64	80.6	146.0	33.5
1867933933	-5.00	20.58	129.9	3.57	75.2	150.1	30.1
1869934934	-5.14	18.13	136.4	3.48	67.8	152.3	26.4
1871935935	-5.21	15.58	143.3	3.44	60.5	155.6	22.9
1873936936	-5.36	13.10	147.6	3.34	50.9	156.1	19.0
1875937937	-5.51	10.17	151.4	3.26	39.4	156.5	14.6
1877938938	-5.56	7.68	155.0	3.23	30.3	157.9	11.0
1879939939	-5.63	4.91	156.9	3.19	19.3	158.1	7.0
1881940940	-5.70	1.95	157.5	3.16	7.6	157.7	2.8
1883941941	-5.79	-0.56	155.6	3.11	-2.1	155.6	-0.8
1885942942	-5.86	-3.23	152.7	3.07	-11.8	153.2	-4.4
1887943943	-5.87	-5.50	150.6	3.07	-19.8	151.9	-7.5
1889944944	-5.99	-8.02	145.0	3.01	-27.1	147.5	-10.6
1891945945	-6.04	-10.71	139.8	2.99	-34.5	144.0	-13.9
1893946946	-6.16	-13.23	133.4	2.94	-39.6	139.2	-16.6
1895947947	-6.19	-15.87	127.8	2.92	-45.1	135.5	-19.4
1897948948	-6.25	-18.39	121.9	2.90	-49.1	131.4	-21.9
1899949949	-6.30	-20.50	116.9	2.88	-51.7	127.8	-23.9
1901950950	-6.43	-22.74	111.0	2.82	-53.0	123.0	-25.5
1903951951	-6.56	-25.05	105.5	2.77	-53.9	118.5	-27.1
1905952952	-6.69	-27.81	99.4	2.72	-54.6	113.4	-28.8
1907953953	-6.86	-29.54	95.4	2.66	-53.8	109.5	-29.4
1909954954	-7.02	-30.80	92.5	2.61	-52.7	106.5	-29.7
1911955955	-7.22	-32.05	89.8	2.54	-51.2	103.3	-29.7
1913956956	-7.31	-32.91	88.1	2.51	-50.7	101.6	-29.9
1915957957	-7.45	-33.31	87.1	2.47	-49.4	100.1	-29.6
1917958958	-7.44	-33.77	86.4	2.48	-49.7	99.7	-29.9
1919959959	-7.46	-33.72	86.4	2.47	-49.6	99.6	-29.8
1921960960	-7.33	-34.00	86.3	2.51	-50.9	100.3	-30.5
1923961961	-7.20	-33.49	87.5	2.55	-52.1	101.9	-30.8
1925962962	-7.07	-33.50	87.9	2.59	-53.5	102.9	-31.3
1927963963	-6.86	-33.76	88.0	2.66	-55.8	104.2	-32.4
1929964964	-6.70	-34.20	87.6	2.72	-57.9	105.0	-33.5
1931965965	-6.54	-35.32	85.9	2.78	-60.1	104.8	-35.0
1933966966	-6.34	-36.39	84.1	2.86	-62.6	104.9	-36.7
1935967967	-6.06	-37.47	82.2	2.98	-66.1	105.5	-38.8
1937968968	-5.87	-38.33	80.4	3.07	-68.4	105.6	-40.4
1939969969	-5.67	-39.47	78.0	3.17	-70.8	105.3	-42.2
1941970970	-5.51	-40.65	75.4	3.26	-72.5	104.6	-43.9
1943971971	-5.38	-41.95	72.6	3.33	-73.6	103.4	-45.4
1945972972	-5.25	-42.80	70.6	3.41	-74.8	102.8	-46.6
1947973973	-5.14	-43.64	68.7	3.48	-75.6	102.1	-47.7
1949974974	-4.98	-44.83	65.8	3.58	-76.7	101.1	-49.4
1951975975	-4.83	-45.59	63.7	3.69	-77.9	100.6	-50.7
1953976976	-4.67	-46.84	60.8	3.81	-78.6	99.4	-52.3
1955977977	-4.57	-47.87	58.5	3.89	-78.8	98.1	-53.4
1957978978	-4.42	-49.13	55.6	4.01	-79.1	96.7	-54.9
1959979979	-4.29	-50.76	52.3	4.13	-78.7	94.5	-56.4
1961980980	-4.21	-51.41	50.8	4.20	-78.8	93.7	-57.2
1963981981	-4.14	-52.11	49.4	4.27	-78.6	92.8	-57.9
1965982982	-3.98	-53.25	46.7	4.44	-78.8	91.6	-59.3
1967983983	-3.85	-53.96	44.8	4.58	-79.0	90.8	-60.5
1969984984	-3.77	-54.82	43.1	4.68	-78.6	89.7	-61.3
1971985985	-3.77	-55.59	42.2	4.68	-77.7	88.5	-61.5
1973986986	-3.66	-56.85	39.9	4.82	-77.1	86.8	-62.6
1975987987	-3.55	-57.28	38.6	4.96	-77.3	86.4	-63.4
1977988988	-3.43	-57.95	37.0	5.13	-77.3	85.7	-64.4
1979989989	-3.40	-58.76	35.9	5.18	-76.5	84.5	-64.9
1981990990	-3.37	-59.41	35.1	5.22	-75.8	83.6	-65.2
1983991991	-3.29	-60.39	33.5	5.34	-75.2	82.3	-66.0
1985992992	-3.21	-61.05	32.3	5.47	-74.8	81.5	-66.6
1987993993	-3.14	-61.68	31.2	5.60	-74.4	80.7	-67.3
1989994994	-3.07	-62.24	30.2	5.71	-74.1	80.0	-67.8
1991995995	-3.02	-62.74	29.4	5.81	-73.7	79.4	-68.3
1993996996	-2.99	-63.36	28.7	5.86	-73.1	78.5	-68.5
1995997997	-2.93	-64.17	27.6	5.99	-72.4	77.5	-69.1
1997998998	-2.93	-64.72	27.2	5.99	-71.7	76.7	-69.2
1999999999	-2.83	-65.08	26.2	6.20	-71.7	76.4	-69.9
