1000000	-0.78	87.08	4.7	22.40	52.4	52.6	84.9
3001001	0.00	81.79	0.0	?	57.7	57.7	90.0
5002002	0.00	76.26	0.0	?	63.7	63.7	90.0
7003003	0.00	72.27	0.0	?	68.5	68.5	90.0
9004004	0.00	68.73	0.0	?	73.1	73.1	90.0
11005005	0.00	66.69	0.0	?	76.0	76.0	90.0
13006006	0.00	64.56	0.0	?	79.2	79.2	90.0
15007007	-0.11	61.78	1.2	154.18	83.6	83.6	89.2
17008008	-0.18	60.06	2.1	97.05	86.5	86.5	88.6
19009009	-0.29	58.37	3.5	59.92	89.4	89.5	87.8
21010010	-0.35	56.72	4.4	49.74	92.5	92.6	87.2
23011011	-0.41	55.19	5.4	42.86	95.4	95.6	86.7
25012012	-0.47	53.72	6.6	37.17	98.4	98.6	86.2
27013013	-0.51	52.27	7.5	34.30	101.5	101.7	85.8
29014014	-0.54	50.88	8.4	32.11	104.6	104.9	85.4
31015015	-0.58	49.64	9.4	30.11	107.4	107.8	85.0
33016016	-0.60	48.40	10.2	28.86	110.5	110.9	84.7
35017017	-0.62	47.30	10.9	28.25	113.3	113.8	84.5
37018018	-0.61	46.22	11.3	28.42	116.2	116.8	84.4
39019019	-0.60	45.05	11.8	28.73	119.6	120.2	84.4
41020020	-0.60	43.95	12.3	28.73	122.9	123.5	84.3
43021021	-0.61	42.85	13.0	28.60	126.3	126.9	84.1
45022022	-0.62	41.87	13.8	28.09	129.4	130.1	83.9
47023023	-0.63	40.91	14.7	27.57	132.6	133.4	83.7
49024024	-0.64	40.06	15.6	27.06	135.6	136.5	83.4
51025025	-0.65	39.24	16.3	26.89	138.6	139.5	83.3
53026026	-0.66	38.39	17.4	26.27	141.7	142.8	83.0
55027027	-0.68	37.62	18.6	25.51	144.6	145.8	82.7
57028028	-0.69	36.86	19.5	25.26	147.7	149.0	82.5
59029029	-0.71	36.17	20.9	24.43	150.5	151.9	82.1
61030030	-0.74	35.46	22.6	23.49	153.4	155.1	81.6
63031031	-0.77	34.78	24.3	22.54	156.2	158.1	81.1
65032032	-0.81	34.09	26.5	21.48	159.1	161.3	80.5
67033033	-0.85	33.43	28.8	20.45	161.8	164.4	79.9
69034034	-0.88	32.70	31.2	19.66	165.0	168.0	79.3
71035035	-0.93	32.01	34.1	18.62	167.9	171.3	78.5
73036036	-0.99	31.30	37.4	17.64	170.9	175.0	77.6
75037037	-1.04	30.59	40.8	16.80	173.9	178.7	76.8
77038038	-1.10	29.85	45.1	15.84	176.9	182.5	75.7
79039039	-1.16	29.08	49.6	14.99	180.0	186.7	74.6
81040040	-1.23	28.32	54.9	14.12	182.8	190.8	73.3
83041041	-1.31	27.55	60.8	13.25	185.3	195.0	71.8
85042042	-1.40	26.77	67.5	12.41	187.3	199.1	70.2
87043043	-1.48	26.09	73.5	11.77	188.9	202.7	68.7
89044044	-1.54	25.30	79.7	11.34	191.4	207.4	67.4
91045045	-1.60	24.34	87.5	10.88	194.5	213.3	65.8
93046046	-1.68	23.40	96.5	10.35	196.5	218.9	63.9
95047047	-1.77	22.46	106.1	9.85	197.6	224.3	61.8
97048048	-1.85	21.58	115.7	9.40	197.8	229.1	59.7
99049049	-1.91	20.63	125.5	9.12	199.1	235.3	57.8
101050050	-1.97	19.47	137.8	8.84	200.5	243.3	55.5
103051051	-2.04	18.30	151.3	8.57	200.8	251.4	53.0
105052052	-2.11	17.03	166.8	8.28	199.3	259.9	50.1
107053053	-2.18	15.74	183.4	8.00	195.8	268.3	46.9
109054054	-2.26	14.44	200.5	7.73	189.9	276.1	43.4
111055055	-2.33	13.14	217.6	7.50	182.3	283.8	40.0
113056056	-2.39	11.79	235.3	7.30	172.3	291.6	36.2
115057057	-2.47	10.40	252.4	7.09	158.4	298.0	32.1
117058058	-2.52	8.94	269.7	6.94	142.4	305.0	27.8
119059059	-2.58	7.39	286.1	6.80	122.3	311.1	23.1
121060060	-2.63	5.83	299.0	6.65	98.7	314.9	18.3
123061061	-2.69	4.19	308.8	6.52	71.8	317.1	13.1
125062062	-2.74	2.54	313.5	6.39	43.3	316.5	7.9
127063063	-2.79	0.94	313.1	6.28	15.8	313.5	2.9
129064064	-2.82	-0.81	309.8	6.21	-13.2	310.0	-2.4
131065065	-2.85	-2.53	301.6	6.14	-39.8	304.2	-7.5
133066066	-2.87	-4.29	290.6	6.11	-64.6	297.7	-12.5
135067067	-2.88	-6.15	275.8	6.09	-87.6	289.3	-17.6
137068068	-2.88	-8.04	258.8	6.10	-107.4	280.2	-22.5
139069069	-2.88	-10.02	238.8	6.09	-123.1	268.6	-27.3
141070070	-2.86	-12.06	218.2	6.12	-135.8	257.0	-31.9
143071071	-2.85	-14.02	198.5	6.14	-143.8	245.1	-35.9
145072072	-2.84	-16.18	177.9	6.18	-149.1	232.1	-40.0
147073073	-2.81	-18.29	159.3	6.23	-151.6	219.9	-43.6
149074074	-2.78	-20.57	141.0	6.31	-152.3	207.6	-47.2
151075075	-2.76	-22.73	125.7	6.34	-150.1	195.8	-50.1
153076076	-2.72	-25.04	111.0	6.43	-147.4	184.6	-53.0
155077077	-2.68	-27.37	98.1	6.53	-143.7	173.9	-55.7
157078078	-2.66	-29.70	87.0	6.59	-138.8	163.8	-57.9
159079079	-2.61	-32.10	77.0	6.70	-133.9	154.4	-60.1
161080080	-2.59	-34.53	68.6	6.74	-128.2	145.4	-61.9
163081081	-2.56	-36.94	61.2	6.83	-122.9	137.3	-63.5
165082082	-2.53	-39.28	54.9	6.92	-117.9	130.0	-65.0
167083083	-2.49	-41.63	49.4	7.03	-113.1	123.4	-66.4
169084084	-2.44	-44.08	44.4	7.15	-108.2	116.9	-67.7
171085085	-2.40	-46.41	40.0	7.30	-103.8	111.3	-68.9
173086086	-2.34	-48.88	36.0	7.48	-99.4	105.7	-70.1
175087087	-2.27	-51.57	32.0	7.69	-94.9	100.1	-71.3
177088088	-2.22	-54.29	28.7	7.87	-90.4	94.9	-72.4
179089089	-2.17	-57.13	25.9	8.03	-85.9	89.7	-73.2
181090090	-2.13	-60.23	23.2	8.18	-81.3	84.6	-74.0
183091091	-2.11	-63.22	21.2	8.27	-77.1	79.9	-74.6
185092092	-2.09	-66.32	19.4	8.36	-73.0	75.5	-75.1
187093093	-2.08	-69.86	17.6	8.40	-68.6	70.8	-75.6
189094094	-2.08	-73.50	16.2	8.39	-64.4	66.4	-75.8
191095095	-2.11	-77.16	15.2	8.28	-60.4	62.3	-75.9
193096096	-2.11	-81.12	14.0	8.27	-56.4	58.2	-76.0
195097097	-2.11	-85.56	12.9	8.28	-52.4	53.9	-76.2
197098098	-2.11	-90.71	11.8	8.28	-48.0	49.4	-76.2
199099099	-2.16	-96.83	10.9	8.09	-43.2	44.5	-75.8
201100100	-2.28	-103.52	10.4	7.68	-38.3	39.7	-74.8
203101101	-2.45	-110.87	10.2	7.15	-33.5	35.0	-73.0
205102102	-2.65	-119.51	10.0	6.62	-28.3	30.0	-70.4
207103103	-2.94	-129.12	10.2	5.97	-23.0	25.1	-66.0
209104104	-3.35	-140.00	10.7	5.24	-17.5	20.5	-58.4
211105105	-3.93	-152.17	11.8	4.50	-11.7	16.6	-45.0
213106106	-4.74	-165.88	13.5	3.76	-5.7	14.7	-23.1
215107107	-5.80	179.16	16.1	3.10	0.3	16.1	1.2
217108108	-7.01	162.79	19.5	2.61	6.4	20.5	18.3
219109109	-8.22	144.48	23.8	2.27	12.7	27.0	28.0
221110110	-9.17	126.26	28.7	2.07	18.3	34.0	32.6
223111111	-9.51	108.83	33.4	2.01	23.8	41.1	35.5
225112112	-9.28	93.76	37.9	2.05	29.5	48.0	37.9
227113113	-8.46	81.81	41.4	2.21	36.1	54.9	41.1
229114114	-7.27	70.66	45.1	2.53	45.4	64.0	45.2
231115115	-6.04	59.55	50.5	2.99	57.8	76.8	48.9
233116116	-5.05	49.05	59.3	3.54	72.8	93.9	50.9
235117117	-4.23	39.65	72.2	4.19	90.9	116.0	51.6
237118118	-3.63	31.28	92.0	4.85	110.9	144.1	50.3
239119119	-3.22	23.84	122.5	5.46	130.7	179.1	46.9
241120120	-2.90	17.22	168.3	6.05	146.7	223.2	41.1
243121121	-2.64	11.20	235.2	6.63	147.9	277.8	32.2
245122122	-2.44	5.83	316.6	7.15	112.8	336.1	19.6
247123123	-2.30	0.74	379.0	7.60	18.2	379.5	2.7
249124124	-2.19	-4.01	371.0	7.99	-101.9	384.8	-15.4
251125125	-2.12	-8.40	303.3	8.25	-180.1	352.8	-30.7
253126126	-2.07	-12.61	228.5	8.44	-207.6	308.7	-42.3
255127127	-2.04	-16.48	172.2	8.57	-206.6	268.9	-50.2
257128128	-2.01	-20.10	132.9	8.69	-195.9	236.7	-55.8
259129129	-1.97	-23.45	105.4	8.86	-183.6	211.7	-60.1
261130130	-1.95	-26.82	85.2	8.95	-169.8	190.0	-63.4
263131131	-1.92	-30.06	70.0	9.09	-157.5	172.4	-66.0
265132132	-1.89	-33.01	59.2	9.23	-147.1	158.5	-68.1
267133133	-1.84	-35.87	50.3	9.47	-138.1	146.9	-70.0
269134134	-1.78	-38.79	42.7	9.79	-129.6	136.5	-71.8
271135135	-1.73	-41.54	37.0	10.05	-122.1	127.6	-73.1
273136136	-1.69	-44.37	32.1	10.34	-115.0	119.4	-74.4
275137137	-1.64	-46.96	28.3	10.61	-108.9	112.6	-75.4
277138138	-1.59	-49.58	25.0	10.94	-103.3	106.3	-76.4
279139139	-1.55	-51.99	22.4	11.24	-98.5	101.0	-77.2
281140140	-1.51	-54.40	20.2	11.54	-93.9	96.0	-77.9
283141141	-1.45	-56.76	17.9	12.05	-89.8	91.6	-78.7
285142142	-1.40	-58.92	16.2	12.48	-86.2	87.7	-79.3
287143143	-1.34	-61.18	14.6	13.01	-82.7	84.0	-80.0
289144144	-1.28	-63.35	13.2	13.59	-79.5	80.5	-80.6
291145145	-1.22	-65.45	11.9	14.24	-76.5	77.4	-81.2
293146146	-1.17	-67.53	10.8	14.86	-73.7	74.5	-81.7
295147147	-1.13	-69.61	9.9	15.41	-71.0	71.7	-82.1
297148148	-1.09	-71.61	9.1	15.98	-68.5	69.1	-82.5
299149149	-1.05	-73.51	8.4	16.51	-66.3	66.8	-82.8
301150150	-1.02	-75.34	7.8	17.12	-64.2	64.6	-83.1
303151151	-0.99	-77.08	7.3	17.56	-62.2	62.7	-83.3
305152152	-0.97	-78.86	6.9	17.89	-60.3	60.7	-83.5
307153153	-0.94	-80.60	6.4	18.50	-58.5	58.9	-83.7
309154154	-0.93	-82.30	6.1	18.72	-56.8	57.2	-83.8
311155155	-0.91	-83.96	5.8	19.06	-55.2	55.5	-84.0
313156156	-0.91	-85.60	5.6	19.12	-53.7	54.0	-84.0
315157157	-0.91	-87.15	5.5	19.20	-52.3	52.5	-84.0
317158158	-0.90	-88.60	5.3	19.28	-51.0	51.2	-84.1
319159159	-0.90	-90.17	5.2	19.28	-49.6	49.8	-84.1
321160160	-0.88	-91.64	4.9	19.65	-48.3	48.6	-84.2
323161161	-0.88	-93.02	4.8	19.72	-47.2	47.4	-84.2
325162162	-0.88	-94.49	4.7	19.72	-46.0	46.2	-84.2
327163163	-0.89	-95.91	4.6	19.64	-44.9	45.1	-84.1
329164164	-0.88	-97.30	4.5	19.68	-43.8	44.0	-84.1
331165165	-0.87	-98.69	4.3	19.97	-42.7	43.0	-84.2
333166166	-0.86	-100.28	4.2	20.26	-41.6	41.8	-84.3
335167167	-0.85	-101.82	4.0	20.51	-40.5	40.7	-84.3
337168168	-0.86	-103.28	4.0	20.11	-39.4	39.6	-84.2
339169169	-0.87	-104.85	4.0	20.06	-38.3	38.5	-84.1
341170170	-0.88	-106.45	3.9	19.82	-37.2	37.4	-84.0
343171171	-0.88	-108.08	3.9	19.75	-36.1	36.3	-83.9
345172172	-0.89	-109.58	3.8	19.50	-35.1	35.4	-83.8
347173173	-0.91	-111.08	3.8	19.17	-34.2	34.4	-83.6
349174174	-0.91	-112.64	3.8	19.06	-33.2	33.4	-83.5
351175175	-0.92	-114.26	3.7	18.92	-32.2	32.4	-83.4
353176176	-0.93	-115.86	3.7	18.64	-31.2	31.4	-83.2
355177177	-0.95	-117.36	3.7	18.30	-30.3	30.5	-83.0
357178178	-0.96	-118.88	3.7	18.20	-29.4	29.6	-82.8
359179179	-0.96	-120.47	3.7	18.02	-28.5	28.7	-82.6
361180180	-0.98	-122.10	3.7	17.83	-27.5	27.8	-82.4
363181181	-0.99	-123.61	3.6	17.65	-26.7	26.9	-82.2
365182182	-0.99	-125.20	3.6	17.56	-25.8	26.1	-82.0
367183183	-0.99	-126.74	3.6	17.54	-25.0	25.2	-81.9
369184184	-0.99	-128.30	3.5	17.53	-24.1	24.4	-81.7
371185185	-0.99	-129.77	3.5	17.59	-23.3	23.6	-81.6
373186186	-0.99	-131.26	3.4	17.57	-22.6	22.8	-81.4
375187187	-0.99	-132.73	3.4	17.58	-21.8	22.1	-81.2
377188188	-0.98	-134.23	3.3	17.72	-21.0	21.3	-81.0
379189189	-0.97	-135.66	3.3	17.85	-20.3	20.6	-80.9
381190190	-0.97	-137.05	3.2	17.95	-19.6	19.9	-80.7
383191191	-0.95	-138.46	3.1	18.30	-18.9	19.2	-80.6
385192192	-0.94	-139.87	3.1	18.51	-18.2	18.5	-80.5
387193193	-0.93	-141.20	3.0	18.63	-17.5	17.8	-80.3
389194194	-0.92	-142.55	2.9	18.92	-16.9	17.1	-80.1
391195195	-0.91	-143.83	2.9	19.09	-16.3	16.5	-79.9
393196196	-0.90	-145.10	2.8	19.38	-15.7	15.9	-79.8
395197197	-0.89	-146.31	2.8	19.55	-15.1	15.4	-79.5
397198198	-0.87	-147.58	2.7	19.97	-14.5	14.7	-79.4
399199199	-0.86	-148.74	2.7	20.16	-14.0	14.2	-79.2
401200200	-0.85	-149.92	2.6	20.48	-13.4	13.7	-78.9
403201201	-0.84	-151.08	2.6	20.77	-12.9	13.1	-78.7
405202202	-0.82	-152.21	2.5	21.09	-12.3	12.6	-78.5
407203203	-0.82	-153.31	2.5	21.12	-11.8	12.1	-78.1
409204204	-0.81	-154.44	2.5	21.44	-11.3	11.6	-77.8
411205205	-0.80	-155.44	2.4	21.67	-10.9	11.1	-77.5
413206206	-0.80	-156.46	2.4	21.62	-10.4	10.7	-76.9
415207207	-0.81	-157.51	2.4	21.49	-9.9	10.2	-76.3
417208208	-0.81	-158.45	2.4	21.48	-9.5	9.8	-75.7
419209209	-0.81	-159.44	2.4	21.37	-9.1	9.4	-75.1
421210210	-0.82	-160.41	2.4	21.21	-8.6	8.9	-74.3
423211211	-0.82	-161.36	2.4	21.17	-8.2	8.5	-73.5
425212212	-0.84	-162.25	2.5	20.81	-7.8	8.2	-72.5
427213213	-0.85	-163.19	2.5	20.41	-7.4	7.8	-71.2
429214214	-0.87	-164.11	2.6	19.97	-7.0	7.4	-69.9
431215215	-0.88	-164.99	2.6	19.65	-6.6	7.1	-68.5
433216216	-0.91	-165.92	2.6	19.19	-6.2	6.7	-66.8
435217217	-0.93	-166.79	2.7	18.76	-5.8	6.4	-64.9
437218218	-0.94	-167.60	2.7	18.47	-5.4	6.1	-63.2
439219219	-0.96	-168.50	2.8	18.05	-5.0	5.7	-60.9
441220220	-0.99	-169.41	2.9	17.66	-4.6	5.4	-58.3
443221221	-1.01	-170.25	2.9	17.29	-4.3	5.2	-55.6
445222222	-1.04	-171.18	3.0	16.74	-3.8	4.9	-52.0
447223223	-1.06	-171.98	3.1	16.41	-3.5	4.6	-48.7
449224224	-1.09	-172.91	3.1	15.97	-3.1	4.4	-44.5
451225225	-1.12	-173.88	3.2	15.53	-2.7	4.2	-39.5
453226226	-1.14	-174.72	3.3	15.23	-2.3	4.0	-34.9
455227227	-1.17	-175.64	3.4	14.89	-1.9	3.9	-29.4
457228228	-1.20	-176.57	3.4	14.54	-1.5	3.8	-23.4
459229229	-1.23	-177.57	3.5	14.10	-1.1	3.7	-16.6
461230230	-1.26	-178.52	3.6	13.80	-0.6	3.7	-10.1
463231231	-1.29	-179.45	3.7	13.46	-0.2	3.7	-3.6
465232232	-1.32	179.56	3.8	13.19	0.2	3.8	2.9
467233233	-1.35	178.61	3.9	12.93	0.6	3.9	8.8
469234234	-1.38	177.60	4.0	12.65	1.0	4.1	14.8
471235235	-1.39	176.63	4.0	12.48	1.5	4.3	20.1
473236236	-1.42	175.57	4.1	12.30	1.9	4.5	25.3
475237237	-1.44	174.57	4.2	12.07	2.4	4.8	29.5
477238238	-1.45	173.56	4.2	11.97	2.8	5.0	33.7
479239239	-1.47	172.58	4.2	11.83	3.2	5.3	37.2
481240240	-1.49	171.52	4.3	11.72	3.7	5.7	40.6
483241241	-1.50	170.43	4.3	11.62	4.2	6.0	43.8
485242242	-1.51	169.43	4.4	11.54	4.6	6.3	46.4
487243243	-1.52	168.34	4.4	11.45	5.1	6.7	48.9
489244244	-1.53	167.30	4.4	11.39	5.5	7.1	51.2
491245245	-1.54	166.30	4.5	11.34	6.0	7.5	53.1
493246246	-1.55	165.25	4.5	11.25	6.4	7.9	54.9
495247247	-1.55	164.21	4.5	11.23	6.9	8.2	56.6
497248248	-1.55	163.14	4.6	11.22	7.3	8.6	58.2
499249249	-1.54	162.10	4.5	11.29	7.8	9.0	59.8
501250250	-1.54	161.01	4.6	11.28	8.3	9.5	61.2
503251251	-1.53	159.94	4.5	11.35	8.8	9.9	62.6
505252252	-1.53	158.90	4.6	11.36	9.2	10.3	63.8
507253253	-1.53	157.85	4.5	11.41	9.7	10.7	64.9
509254254	-1.53	156.82	4.6	11.39	10.2	11.2	65.8
511255255	-1.52	155.72	4.6	11.45	10.7	11.6	66.8
513256256	-1.52	154.63	4.6	11.46	11.2	12.1	67.7
515257257	-1.50	153.56	4.6	11.57	11.7	12.5	68.6
517258258	-1.50	152.48	4.6	11.62	12.2	13.0	69.4
519259259	-1.49	151.44	4.6	11.66	12.6	13.4	70.1
521260260	-1.49	150.37	4.6	11.66	13.1	13.9	70.7
523261261	-1.49	149.31	4.6	11.72	13.6	14.4	71.4
525262262	-1.48	148.22	4.6	11.77	14.1	14.8	72.0
527263263	-1.47	147.15	4.6	11.81	14.6	15.3	72.5
529264264	-1.48	146.04	4.7	11.74	15.1	15.8	72.9
531265265	-1.48	144.89	4.7	11.80	15.7	16.4	73.5
533266266	-1.47	143.75	4.7	11.81	16.2	16.9	73.9
535267267	-1.47	142.63	4.7	11.83	16.8	17.4	74.3
537268268	-1.48	141.56	4.8	11.78	17.3	17.9	74.6
539269269	-1.48	140.42	4.8	11.78	17.8	18.5	75.0
541270270	-1.48	139.24	4.8	11.78	18.4	19.0	75.3
543271271	-1.49	138.15	4.9	11.72	19.0	19.6	75.6
545272272	-1.51	136.97	5.0	11.55	19.5	20.2	75.7
547273273	-1.51	135.74	5.0	11.54	20.2	20.8	76.0
549274274	-1.52	134.53	5.1	11.45	20.8	21.4	76.1
551275275	-1.55	133.42	5.3	11.27	21.3	22.0	76.2
553276276	-1.57	132.02	5.4	11.07	22.0	22.7	76.2
555277277	-1.58	130.84	5.5	11.02	22.6	23.3	76.4
557278278	-1.60	129.56	5.6	10.87	23.3	24.0	76.5
559279279	-1.62	128.32	5.7	10.76	24.0	24.6	76.6
561280280	-1.65	126.90	5.9	10.54	24.7	25.4	76.5
563281281	-1.69	125.63	6.1	10.33	25.4	26.1	76.5
565282282	-1.73	124.29	6.3	10.08	26.1	26.8	76.4
567283283	-1.78	123.02	6.6	9.81	26.8	27.6	76.2
569284284	-1.82	121.74	6.8	9.56	27.5	28.3	76.0
571285285	-1.87	120.37	7.1	9.32	28.2	29.1	75.9
573286286	-1.92	119.01	7.4	9.07	29.0	29.9	75.7
575287287	-1.99	117.67	7.8	8.75	29.7	30.7	75.3
577288288	-2.05	116.43	8.1	8.52	30.4	31.5	75.1
579289289	-2.11	115.08	8.4	8.26	31.2	32.3	74.8
581290290	-2.19	113.84	8.9	7.98	31.8	33.1	74.4
583291291	-2.26	112.65	9.3	7.75	32.5	33.8	74.1
585292292	-2.33	111.57	9.7	7.50	33.1	34.5	73.7
587293293	-2.40	110.43	10.1	7.28	33.8	35.2	73.4
589294294	-2.46	109.44	10.5	7.11	34.3	35.9	73.1
591295295	-2.52	108.51	10.8	6.94	34.9	36.5	72.8
593296296	-2.57	107.60	11.2	6.80	35.4	37.1	72.5
595297297	-2.60	106.82	11.4	6.73	35.9	37.6	72.4
597298298	-2.61	106.08	11.5	6.71	36.3	38.1	72.4
599299299	-2.62	105.27	11.7	6.69	36.8	38.7	72.4
601300300	-2.62	104.41	11.8	6.68	37.4	39.2	72.4
603301301	-2.60	103.56	11.9	6.73	38.0	39.8	72.6
605302302	-2.59	102.73	11.9	6.77	38.6	40.4	72.8
607303303	-2.53	101.94	11.8	6.90	39.1	40.9	73.2
609304304	-2.49	100.97	11.8	7.04	39.9	41.6	73.5
611305305	-2.43	100.06	11.7	7.18	40.5	42.2	73.9
613306306	-2.37	98.95	11.6	7.36	41.4	43.0	74.4
615307307	-2.31	97.82	11.5	7.56	42.3	43.8	74.8
617308308	-2.26	96.59	11.5	7.73	43.2	44.7	75.2
619309309	-2.20	95.52	11.3	7.94	44.1	45.5	75.6
621310310	-2.15	94.35	11.3	8.13	45.1	46.4	75.9
623311311	-2.10	93.20	11.2	8.32	46.0	47.4	76.3
625312312	-2.06	92.00	11.3	8.48	47.0	48.3	76.5
627313313	-2.01	90.74	11.2	8.69	48.1	49.4	76.9
629314314	-1.95	89.51	11.2	8.93	49.2	50.4	77.2
631315315	-1.91	88.37	11.1	9.13	50.2	51.4	77.5
633316316	-1.87	87.32	11.1	9.33	51.1	52.3	77.8
635317317	-1.84	86.09	11.2	9.47	52.3	53.5	77.9
637318318	-1.79	85.00	11.1	9.73	53.3	54.5	78.2
639319319	-1.76	83.73	11.2	9.92	54.5	55.7	78.4
641320320	-1.70	82.50	11.1	10.23	55.8	56.9	78.7
643321321	-1.69	81.54	11.2	10.30	56.7	57.8	78.8
645322322	-1.66	80.44	11.3	10.48	57.9	58.9	79.0
647323323	-1.63	79.29	11.4	10.67	59.1	60.1	79.1
649324324	-1.60	78.15	11.4	10.90	60.3	61.4	79.3
651325325	-1.58	77.16	11.5	11.01	61.4	62.4	79.4
653326326	-1.57	75.95	11.8	11.09	62.7	63.8	79.4
655327327	-1.54	74.79	11.8	11.30	64.0	65.1	79.5
657328328	-1.53	73.70	12.1	11.35	65.3	66.4	79.5
659329329	-1.55	72.51	12.5	11.27	66.7	67.8	79.4
661330330	-1.53	71.07	12.8	11.39	68.4	69.6	79.4
663331331	-1.51	69.78	13.1	11.50	70.1	71.3	79.4
665332332	-1.52	68.63	13.6	11.42	71.5	72.8	79.3
667333333	-1.54	67.59	14.0	11.34	72.9	74.2	79.1
669334334	-1.56	66.35	14.7	11.16	74.5	75.9	78.8
671335335	-1.56	65.04	15.2	11.15	76.3	77.8	78.7
673336336	-1.57	63.83	15.8	11.11	78.0	79.6	78.6
675337337	-1.59	62.58	16.6	10.92	79.8	81.5	78.2
677338338	-1.65	61.43	17.7	10.58	81.3	83.2	77.7
679339339	-1.68	60.09	18.7	10.39	83.3	85.4	77.4
681340340	-1.69	59.08	19.4	10.29	84.9	87.1	77.1
683341341	-1.74	57.77	20.7	10.03	86.9	89.3	76.6
685342342	-1.79	56.35	22.2	9.76	89.1	91.8	76.0
687343343	-1.83	55.00	23.6	9.54	91.3	94.3	75.5
689344344	-1.89	53.73	25.3	9.25	93.3	96.7	74.8
691345345	-1.92	52.29	27.0	9.10	95.8	99.5	74.3
693346346	-1.96	50.78	29.0	8.88	98.5	102.6	73.6
695347347	-2.03	49.27	31.5	8.58	101.0	105.8	72.7
697348348	-2.07	47.68	33.8	8.45	104.1	109.4	72.0
699349349	-2.10	46.08	36.4	8.29	107.2	113.3	71.2
701350350	-2.15	44.49	39.4	8.11	110.3	117.2	70.3
703351351	-2.21	42.82	43.1	7.89	113.6	121.5	69.2
705352352	-2.24	41.09	46.6	7.81	117.5	126.4	68.4
707353353	-2.28	39.43	50.7	7.65	121.0	131.2	67.3
709354354	-2.34	37.64	55.7	7.47	124.8	136.7	65.9
711355355	-2.38	35.77	61.3	7.33	129.0	142.8	64.6
713356356	-2.40	33.76	67.6	7.28	134.1	150.2	63.2
715357357	-2.45	31.94	74.6	7.14	138.2	157.1	61.6
717358358	-2.46	30.09	81.9	7.12	143.2	165.0	60.2
719359359	-2.52	28.09	91.9	6.94	147.0	173.3	58.0
721360360	-2.54	26.07	102.5	6.89	151.7	183.1	56.0
723361361	-2.56	24.03	114.7	6.84	156.1	193.7	53.7
725362362	-2.57	21.98	128.6	6.80	160.2	205.4	51.2
727363363	-2.60	19.87	145.1	6.74	162.5	217.8	48.2
729364364	-2.60	17.66	164.7	6.73	164.3	232.6	44.9
731365365	-2.62	15.61	185.0	6.68	162.6	246.3	41.3
733366366	-2.63	13.56	207.6	6.66	158.6	261.2	37.4
735367367	-2.64	11.41	232.8	6.64	149.3	276.6	32.7
737368368	-2.64	9.19	259.8	6.63	134.3	292.5	27.3
739369369	-2.64	6.90	286.7	6.62	111.5	307.6	21.3
741370370	-2.64	4.84	307.5	6.62	84.0	318.8	15.3
743371371	-2.65	2.74	322.4	6.60	49.8	326.2	8.8
745372372	-2.66	0.48	328.8	6.58	8.9	328.9	1.5
747373373	-2.66	-1.66	326.2	6.58	-30.4	327.6	-5.3
749374374	-2.66	-3.88	313.8	6.58	-68.3	321.1	-12.3
751375375	-2.67	-6.08	293.4	6.56	-99.6	309.8	-18.7
753376376	-2.67	-8.19	270.2	6.56	-123.4	297.1	-24.5
755377377	-2.69	-10.24	244.8	6.51	-138.3	281.1	-29.5
757378378	-2.69	-12.40	219.6	6.51	-149.8	265.8	-34.3
759379379	-2.70	-14.49	196.1	6.48	-155.2	250.1	-38.4
761380380	-2.73	-16.69	173.7	6.42	-156.3	233.7	-42.0
763381381	-2.75	-18.75	155.3	6.36	-155.0	219.4	-44.9
765382382	-2.77	-20.86	138.8	6.33	-152.5	206.2	-47.7
767383383	-2.79	-22.99	124.3	6.28	-148.5	193.6	-50.1
769384384	-2.84	-25.00	112.8	6.17	-143.1	182.2	-51.8
771385385	-2.89	-27.10	102.2	6.07	-137.6	171.4	-53.4
773386386	-2.95	-29.05	94.1	5.94	-131.8	162.0	-54.5
775387387	-3.01	-31.15	86.3	5.83	-126.2	152.9	-55.6
777388388	-3.07	-33.12	80.0	5.71	-121.0	145.1	-56.5
779389389	-3.17	-35.03	75.0	5.55	-115.6	137.8	-57.0
781390390	-3.22	-36.97	70.1	5.45	-111.1	131.4	-57.7
783391391	-3.32	-38.93	66.2	5.30	-106.1	125.1	-58.1
785392392	-3.39	-40.83	62.5	5.18	-102.0	119.6	-58.5
787393393	-3.49	-42.61	59.6	5.05	-97.9	114.7	-58.7
789394394	-3.58	-44.35	57.1	4.92	-94.2	110.2	-58.8
791395395	-3.68	-46.15	54.8	4.79	-90.6	105.8	-58.8
793396396	-3.75	-47.70	52.8	4.70	-87.7	102.4	-58.9
795397397	-3.85	-49.25	51.2	4.58	-84.7	99.0	-58.8
797398398	-3.92	-51.01	49.2	4.50	-81.9	95.5	-59.0
799399399	-4.00	-52.45	47.8	4.42	-79.6	92.8	-59.0
801400400	-4.06	-53.81	46.5	4.36	-77.5	90.4	-59.0
803401401	-4.12	-55.02	45.5	4.30	-75.7	88.3	-59.0
805402402	-4.15	-56.30	44.2	4.26	-74.1	86.3	-59.2
807403403	-4.13	-57.44	42.8	4.28	-73.0	84.6	-59.6
809404404	-4.09	-58.65	41.2	4.33	-72.1	83.0	-60.3
811405405	-3.98	-60.00	39.1	4.44	-71.3	81.4	-61.3
813406406	-3.88	-61.49	37.0	4.55	-70.4	79.5	-62.3
815407407	-3.77	-63.28	34.6	4.68	-69.1	77.3	-63.4
817408408	-3.63	-65.24	32.1	4.85	-67.8	75.0	-64.6
819409409	-3.50	-67.37	29.7	5.03	-66.1	72.5	-65.8
821410410	-3.37	-69.65	27.3	5.22	-64.4	69.9	-67.0
823411411	-3.22	-72.24	24.8	5.45	-62.3	67.0	-68.3
825412412	-3.10	-74.98	22.7	5.66	-60.0	64.1	-69.3
827413413	-3.01	-77.70	20.9	5.82	-57.6	61.3	-70.1
829414414	-2.92	-80.62	19.2	6.00	-55.2	58.4	-70.9
831415415	-2.85	-83.36	17.8	6.14	-52.9	55.8	-71.4
833416416	-2.81	-86.23	16.7	6.24	-50.5	53.2	-71.7
835417417	-2.77	-89.10	15.7	6.32	-48.3	50.7	-72.0
837418418	-2.74	-91.81	14.8	6.40	-46.2	48.5	-72.2
839419419	-2.72	-94.54	14.1	6.44	-44.2	46.4	-72.3
841420420	-2.69	-97.17	13.4	6.51	-42.3	44.4	-72.4
843421421	-2.67	-99.75	12.8	6.56	-40.5	42.5	-72.4
845422422	-2.65	-102.14	12.3	6.60	-38.9	40.8	-72.4
847423423	-2.67	-104.45	12.1	6.55	-37.3	39.2	-72.1
849424424	-2.68	-106.69	11.7	6.53	-35.9	37.7	-71.9
851425425	-2.68	-109.03	11.4	6.54	-34.4	36.2	-71.7
853426426	-2.67	-111.10	11.1	6.55	-33.1	34.9	-71.5
855427427	-2.68	-113.27	10.9	6.53	-31.8	33.6	-71.1
857428428	-2.70	-115.26	10.7	6.49	-30.6	32.5	-70.8
859429429	-2.74	-117.30	10.6	6.40	-29.5	31.3	-70.2
861430430	-2.74	-119.22	10.4	6.39	-28.4	30.2	-69.8
863431431	-2.76	-121.13	10.3	6.34	-27.3	29.2	-69.3
865432432	-2.76	-123.02	10.1	6.34	-26.3	28.2	-68.9
867433433	-2.79	-124.92	10.1	6.28	-25.2	27.2	-68.3
869434434	-2.84	-126.77	10.1	6.17	-24.2	26.2	-67.4
871435435	-2.86	-128.59	10.0	6.14	-23.3	25.3	-66.8
873436436	-2.88	-130.38	9.9	6.09	-22.4	24.5	-66.1
875437437	-2.92	-132.16	9.9	6.01	-21.4	23.6	-65.2
877438438	-2.95	-134.00	9.9	5.94	-20.5	22.8	-64.3
879439439	-2.98	-135.74	9.8	5.89	-19.7	22.0	-63.4
881440440	-3.02	-137.46	9.9	5.80	-18.8	21.2	-62.3
883441441	-3.03	-139.19	9.8	5.78	-18.0	20.5	-61.4
885442442	-3.06	-140.89	9.8	5.74	-17.2	19.7	-60.3
887443443	-3.07	-142.61	9.7	5.71	-16.3	19.0	-59.3
889444444	-3.10	-144.44	9.7	5.67	-15.5	18.3	-58.0
891445445	-3.11	-146.19	9.6	5.64	-14.7	17.6	-56.7
893446446	-3.12	-147.91	9.6	5.63	-13.9	16.9	-55.4
895447447	-3.13	-149.69	9.5	5.61	-13.1	16.2	-53.9
897448448	-3.15	-151.41	9.5	5.58	-12.3	15.6	-52.2
899449449	-3.16	-153.14	9.5	5.56	-11.5	14.9	-50.6
901450450	-3.15	-154.83	9.4	5.57	-10.8	14.3	-48.9
903451451	-3.14	-156.52	9.3	5.59	-10.0	13.7	-47.1
905452452	-3.13	-158.20	9.2	5.60	-9.3	13.1	-45.2
907453453	-3.11	-159.82	9.1	5.65	-8.6	12.5	-43.3
909454454	-3.08	-161.52	9.0	5.70	-7.9	12.0	-41.2
911455455	-3.07	-163.12	8.9	5.72	-7.2	11.5	-38.8
913456456	-3.02	-164.89	8.8	5.80	-6.4	10.9	-36.3
915457457	-3.00	-166.26	8.7	5.85	-5.8	10.4	-34.0
917458458	-2.96	-167.83	8.5	5.92	-5.2	10.0	-31.3
919459459	-2.92	-169.30	8.4	6.00	-4.6	9.6	-28.5
921460460	-2.88	-170.82	8.3	6.09	-3.9	9.1	-25.3
923461461	-2.83	-172.28	8.1	6.19	-3.3	8.8	-22.0
925462462	-2.78	-173.64	8.0	6.30	-2.7	8.4	-18.8
927463463	-2.73	-175.08	7.8	6.42	-2.1	8.1	-15.0
929464464	-2.67	-176.45	7.6	6.55	-1.5	7.8	-11.2
931465465	-2.61	-177.78	7.5	6.71	-0.9	7.5	-7.2
933466466	-2.57	-179.10	7.3	6.81	-0.4	7.3	-3.0
935467467	-2.50	179.61	7.1	6.99	0.2	7.2	1.3
937468468	-2.43	178.29	7.0	7.18	0.7	7.0	6.0
939469469	-2.37	177.05	6.8	7.37	1.3	6.9	10.5
941470470	-2.32	175.85	6.6	7.53	1.8	6.9	15.0
943471471	-2.25	174.63	6.5	7.76	2.3	6.9	19.6
945472472	-2.19	173.44	6.3	7.99	2.8	6.9	24.2
947473473	-2.13	172.24	6.1	8.20	3.3	7.0	28.6
949474474	-2.06	171.08	5.9	8.48	3.8	7.1	33.0
951475475	-2.00	169.90	5.8	8.72	4.4	7.2	37.0
953476476	-1.94	168.64	5.6	9.00	4.9	7.5	41.2
955477477	-1.88	167.56	5.5	9.26	5.4	7.7	44.6
957478478	-1.81	166.47	5.3	9.61	5.9	7.9	48.0
959479479	-1.76	165.35	5.1	9.90	6.4	8.2	51.1
961480480	-1.69	164.18	4.9	10.30	6.9	8.5	54.3
963481481	-1.63	163.04	4.8	10.66	7.4	8.8	57.0
965482482	-1.58	161.99	4.6	11.05	7.9	9.1	59.4
967483483	-1.53	160.88	4.5	11.39	8.4	9.5	61.6
969484484	-1.47	159.66	4.4	11.82	8.9	9.9	63.9
971485485	-1.39	158.55	4.1	12.51	9.4	10.3	66.3
973486486	-1.34	157.43	4.0	13.01	9.9	10.7	68.1
975487487	-1.27	156.25	3.8	13.69	10.5	11.1	70.0
977488488	-1.22	155.16	3.7	14.25	11.0	11.6	71.4
979489489	-1.17	153.88	3.6	14.82	11.5	12.1	72.9
981490490	-1.10	152.73	3.4	15.75	12.1	12.5	74.5
983491491	-1.07	151.59	3.3	16.32	12.6	13.0	75.5
985492492	-0.99	150.38	3.0	17.61	13.2	13.5	77.0
987493493	-0.93	149.05	2.9	18.62	13.8	14.1	78.2
989494494	-0.87	147.84	2.7	19.91	14.4	14.6	79.3
991495495	-0.80	146.52	2.5	21.78	15.0	15.2	80.5
993496496	-0.74	145.24	2.3	23.49	15.6	15.8	81.5
995497497	-0.70	143.83	2.2	24.87	16.3	16.5	82.2
997498498	-0.62	142.67	2.0	28.00	16.9	17.0	83.3
999499499	-0.57	141.27	1.8	30.58	17.6	17.6	84.0
1001500500	-0.50	139.96	1.6	35.05	18.2	18.3	84.9
1003501501	-0.44	138.55	1.5	39.35	18.9	19.0	85.6
1005502502	-0.36	137.19	1.2	47.61	19.6	19.6	86.5
1007503503	-0.29	135.66	1.0	59.27	20.4	20.4	87.2
1009504504	-0.23	134.19	0.8	74.60	21.1	21.1	87.9
1011505505	-0.14	132.75	0.5	119.90	21.9	21.9	88.7
1013506506	-0.06	131.24	0.2	306.07	22.7	22.7	89.5
1015507507	-0.01	129.84	0.0	176.82	23.4	23.4	89.9
1017508508	0.00	128.39	0.0	?	24.2	24.2	90.0
1019509509	0.00	126.76	0.0	?	25.1	25.1	90.0
1021510510	0.00	125.25	0.0	?	25.9	25.9	90.0
1023511511	0.00	123.84	0.0	?	26.7	26.7	90.0
1025512512	0.00	122.17	0.0	?	27.6	27.6	90.0
1027513513	0.00	120.50	0.0	?	28.6	28.6	90.0
1029514514	0.00	119.04	0.0	?	29.4	29.4	90.0
1031515515	0.00	117.41	0.0	?	30.4	30.4	90.0
1033516516	0.00	115.81	0.0	?	31.4	31.4	90.0
1035517517	0.00	114.11	0.0	?	32.4	32.4	90.0
1037518518	0.00	112.61	0.0	?	33.3	33.3	90.0
1039519519	0.00	110.87	0.0	?	34.5	34.5	90.0
1041520520	0.00	109.21	0.0	?	35.5	35.5	90.0
1043521521	0.00	107.62	0.0	?	36.6	36.6	90.0
1045522522	-1.06	165.45	3.1	16.38	6.4	7.1	64.0
1047523523	0.00	151.26	0.0	?	12.8	12.8	90.0
1049524524	0.00	100.87	0.0	?	41.3	41.3	90.0
1051525525	-0.35	93.75	1.9	49.82	46.8	46.8	87.7
1053526526	-0.37	91.41	2.1	46.38	48.7	48.8	87.5
1055527527	-0.39	89.50	2.3	44.62	50.4	50.4	87.4
1057528528	-0.44	87.20	2.7	39.38	52.4	52.5	87.1
1059529529	-0.46	84.85	2.9	37.96	54.6	54.7	87.0
1061530530	-0.49	82.79	3.2	35.50	56.6	56.7	86.7
1063531531	-0.54	80.35	3.7	32.10	59.1	59.2	86.4
1065532532	-0.59	78.02	4.3	29.23	61.5	61.7	86.0
1067533533	-0.67	75.69	5.1	25.87	64.1	64.3	85.4
1069534534	-0.72	73.36	5.8	24.19	66.8	67.1	85.1
1071535535	-0.78	71.02	6.6	22.23	69.7	70.0	84.6
1073536536	-0.87	68.63	7.9	19.87	72.7	73.1	83.8
1075537537	-0.99	66.31	9.5	17.52	75.7	76.3	82.9
1077538538	-1.12	63.85	11.4	15.58	79.1	79.9	81.8
1079539539	-1.25	61.53	13.5	13.96	82.4	83.5	80.7
1081540540	-1.39	59.08	16.1	12.51	86.0	87.5	79.4
1083541541	-1.56	56.92	19.1	11.19	89.1	91.1	77.9
1085542542	-1.73	54.63	22.8	10.06	92.4	95.2	76.2
1087543543	-1.98	52.35	27.7	8.82	95.3	99.3	73.8
1089544544	-2.21	49.98	33.0	7.91	98.3	103.7	71.5
1091545545	-2.47	47.76	39.1	7.09	100.5	107.8	68.8
1093546546	-2.72	45.71	45.3	6.45	102.0	111.6	66.1
1095547547	-2.98	43.46	52.4	5.89	103.1	115.7	63.0
1097548548	-3.29	41.38	60.2	5.34	102.5	118.9	59.6
1099549549	-3.60	38.82	69.3	4.89	101.7	123.0	55.7
1101550550	-3.98	36.50	78.3	4.44	98.1	125.5	51.4
1103551551	-4.38	34.11	87.1	4.05	92.8	127.3	46.8
1105552552	-4.83	31.58	95.4	3.69	85.3	128.0	41.8
1107553553	-5.33	29.10	101.8	3.36	75.8	127.0	36.7
1109554554	-5.86	26.60	106.3	3.08	65.5	124.8	31.6
1111555555	-6.42	24.01	108.5	2.83	54.7	121.5	26.7
1113556556	-7.05	21.52	108.2	2.60	43.9	116.8	22.1
1115557557	-7.69	18.88	106.6	2.41	34.3	112.0	17.8
1117558558	-8.33	15.88	104.1	2.24	25.6	107.2	13.8
1119559559	-9.02	12.81	100.6	2.10	18.1	102.2	10.2
1121560560	-9.79	9.30	96.2	1.96	11.3	96.8	6.7
1123561561	-10.61	5.50	91.3	1.84	5.6	91.4	3.5
1125562562	-11.44	1.65	86.5	1.73	1.4	86.6	1.0
1127563563	-12.44	-3.52	81.2	1.63	-2.5	81.3	-1.8
1129564564	-13.56	-8.80	76.0	1.53	-5.1	76.1	-3.8
1131565565	-14.66	-15.13	71.3	1.45	-7.1	71.7	-5.7
1133566566	-15.90	-22.59	66.8	1.38	-8.4	67.3	-7.2
1135567567	-16.98	-31.85	62.9	1.33	-9.6	63.6	-8.7
1137568568	-18.12	-42.89	59.1	1.28	-10.1	59.9	-9.7
1139569569	-18.88	-55.86	55.8	1.26	-10.6	56.8	-10.8
1141570570	-19.37	-71.00	52.5	1.24	-10.8	53.6	-11.6
1143571571	-19.49	-86.19	49.6	1.24	-10.6	50.7	-12.1
1145572572	-19.14	-101.46	46.8	1.25	-10.2	47.9	-12.4
1147573573	-18.33	-114.70	44.1	1.28	-9.9	45.2	-12.6
1149574574	-17.24	-125.81	41.6	1.32	-9.4	42.6	-12.8
1151575575	-16.21	-134.58	39.3	1.37	-8.9	40.3	-12.7
1153576576	-15.25	-142.26	37.2	1.42	-8.1	38.1	-12.3
1155577577	-14.34	-148.88	35.3	1.48	-7.3	36.0	-11.6
1157578578	-13.51	-154.55	33.5	1.54	-6.4	34.1	-10.8
1159579579	-12.63	-159.34	31.7	1.61	-5.5	32.2	-9.9
1161580580	-11.82	-163.63	30.0	1.69	-4.6	30.3	-8.8
1163581581	-11.14	-167.81	28.5	1.77	-3.6	28.7	-7.2
1165582582	-10.45	-171.85	27.0	1.86	-2.5	27.1	-5.3
1167583583	-9.82	-175.93	25.6	1.95	-1.3	25.7	-2.9
1169584584	-9.25	-179.58	24.4	2.05	-0.1	24.4	-0.3
1171585585	-8.72	177.14	23.2	2.16	1.0	23.2	2.4
1173586586	-8.28	173.82	22.2	2.25	2.2	22.3	5.6
1175587587	-7.78	170.56	21.1	2.38	3.4	21.4	9.1
1177588588	-7.38	167.68	20.2	2.49	4.5	20.7	12.6
1179589589	-6.96	164.57	19.3	2.63	5.8	20.2	16.6
1181590590	-6.63	161.71	18.6	2.75	7.0	19.9	20.5
1183591591	-6.28	158.74	17.9	2.89	8.2	19.7	24.7
1185592592	-6.00	155.75	17.3	3.01	9.5	19.7	28.8
1187593593	-5.73	153.03	16.7	3.14	10.7	19.9	32.6
1189594594	-5.51	150.56	16.3	3.26	11.8	20.1	35.9
1191595595	-5.29	147.94	15.9	3.39	13.0	20.5	39.4
1193596596	-5.08	145.30	15.5	3.52	14.2	21.0	42.6
1195597597	-4.92	142.81	15.2	3.62	15.4	21.7	45.3
1197598598	-4.74	140.31	14.9	3.75	16.6	22.3	48.1
1199599599	-4.63	137.54	14.8	3.84	17.9	23.3	50.4
1201600600	-4.52	135.11	14.7	3.93	19.1	24.1	52.3
1203601601	-4.44	132.74	14.7	4.00	20.3	25.0	54.0
1205602602	-4.33	130.21	14.7	4.09	21.5	26.1	55.8
1207603603	-4.28	127.97	14.7	4.14	22.7	27.0	57.0
1209604604	-4.24	125.29	14.9	4.18	24.0	28.3	58.1
1211605605	-4.16	122.42	15.0	4.26	25.5	29.6	59.5
1213606606	-4.14	119.91	15.3	4.28	26.8	30.9	60.3
1215607607	-4.14	117.33	15.7	4.28	28.2	32.3	60.9
1217608608	-4.19	114.99	16.3	4.22	29.4	33.6	61.0
1219609609	-4.20	112.32	16.7	4.22	30.9	35.1	61.5
1221610610	-4.24	109.84	17.4	4.18	32.2	36.6	61.6
1223611611	-4.26	107.67	17.9	4.16	33.4	37.9	61.8
1225612612	-4.35	105.13	18.8	4.08	34.7	39.5	61.6
1227613613	-4.39	103.06	19.4	4.04	35.9	40.8	61.6
1229614614	-4.48	101.07	20.3	3.96	37.0	42.2	61.2
1231615615	-4.47	99.43	20.7	3.97	38.0	43.2	61.4
1233616616	-4.46	97.90	21.1	3.98	38.9	44.3	61.6
1235617617	-4.34	96.26	21.1	4.09	40.2	45.4	62.3
1237618618	-4.26	94.78	21.1	4.16	41.3	46.4	62.9
1239619619	-4.10	92.55	21.1	4.32	43.1	48.0	63.9
1241620620	-3.92	90.79	20.9	4.51	44.7	49.4	65.0
1243621621	-3.74	88.58	20.8	4.72	46.7	51.1	66.1
1245622622	-3.43	85.85	20.1	5.13	49.5	53.5	67.9
1247623623	-3.13	82.69	19.6	5.61	52.8	56.4	69.6
1249624624	-2.78	79.54	18.7	6.31	56.5	59.5	71.7
1251625625	-2.51	75.35	18.6	6.97	61.3	64.1	73.1
1253626626	-2.17	70.99	17.9	8.05	67.0	69.3	75.1
1255627627	-1.93	66.22	18.0	9.04	73.6	75.8	76.2
1257628628	-1.72	61.13	18.6	10.12	81.6	83.6	77.2
1259629629	-1.52	55.85	19.4	11.43	91.1	93.2	78.0
1261630630	-1.38	50.39	21.3	12.60	102.7	104.9	78.3
1263631631	-1.25	44.90	23.9	13.93	116.9	119.3	78.4
1265632632	-1.19	39.53	28.8	14.64	133.7	136.7	77.8
1267633633	-1.21	34.16	38.3	14.40	154.1	158.8	76.0
1269634634	-1.21	28.81	52.2	14.42	180.6	187.9	73.9
1271635635	-1.27	23.53	77.9	13.75	212.8	226.7	69.9
1273636636	-1.33	18.73	118.6	13.11	248.2	275.1	64.5
1275637637	-1.46	13.83	195.9	11.90	276.5	338.9	54.7
1277638638	-1.59	9.28	308.0	10.96	270.0	409.6	41.2
1279639639	-1.74	4.76	427.5	10.02	175.9	462.3	22.4
1281640640	-1.90	0.44	457.9	9.17	16.0	458.1	2.0
1283641641	-2.05	-3.78	394.7	8.50	-109.0	409.4	-15.4
1285642642	-2.26	-8.17	297.9	7.74	-161.2	338.7	-28.4
1287643643	-2.48	-12.20	227.6	7.06	-166.4	281.9	-36.2
1289644644	-2.64	-16.33	177.7	6.63	-161.8	240.3	-42.3
1291645645	-2.82	-20.32	143.2	6.21	-150.3	207.6	-46.4
1293646646	-3.05	-24.22	119.2	5.76	-136.6	181.3	-48.9
1295647647	-3.22	-27.80	102.6	5.45	-126.0	162.5	-50.9
1297648648	-3.40	-31.50	89.3	5.18	-116.2	146.5	-52.5
1299649649	-3.61	-35.18	79.1	4.89	-106.7	132.8	-53.5
1301650650	-3.76	-39.26	69.6	4.69	-98.6	120.7	-54.8
1303651651	-3.93	-42.82	63.1	4.50	-91.7	111.3	-55.5
1305652652	-4.06	-46.24	57.7	4.36	-86.0	103.6	-56.1
1307653653	-4.16	-49.76	52.8	4.26	-81.1	96.7	-56.9
1309654654	-4.26	-53.20	48.7	4.16	-76.5	90.7	-57.5
1311655655	-4.38	-56.60	45.4	4.05	-72.1	85.2	-57.8
1313656656	-4.49	-60.14	42.3	3.96	-67.9	80.0	-58.1
1315657657	-4.53	-63.24	39.6	3.92	-64.8	75.9	-58.6
1317658658	-4.56	-66.10	37.3	3.90	-62.1	72.5	-59.0
1319659659	-4.60	-69.35	35.1	3.87	-59.2	68.8	-59.4
1321660660	-4.62	-72.15	33.2	3.85	-56.8	65.8	-59.6
1323661661	-4.59	-74.98	31.3	3.87	-54.7	63.0	-60.2
1325662662	-4.59	-77.98	29.6	3.87	-52.3	60.1	-60.5
1327663663	-4.59	-80.34	28.4	3.87	-50.5	58.0	-60.7
1329664664	-4.55	-82.83	27.0	3.90	-48.8	55.8	-61.1
1331665665	-4.52	-85.32	25.8	3.93	-47.1	53.7	-61.3
1333666666	-4.51	-87.56	24.8	3.93	-45.6	51.9	-61.5
1335667667	-4.48	-89.81	23.8	3.97	-44.1	50.1	-61.7
1337668668	-4.41	-91.71	22.8	4.02	-43.0	48.7	-62.1
1339669669	-4.38	-93.76	22.0	4.05	-41.7	47.2	-62.2
1341670670	-4.35	-95.81	21.2	4.08	-40.5	45.7	-62.3
1343671671	-4.31	-97.86	20.5	4.11	-39.2	44.3	-62.5
1345672672	-4.25	-99.71	19.7	4.17	-38.2	43.0	-62.7
1347673673	-4.19	-101.43	19.0	4.23	-37.2	41.8	-62.9
1349674674	-4.14	-102.97	18.5	4.28	-36.4	40.8	-63.1
1351675675	-4.09	-104.51	17.9	4.32	-35.5	39.8	-63.2
1353676676	-4.06	-106.02	17.5	4.36	-34.6	38.8	-63.2
1355677677	-3.98	-107.53	16.9	4.44	-33.9	37.8	-63.5
1357678678	-3.93	-109.06	16.4	4.50	-33.0	36.9	-63.7
1359679679	-3.91	-110.66	16.0	4.52	-32.1	35.9	-63.6
1361680680	-3.87	-111.97	15.6	4.57	-31.4	35.1	-63.6
1363681681	-3.81	-113.21	15.2	4.63	-30.8	34.3	-63.8
1365682682	-3.76	-114.42	14.8	4.70	-30.2	33.6	-63.9
1367683683	-3.71	-115.93	14.4	4.75	-29.4	32.7	-63.9
1369684684	-3.67	-117.16	14.1	4.81	-28.8	32.0	-64.0
1371685685	-3.62	-118.36	13.7	4.87	-28.1	31.3	-64.0
1373686686	-3.58	-119.35	13.4	4.92	-27.7	30.7	-64.1
1375687687	-3.54	-120.65	13.1	4.98	-27.0	30.0	-64.1
1377688688	-3.49	-121.89	12.8	5.04	-26.4	29.3	-64.1
1379689689	-3.40	-123.13	12.4	5.18	-25.8	28.6	-64.4
1381690690	-3.36	-124.06	12.1	5.24	-25.3	28.1	-64.4
1383691691	-3.33	-125.14	11.9	5.28	-24.8	27.5	-64.4
1385692692	-3.27	-126.29	11.6	5.37	-24.2	26.9	-64.4
1387693693	-3.23	-127.44	11.3	5.44	-23.7	26.2	-64.4
1389694694	-3.18	-128.29	11.1	5.52	-23.3	25.8	-64.5
1391695695	-3.12	-129.26	10.8	5.62	-22.8	25.2	-64.6
1393696696	-3.06	-130.23	10.5	5.73	-22.3	24.7	-64.7
1395697697	-2.99	-131.31	10.2	5.87	-21.8	24.1	-65.0
1397698698	-2.93	-132.20	10.0	5.98	-21.4	23.6	-65.1
1399699699	-2.89	-133.03	9.8	6.06	-21.0	23.2	-65.1
1401700700	-2.82	-133.90	9.5	6.22	-20.6	22.7	-65.4
1403701701	-2.75	-134.66	9.2	6.36	-20.3	22.3	-65.6
1405702702	-2.69	-135.62	8.9	6.50	-19.8	21.8	-65.7
1407703703	-2.62	-136.41	8.7	6.67	-19.5	21.3	-66.0
1409704704	-2.57	-137.24	8.4	6.81	-19.1	20.9	-66.1
1411705705	-2.51	-137.95	8.2	6.96	-18.8	20.5	-66.3
1413706706	-2.45	-138.70	8.0	7.15	-18.4	20.1	-66.6
1415707707	-2.39	-139.40	7.7	7.32	-18.1	19.7	-66.8
1417708708	-2.31	-140.06	7.5	7.58	-17.8	19.3	-67.3
1419709709	-2.23	-140.58	7.2	7.82	-17.6	19.0	-67.7
1421710710	-2.18	-141.34	7.0	8.00	-17.2	18.6	-67.9
1423711711	-2.09	-142.00	6.7	8.37	-16.9	18.2	-68.5
1425712712	-2.03	-142.52	6.5	8.60	-16.7	17.9	-68.8
1427713713	-1.96	-143.14	6.2	8.89	-16.4	17.6	-69.2
1429714714	-1.90	-143.58	6.0	9.19	-16.2	17.3	-69.6
1431715715	-1.82	-144.16	5.8	9.58	-16.0	17.0	-70.2
1433716716	-1.77	-144.50	5.6	9.85	-15.8	16.8	-70.5
1435717717	-1.70	-145.08	5.4	10.25	-15.6	16.5	-71.0
1437718718	-1.64	-145.50	5.1	10.65	-15.4	16.2	-71.5
1439719719	-1.59	-146.01	5.0	10.95	-15.1	15.9	-71.8
1441720720	-1.50	-146.32	4.7	11.59	-15.0	15.7	-72.6
1443721721	-1.40	-146.57	4.4	12.44	-14.9	15.5	-73.6
1445722722	-1.35	-146.99	4.2	12.88	-14.7	15.3	-74.0
1447723723	-1.32	-147.37	4.1	13.21	-14.5	15.1	-74.2
1449724724	-1.25	-147.71	3.9	13.87	-14.4	14.9	-74.8
1451725725	-1.21	-147.95	3.8	14.34	-14.3	14.8	-75.2
1453726726	-1.15	-148.27	3.6	15.10	-14.1	14.6	-75.8
1455727727	-1.10	-148.53	3.4	15.74	-14.0	14.4	-76.3
1457728728	-1.06	-148.68	3.3	16.42	-14.0	14.3	-76.8
1459729729	-1.04	-148.91	3.2	16.70	-13.9	14.2	-76.9
1461730730	-0.98	-149.33	3.0	17.80	-13.7	14.0	-77.5
1463731731	-0.94	-149.41	2.9	18.55	-13.6	13.9	-78.0
1465732732	-0.89	-149.68	2.8	19.44	-13.5	13.8	-78.5
1467733733	-0.84	-149.89	2.6	20.61	-13.4	13.7	-79.0
1469734734	-0.82	-150.03	2.5	21.26	-13.4	13.6	-79.3
1471735735	-0.80	-150.19	2.5	21.66	-13.3	13.5	-79.5
1473736736	-0.79	-150.36	2.4	21.93	-13.2	13.4	-79.5
1475737737	-0.75	-150.45	2.3	23.18	-13.2	13.4	-80.1
1477738738	-0.72	-150.75	2.2	24.07	-13.0	13.2	-80.3
1479739739	-0.66	-150.88	2.0	26.33	-13.0	13.1	-81.1
1481740740	-0.64	-151.01	2.0	27.07	-12.9	13.1	-81.3
1483741741	-0.64	-151.21	2.0	27.09	-12.8	13.0	-81.3
1485742742	-0.64	-151.24	2.0	27.31	-12.8	12.9	-81.3
1487743743	-0.61	-151.59	1.9	28.51	-12.6	12.8	-81.6
1489744744	-0.60	-151.78	1.8	28.83	-12.6	12.7	-81.6
1491745745	-0.61	-151.88	1.9	28.35	-12.5	12.6	-81.5
1493746746	-0.57	-152.16	1.7	30.64	-12.4	12.5	-82.0
1495747747	-0.57	-152.35	1.7	30.39	-12.3	12.4	-81.9
1497748748	-0.59	-152.50	1.8	29.23	-12.2	12.4	-81.6
1499749749	-0.56	-152.50	1.7	30.81	-12.2	12.3	-82.0
1501750750	-0.54	-152.83	1.6	32.25	-12.1	12.2	-82.3
1503751751	-0.54	-153.21	1.6	32.06	-11.9	12.0	-82.1
1505752752	-0.54	-153.49	1.6	32.27	-11.8	11.9	-82.1
1507753753	-0.54	-153.61	1.6	32.13	-11.7	11.8	-82.0
1509754754	-0.53	-153.95	1.6	32.66	-11.6	11.7	-82.1
1511755755	-0.54	-154.26	1.6	31.95	-11.4	11.5	-81.8
1513756756	-0.54	-154.49	1.6	32.40	-11.3	11.4	-81.8
1515757757	-0.58	-154.90	1.7	30.00	-11.1	11.3	-81.1
1517758758	-0.52	-155.01	1.6	33.31	-11.1	11.2	-81.9
1519759759	-0.51	-155.27	1.5	33.82	-10.9	11.1	-81.9
1521760760	-0.51	-155.73	1.5	33.85	-10.7	10.9	-81.8
1523761761	-0.48	-155.98	1.5	35.94	-10.6	10.7	-82.2
1525762762	-0.44	-156.96	1.3	39.72	-10.2	10.3	-82.7
1527763763	-0.38	-158.45	1.1	45.35	-9.5	9.6	-83.1
1529764764	-0.41	-157.21	1.2	42.84	-10.1	10.1	-83.1
1531765765	-0.46	-156.99	1.4	38.00	-10.2	10.3	-82.3
1533766766	-0.46	-157.45	1.4	37.64	-10.0	10.1	-82.1
1535767767	-0.43	-157.68	1.3	40.51	-9.9	9.9	-82.6
1537768768	-0.43	-158.04	1.3	40.81	-9.7	9.8	-82.5
1539769769	-0.40	-158.62	1.2	43.86	-9.4	9.5	-82.9
1541770770	-0.40	-159.02	1.2	43.21	-9.3	9.3	-82.6
1543771771	-0.37	-159.26	1.1	46.50	-9.1	9.2	-83.1
1545772772	-0.37	-159.81	1.1	47.53	-8.9	9.0	-83.0
1547773773	-0.31	-160.27	0.9	55.32	-8.7	8.7	-83.9
1549774774	-0.30	-160.68	0.9	58.45	-8.5	8.6	-84.1
1551775775	-0.31	-161.09	0.9	55.88	-8.3	8.4	-83.7
1553776776	-0.28	-161.45	0.8	63.14	-8.2	8.2	-84.3
1555777777	-0.24	-161.76	0.7	73.34	-8.0	8.1	-85.0
1557778778	-0.23	-162.50	0.7	76.90	-7.7	7.7	-85.1
1559779779	-0.17	-162.84	0.5	99.54	-7.5	7.6	-86.1
1561780780	-0.16	-163.43	0.5	106.84	-7.3	7.3	-86.2
1563781781	-0.14	-163.89	0.4	124.53	-7.1	7.1	-86.7
1565782782	-0.08	-164.27	0.2	212.28	-6.9	6.9	-88.0
1567783783	-0.03	-164.81	0.1	619.17	-6.7	6.7	-89.3
1569784784	0.00	-165.25	0.0	?	-6.5	6.5	-90.0
1571785785	0.00	-165.67	0.0	?	-6.3	6.3	-90.0
1573786786	0.00	-166.04	0.0	?	-6.1	6.1	-90.0
1575787787	0.00	-166.42	0.0	?	-6.0	6.0	-90.0
1577788788	0.00	-166.67	0.0	?	-5.8	5.8	-90.0
1579789789	0.00	-167.27	0.0	?	-5.6	5.6	-90.0
1581790790	0.00	-167.75	0.0	?	-5.4	5.4	-90.0
1583791791	0.00	-167.86	0.0	?	-5.3	5.3	-90.0
1585792792	0.00	-168.46	0.0	?	-5.1	5.1	-90.0
1587793793	0.00	-168.82	0.0	?	-4.9	4.9	-90.0
1589794794	0.00	-169.37	0.0	?	-4.7	4.7	-90.0
1591795795	0.00	-169.61	0.0	?	-4.5	4.5	-90.0
1593796796	0.00	-170.05	0.0	?	-4.4	4.4	-90.0
1595797797	0.00	-170.25	0.0	?	-4.3	4.3	-90.0
1597798798	0.00	-170.63	0.0	?	-4.1	4.1	-90.0
1599799799	0.00	-170.91	0.0	?	-4.0	4.0	-90.0
1601800800	0.00	-171.28	0.0	?	-3.8	3.8	-90.0
1603801801	0.00	-171.53	0.0	?	-3.7	3.7	-90.0
1605802802	0.00	-171.56	0.0	?	-3.7	3.7	-90.0
1607803803	0.00	-171.77	0.0	?	-3.6	3.6	-90.0
1609804804	0.00	-172.16	0.0	?	-3.4	3.4	-90.0
1611805805	0.00	-172.38	0.0	?	-3.3	3.3	-90.0
1613806806	0.00	-172.52	0.0	?	-3.3	3.3	-90.0
1615807807	0.00	-172.64	0.0	?	-3.2	3.2	-90.0
1617808808	0.00	-172.98	0.0	?	-3.1	3.1	-90.0
1619809809	0.00	-173.21	0.0	?	-3.0	3.0	-90.0
1621810810	0.00	-173.33	0.0	?	-2.9	2.9	-90.0
1623811811	0.00	-173.40	0.0	?	-2.9	2.9	-90.0
1625812812	0.00	-173.58	0.0	?	-2.8	2.8	-90.0
1627813813	0.00	-173.72	0.0	?	-2.7	2.7	-90.0
1629814814	0.00	-173.78	0.0	?	-2.7	2.7	-90.0
1631815815	0.00	-173.79	0.0	?	-2.7	2.7	-90.0
1633816816	0.00	-174.23	0.0	?	-2.5	2.5	-90.0
1635817817	0.00	-174.28	0.0	?	-2.5	2.5	-90.0
1637818818	0.00	-174.70	0.0	?	-2.3	2.3	-90.0
1639819819	0.00	-174.76	0.0	?	-2.3	2.3	-90.0
1641820820	0.00	-175.13	0.0	?	-2.1	2.1	-90.0
1643821821	0.00	-175.45	0.0	?	-2.0	2.0	-90.0
1645822822	0.00	-175.76	0.0	?	-1.9	1.9	-90.0
1647823823	0.00	-176.15	0.0	?	-1.7	1.7	-90.0
1649824824	0.00	-176.43	0.0	?	-1.6	1.6	-90.0
1651825825	0.00	-176.93	0.0	?	-1.3	1.3	-90.0
1653826826	0.00	-177.13	0.0	?	-1.3	1.3	-90.0
1655827827	0.00	-177.43	0.0	?	-1.1	1.1	-90.0
1657828828	0.00	-177.91	0.0	?	-0.9	0.9	-90.0
1659829829	0.00	-178.37	0.0	?	-0.7	0.7	-90.0
1661830830	0.00	-178.81	0.0	?	-0.5	0.5	-90.0
1663831831	0.00	-178.98	0.0	?	-0.4	0.4	-90.0
1665832832	0.00	-179.44	0.0	?	-0.2	0.2	-90.0
1667833833	0.00	179.72	0.0	?	0.1	0.1	90.0
1669834834	0.00	179.21	0.0	?	0.3	0.3	90.0
1671835835	0.00	178.32	0.0	?	0.7	0.7	90.0
1673836836	0.00	177.92	0.0	?	0.9	0.9	90.0
1675837837	0.00	177.44	0.0	?	1.1	1.1	90.0
1677838838	0.00	176.52	0.0	?	1.5	1.5	90.0
1679839839	0.00	176.08	0.0	?	1.7	1.7	90.0
1681840840	0.00	175.54	0.0	?	1.9	1.9	90.0
1683841841	0.00	174.46	0.0	?	2.4	2.4	90.0
1685842842	0.00	173.67	0.0	?	2.8	2.8	90.0
1687843843	0.00	173.03	0.0	?	3.0	3.0	90.0
1689844844	0.00	172.01	0.0	?	3.5	3.5	90.0
1691845845	0.00	171.41	0.0	?	3.8	3.8	90.0
1693846846	0.00	170.36	0.0	?	4.2	4.2	90.0
1695847847	0.00	169.61	0.0	?	4.5	4.5	90.0
1697848848	0.00	169.01	0.0	?	4.8	4.8	90.0
1699849849	0.00	167.89	0.0	?	5.3	5.3	90.0
1701850850	0.00	166.96	0.0	?	5.7	5.7	90.0
1703851851	0.00	166.15	0.0	?	6.1	6.1	90.0
1705852852	0.00	164.80	0.0	?	6.7	6.7	90.0
1707853853	0.00	163.72	0.0	?	7.2	7.2	90.0
1709854854	0.00	162.70	0.0	?	7.6	7.6	90.0
1711855855	0.00	161.69	0.0	?	8.1	8.1	90.0
1713856856	0.00	160.44	0.0	?	8.6	8.6	90.0
1715857857	0.00	158.96	0.0	?	9.3	9.3	90.0
1717858858	0.00	157.84	0.0	?	9.8	9.8	90.0
1719859859	0.00	156.97	0.0	?	10.2	10.2	90.0
1721860860	0.00	155.76	0.0	?	10.7	10.7	90.0
1723861861	0.00	154.84	0.0	?	11.2	11.2	90.0
1725862862	0.00	153.60	0.0	?	11.7	11.7	90.0
1727863863	0.00	152.26	0.0	?	12.3	12.3	90.0
1729864864	0.00	151.40	0.0	?	12.7	12.7	90.0
1731865865	0.00	150.41	0.0	?	13.2	13.2	90.0
1733866866	0.00	149.34	0.0	?	13.7	13.7	90.0
1735867867	0.00	148.51	0.0	?	14.1	14.1	90.0
1737868868	0.00	147.65	0.0	?	14.5	14.5	90.0
1739869869	0.00	147.01	0.0	?	14.8	14.8	90.0
1741870870	0.00	146.29	0.0	?	15.1	15.1	90.0
1743871871	0.00	145.26	0.0	?	15.6	15.6	90.0
1745872872	0.00	144.51	0.0	?	16.0	16.0	90.0
1747873873	0.00	144.11	0.0	?	16.2	16.2	90.0
1749874874	0.00	143.75	0.0	?	16.4	16.4	90.0
1751875875	0.00	143.13	0.0	?	16.7	16.7	90.0
1753876876	0.00	142.31	0.0	?	17.1	17.1	90.0
1755877877	0.00	141.51	0.0	?	17.5	17.5	90.0
1757878878	0.00	140.52	0.0	?	17.9	17.9	90.0
1759879879	0.00	139.58	0.0	?	18.4	18.4	90.0
1761880880	0.00	138.46	0.0	?	19.0	19.0	90.0
1763881881	0.00	137.21	0.0	?	19.6	19.6	90.0
1765882882	0.00	135.95	0.0	?	20.2	20.2	90.0
1767883883	0.00	134.27	0.0	?	21.1	21.1	90.0
1769884884	0.00	132.79	0.0	?	21.9	21.9	90.0
1771885885	0.00	131.40	0.0	?	22.6	22.6	90.0
1773886886	0.00	129.21	0.0	?	23.7	23.7	90.0
1775887887	0.00	127.37	0.0	?	24.7	24.7	90.0
1777888888	0.00	125.26	0.0	?	25.9	25.9	90.0
1779889889	0.00	123.19	0.0	?	27.0	27.0	90.0
1781890890	0.00	121.41	0.0	?	28.1	28.1	90.0
1783891891	0.00	119.31	0.0	?	29.3	29.3	90.0
1785892892	0.00	117.30	0.0	?	30.5	30.5	90.0
1787893893	0.00	115.29	0.0	?	31.7	31.7	90.0
1789894894	0.00	112.84	0.0	?	33.2	33.2	90.0
1791895895	0.00	110.70	0.0	?	34.6	34.6	90.0
1793896896	0.00	108.37	0.0	?	36.1	36.1	90.0
1795897897	0.00	106.52	0.0	?	37.3	37.3	90.0
1797898898	0.00	104.46	0.0	?	38.7	38.7	90.0
1799899899	0.00	102.27	0.0	?	40.3	40.3	90.0
1801900900	0.00	100.10	0.0	?	41.9	41.9	90.0
1803901901	0.00	97.47	0.0	?	43.9	43.9	90.0
1805902902	0.00	95.65	0.0	?	45.3	45.3	90.0
1807903903	0.00	93.30	0.0	?	47.2	47.2	90.0
1809904904	0.00	91.00	0.0	?	49.1	49.1	90.0
1811905905	0.00	88.63	0.0	?	51.2	51.2	90.0
1813906906	0.00	86.26	0.0	?	53.4	53.4	90.0
1815907907	0.00	84.49	0.0	?	55.1	55.1	90.0
1817908908	0.00	82.20	0.0	?	57.3	57.3	90.0
1819909909	0.00	80.05	0.0	?	59.5	59.5	90.0
1821910910	0.00	77.37	0.0	?	62.4	62.4	90.0
1823911911	-0.18	75.32	1.4	97.13	64.8	64.8	88.8
1825912912	-0.43	73.14	3.5	39.96	67.3	67.4	87.0
1827913913	-0.72	70.42	6.3	23.98	70.5	70.8	84.9
1829914914	-0.96	68.37	8.7	18.15	72.9	73.4	83.2
1831915915	-1.23	65.86	11.8	14.12	75.9	76.8	81.1
1833916916	-1.48	63.52	15.0	11.80	78.7	80.1	79.2
1835917917	-1.81	60.85	19.7	9.62	81.7	84.0	76.5
1837918918	-2.07	58.44	23.8	8.45	84.4	87.7	74.3
1839919919	-2.28	55.97	28.0	7.66	87.2	91.6	72.2
1841920920	-2.55	53.47	33.2	6.86	89.6	95.6	69.7
1843921921	-2.70	51.13	37.5	6.48	92.4	99.7	67.9
1845922922	-3.06	48.64	44.7	5.73	93.4	103.5	64.4
1847923923	-3.33	45.97	51.8	5.27	94.7	108.0	61.3
1849924924	-3.53	42.79	59.7	4.99	97.1	114.0	58.4
1851925925	-3.71	40.27	66.8	4.75	98.0	118.6	55.7
1853926926	-3.98	37.66	75.3	4.44	96.9	122.7	52.1
1855927927	-4.14	35.26	82.7	4.28	96.5	127.1	49.4
1857928928	-4.35	31.95	93.4	4.07	94.6	132.9	45.4
1859929929	-4.58	29.32	102.1	3.88	90.6	136.5	41.6
1861930930	-4.69	26.53	111.2	3.79	87.6	141.6	38.2
1863931931	-4.93	24.01	118.8	3.62	80.8	143.7	34.2
1865932932	-5.09	20.98	127.6	3.51	73.6	147.3	30.0
1867933933	-5.16	17.84	137.0	3.46	66.6	152.3	25.9
1869934934	-5.30	15.58	141.8	3.38	58.7	153.4	22.5
1871935935	-5.40	12.19	149.1	3.32	47.5	156.5	17.7
1873936936	-5.53	10.31	150.8	3.25	39.6	155.9	14.7
1875937937	-5.63	7.54	153.5	3.19	29.0	156.3	10.7
1877938938	-5.67	4.38	156.5	3.17	17.1	157.5	6.2
1879939939	-5.75	1.50	156.2	3.13	5.8	156.3	2.1
1881940940	-5.88	-1.18	153.2	3.07	-4.3	153.3	-1.6
1883941941	-6.00	-3.79	149.1	3.01	-13.2	149.7	-5.0
1885942942	-6.09	-6.78	144.4	2.97	-22.4	146.1	-8.8
1887943943	-6.06	-9.54	141.5	2.98	-31.1	144.8	-12.4
1889944944	-6.13	-12.17	135.7	2.95	-37.3	140.7	-15.4
1891945945	-6.25	-14.66	129.4	2.90	-41.8	135.9	-17.9
1893946946	-6.26	-17.72	123.1	2.89	-47.7	132.1	-21.2
1895947947	-6.33	-20.35	116.9	2.87	-51.2	127.6	-23.6
1897948948	-6.42	-22.55	111.6	2.83	-53.0	123.5	-25.4
1899949949	-6.50	-25.30	105.4	2.80	-54.9	118.8	-27.5
1901950950	-6.58	-27.96	99.6	2.77	-56.2	114.4	-29.4
1903951951	-6.67	-30.56	94.3	2.73	-56.7	110.0	-31.0
1905952952	-6.88	-33.37	88.6	2.65	-55.5	104.5	-32.1
1907953953	-7.07	-35.77	84.2	2.59	-54.3	100.2	-32.8
1909954954	-7.22	-37.37	81.5	2.54	-53.2	97.3	-33.1
1911955955	-7.52	-39.27	78.3	2.45	-50.6	93.2	-32.9
1913956956	-7.70	-41.11	75.6	2.40	-49.4	90.3	-33.1
1915957957	-7.89	-42.15	74.2	2.35	-47.9	88.3	-32.9
1917958958	-8.09	-42.24	73.9	2.30	-46.4	87.2	-32.1
1919959959	-8.24	-42.01	74.0	2.26	-45.1	86.6	-31.4
1921960960	-8.35	-40.73	75.3	2.24	-44.1	87.3	-30.3
1923961961	-8.27	-39.76	76.6	2.26	-44.4	88.5	-30.1
1925962962	-8.07	-38.28	78.7	2.30	-45.6	91.0	-30.1
1927963963	-7.84	-37.61	80.0	2.36	-47.4	93.0	-30.7
1929964964	-7.59	-37.54	80.6	2.43	-49.6	94.6	-31.6
1931965965	-7.30	-38.15	80.2	2.52	-52.5	95.9	-33.2
1933966966	-7.04	-38.78	79.5	2.60	-55.2	96.8	-34.8
1935967967	-6.75	-40.06	77.7	2.70	-58.3	97.1	-36.9
1937968968	-6.50	-40.64	76.7	2.80	-60.9	98.0	-38.4
1939969969	-6.25	-42.04	74.2	2.90	-63.5	97.7	-40.5
1941970970	-6.00	-43.14	72.0	3.01	-65.9	97.6	-42.4
1943971971	-5.84	-44.64	69.2	3.08	-67.1	96.4	-44.1
1945972972	-5.67	-45.54	67.3	3.17	-68.6	96.1	-45.6
1947973973	-5.52	-46.79	64.8	3.25	-69.6	95.1	-47.0
1949974974	-5.34	-47.86	62.4	3.35	-70.7	94.3	-48.6
1951975975	-5.17	-49.13	59.8	3.46	-71.5	93.2	-50.1
1953976976	-5.00	-50.46	56.9	3.57	-72.3	92.0	-51.8
1955977977	-4.91	-51.44	55.1	3.63	-72.3	90.9	-52.7
1957978978	-4.81	-52.83	52.6	3.70	-72.0	89.2	-53.8
1959979979	-4.60	-54.31	49.5	3.87	-72.5	87.8	-55.7
1961980980	-4.49	-55.31	47.6	3.95	-72.4	86.7	-56.7
1963981981	-4.39	-55.95	46.2	4.05	-72.6	86.1	-57.6
1965982982	-4.29	-57.39	43.9	4.13	-71.9	84.3	-58.6
1967983983	-4.13	-58.27	41.9	4.28	-72.1	83.4	-59.8
1969984984	-4.04	-58.97	40.5	4.38	-72.0	82.7	-60.6
1971985985	-4.00	-60.18	39.1	4.42	-71.0	81.1	-61.2
1973986986	-3.87	-61.04	37.4	4.56	-70.9	80.2	-62.2
1975987987	-3.74	-61.80	35.7	4.71	-70.9	79.4	-63.2
1977988988	-3.63	-62.24	34.5	4.86	-71.0	79.0	-64.1
1979989989	-3.58	-63.18	33.4	4.92	-70.2	77.8	-64.6
1981990990	-3.55	-63.94	32.5	4.97	-69.6	76.8	-65.0
1983991991	-3.43	-65.18	30.7	5.13	-68.9	75.4	-66.0
1985992992	-3.35	-65.82	29.7	5.24	-68.5	74.7	-66.5
1987993993	-3.29	-66.18	29.0	5.34	-68.4	74.3	-67.0
1989994994	-3.22	-66.76	28.1	5.45	-68.1	73.6	-67.6
1991995995	-3.17	-67.56	27.2	5.54	-67.4	72.7	-68.0
1993996996	-3.11	-68.11	26.4	5.64	-67.0	72.1	-68.5
1995997997	-3.03	-69.05	25.3	5.78	-66.3	71.0	-69.1
1997998998	-3.02	-69.57	24.9	5.80	-65.8	70.4	-69.2
1999999999	-2.97	-70.23	24.2	5.91	-65.3	69.6	-69.7
