1000000	-0.78	87.14	4.7	22.37	52.3	52.6	84.9
3001001	0.00	81.80	0.0	?	57.7	57.7	90.0
5002002	0.00	76.30	0.0	?	63.7	63.7	90.0
7003003	0.00	72.23	0.0	?	68.5	68.5	90.0
9004004	0.00	68.72	0.0	?	73.1	73.1	90.0
11005005	0.00	66.71	0.0	?	76.0	76.0	90.0
13006006	0.00	64.54	0.0	?	79.2	79.2	90.0
15007007	-0.12	61.76	1.3	147.27	83.6	83.6	89.1
17008008	-0.18	60.04	2.1	94.30	86.5	86.5	88.6
19009009	-0.29	58.37	3.5	59.25	89.4	89.5	87.7
21010010	-0.35	56.71	4.5	49.09	92.5	92.6	87.2
23011011	-0.40	55.16	5.4	43.02	95.5	95.6	86.8
25012012	-0.47	53.73	6.6	37.15	98.4	98.6	86.2
27013013	-0.51	52.26	7.5	34.40	101.5	101.8	85.8
29014014	-0.54	50.88	8.4	32.09	104.6	104.9	85.4
31015015	-0.57	49.60	9.3	30.52	107.5	107.9	85.1
33016016	-0.60	48.37	10.2	29.08	110.6	111.0	84.7
35017017	-0.61	47.29	10.9	28.29	113.3	113.9	84.5
37018018	-0.61	46.16	11.4	28.46	116.4	117.0	84.4
39019019	-0.60	45.05	11.7	28.96	119.6	120.2	84.4
41020020	-0.60	43.93	12.2	29.11	122.9	123.5	84.3
43021021	-0.60	42.83	12.9	28.78	126.4	127.0	84.2
45022022	-0.62	41.86	13.8	28.17	129.4	130.2	83.9
47023023	-0.62	40.90	14.6	27.84	132.7	133.5	83.7
49024024	-0.64	40.06	15.5	27.16	135.6	136.5	83.5
51025025	-0.64	39.22	16.2	27.05	138.6	139.6	83.3
53026026	-0.66	38.41	17.3	26.41	141.7	142.7	83.0
55027027	-0.68	37.64	18.5	25.68	144.6	145.8	82.7
57028028	-0.68	36.88	19.4	25.40	147.6	148.9	82.5
59029029	-0.71	36.14	20.8	24.63	150.7	152.1	82.1
61030030	-0.73	35.44	22.4	23.73	153.5	155.2	81.7
63031031	-0.77	34.80	24.2	22.65	156.1	158.0	81.2
65032032	-0.81	34.13	26.4	21.52	158.9	161.1	80.6
67033033	-0.85	33.45	28.8	20.45	161.7	164.3	79.9
69034034	-0.89	32.75	31.1	19.61	164.8	167.7	79.3
71035035	-0.94	32.07	34.1	18.58	167.6	171.0	78.5
73036036	-0.99	31.33	37.6	17.50	170.6	174.7	77.6
75037037	-1.04	30.59	41.1	16.70	173.9	178.6	76.7
77038038	-1.10	29.86	45.0	15.84	176.9	182.5	75.7
79039039	-1.17	29.09	49.8	14.92	179.9	186.6	74.5
81040040	-1.24	28.30	55.1	14.06	182.8	190.9	73.2
83041041	-1.31	27.54	60.9	13.24	185.3	195.0	71.8
85042042	-1.40	26.76	67.6	12.39	187.3	199.1	70.2
87043043	-1.48	26.07	73.6	11.77	188.9	202.8	68.7
89044044	-1.54	25.33	79.8	11.28	191.0	207.0	67.3
91045045	-1.61	24.34	87.7	10.84	194.4	213.2	65.7
93046046	-1.69	23.33	97.3	10.29	196.4	219.2	63.7
95047047	-1.78	22.43	106.6	9.80	197.3	224.3	61.6
97048048	-1.86	21.54	116.2	9.38	197.7	229.3	59.6
99049049	-1.91	20.54	126.3	9.11	199.5	236.1	57.7
101050050	-1.98	19.45	138.2	8.82	200.3	243.3	55.4
103051051	-2.04	18.21	152.4	8.54	200.6	251.9	52.8
105052052	-2.10	16.94	167.8	8.30	199.9	261.0	50.0
107053053	-2.18	15.68	184.1	8.01	196.2	269.0	46.8
109054054	-2.26	14.37	201.5	7.74	190.3	277.1	43.4
111055055	-2.33	13.09	218.3	7.51	182.4	284.5	39.9
113056056	-2.39	11.74	236.0	7.30	172.0	292.0	36.1
115057057	-2.46	10.37	253.1	7.11	158.8	298.8	32.1
117058058	-2.52	8.85	271.0	6.94	141.8	305.9	27.6
119059059	-2.57	7.32	287.3	6.81	121.9	312.1	23.0
121060060	-2.62	5.78	300.3	6.67	98.6	316.0	18.2
123061061	-2.68	4.19	309.8	6.54	72.2	318.1	13.1
125062062	-2.74	2.47	314.2	6.40	42.2	317.1	7.7
127063063	-2.79	0.74	313.8	6.29	12.5	314.0	2.3
129064064	-2.82	-0.84	310.3	6.22	-13.7	310.6	-2.5
131065065	-2.86	-2.58	301.0	6.13	-40.4	303.7	-7.6
133066066	-2.88	-4.34	289.4	6.09	-64.9	296.6	-12.6
135067067	-2.89	-6.14	275.0	6.06	-86.8	288.4	-17.5
137068068	-2.88	-8.04	258.4	6.08	-106.9	279.6	-22.5
139069069	-2.89	-9.98	238.7	6.07	-122.2	268.2	-27.1
141070070	-2.87	-12.06	218.2	6.12	-135.7	257.0	-31.9
143071071	-2.85	-14.12	197.5	6.14	-144.1	244.5	-36.1
145072072	-2.84	-16.17	178.0	6.17	-148.9	232.1	-39.9
147073073	-2.81	-18.35	158.9	6.23	-151.7	219.6	-43.7
149074074	-2.80	-20.62	140.8	6.27	-151.4	206.8	-47.1
151075075	-2.77	-22.87	124.8	6.33	-149.8	194.9	-50.2
153076076	-2.73	-25.08	110.8	6.43	-147.3	184.3	-53.0
155077077	-2.70	-27.41	98.1	6.49	-143.1	173.5	-55.6
157078078	-2.66	-29.84	86.4	6.59	-138.4	163.2	-58.0
159079079	-2.62	-32.21	76.6	6.68	-133.4	153.9	-60.1
161080080	-2.60	-34.59	68.4	6.74	-127.9	145.1	-61.9
163081081	-2.57	-37.07	60.9	6.82	-122.5	136.8	-63.6
165082082	-2.53	-39.42	54.7	6.91	-117.5	129.6	-65.0
167083083	-2.49	-41.78	49.2	7.02	-112.7	122.9	-66.4
169084084	-2.46	-44.18	44.3	7.12	-107.8	116.6	-67.6
171085085	-2.39	-46.54	39.8	7.30	-103.6	111.0	-69.0
173086086	-2.34	-49.07	35.8	7.46	-99.0	105.3	-70.1
175087087	-2.28	-51.73	31.9	7.68	-94.5	99.8	-71.3
177088088	-2.23	-54.39	28.8	7.83	-90.1	94.6	-72.3
179089089	-2.17	-57.26	25.8	8.04	-85.7	89.5	-73.3
181090090	-2.14	-60.30	23.3	8.16	-81.2	84.4	-74.0
183091091	-2.13	-63.31	21.3	8.21	-76.9	79.8	-74.5
185092092	-2.11	-66.42	19.5	8.29	-72.8	75.4	-75.0
187093093	-2.09	-69.97	17.7	8.36	-68.4	70.7	-75.5
189094094	-2.10	-73.52	16.4	8.32	-64.3	66.3	-75.7
191095095	-2.12	-77.21	15.2	8.24	-60.3	62.2	-75.8
193096096	-2.10	-81.12	14.0	8.31	-56.5	58.2	-76.1
195097097	-2.09	-85.57	12.8	8.34	-52.4	53.9	-76.3
197098098	-2.10	-90.98	11.6	8.32	-47.8	49.2	-76.3
199099099	-2.17	-97.14	10.9	8.05	-42.9	44.3	-75.7
201100100	-2.31	-103.78	10.6	7.56	-38.1	39.6	-74.5
203101101	-2.48	-111.01	10.3	7.06	-33.4	34.9	-72.8
205102102	-2.69	-119.65	10.2	6.52	-28.2	29.9	-70.1
207103103	-2.98	-129.20	10.4	5.88	-22.9	25.1	-65.7
209104104	-3.40	-139.83	10.9	5.17	-17.5	20.6	-58.1
211105105	-3.96	-152.05	11.9	4.47	-11.8	16.7	-44.8
213106106	-4.74	-165.74	13.5	3.76	-5.8	14.7	-23.3
215107107	-5.77	179.21	16.0	3.12	0.3	16.0	1.1
217108108	-6.96	162.38	19.4	2.63	6.6	20.5	18.8
219109109	-8.15	143.78	23.7	2.29	13.0	27.0	28.6
221110110	-9.16	125.14	28.9	2.07	18.7	34.4	33.0
223111111	-9.55	107.89	33.8	2.00	24.1	41.5	35.5
225112112	-9.37	92.55	38.6	2.03	29.7	48.7	37.5
227113113	-8.60	81.13	42.1	2.18	35.9	55.3	40.4
229114114	-7.41	70.48	45.6	2.49	44.8	63.9	44.5
231115115	-6.12	59.45	50.9	2.96	57.4	76.7	48.4
233116116	-5.09	49.15	59.3	3.51	72.4	93.6	50.6
235117117	-4.26	39.64	72.4	4.16	90.4	115.8	51.3
237118118	-3.67	31.16	92.6	4.81	110.2	143.9	50.0
239119119	-3.24	23.86	122.5	5.43	129.8	178.5	46.7
241120120	-2.92	17.20	168.3	6.01	145.4	222.5	40.8
243121121	-2.66	11.21	234.4	6.58	146.4	276.4	32.0
245122122	-2.45	5.80	316.1	7.13	111.7	335.2	19.5
247123123	-2.31	0.71	377.6	7.57	17.5	378.0	2.7
249124124	-2.19	-3.99	370.0	7.96	-100.8	383.5	-15.2
251125125	-2.13	-8.43	302.1	8.21	-178.9	351.1	-30.6
253126126	-2.08	-12.63	228.0	8.38	-206.0	307.2	-42.1
255127127	-2.04	-16.45	172.7	8.56	-206.3	269.1	-50.1
257128128	-2.01	-20.08	133.1	8.68	-195.8	236.7	-55.8
259129129	-1.98	-23.46	105.7	8.82	-183.2	211.5	-60.0
261130130	-1.94	-26.87	84.8	8.97	-169.7	189.7	-63.5
263131131	-1.92	-30.09	69.9	9.08	-157.3	172.2	-66.0
265132132	-1.91	-33.03	59.6	9.13	-146.6	158.3	-67.9
267133133	-1.85	-35.85	50.5	9.45	-138.1	147.0	-69.9
269134134	-1.79	-38.75	43.0	9.73	-129.6	136.6	-71.6
271135135	-1.74	-41.56	37.0	10.04	-122.0	127.5	-73.1
273136136	-1.69	-44.25	32.4	10.30	-115.2	119.7	-74.3
275137137	-1.64	-46.89	28.4	10.61	-109.1	112.8	-75.4
277138138	-1.59	-49.55	25.1	10.93	-103.4	106.4	-76.4
279139139	-1.55	-52.00	22.5	11.21	-98.4	100.9	-77.1
281140140	-1.50	-54.35	20.1	11.59	-94.0	96.1	-77.9
283141141	-1.45	-56.71	18.1	11.99	-89.9	91.7	-78.6
285142142	-1.40	-59.00	16.2	12.46	-86.1	87.6	-79.3
287143143	-1.34	-61.19	14.6	13.01	-82.7	83.9	-80.0
289144144	-1.28	-63.34	13.2	13.59	-79.5	80.6	-80.6
291145145	-1.22	-65.46	11.8	14.29	-76.5	77.4	-81.2
293146146	-1.17	-67.53	10.8	14.87	-73.7	74.5	-81.7
295147147	-1.13	-69.59	9.9	15.39	-71.0	71.7	-82.1
297148148	-1.08	-71.55	9.0	16.08	-68.6	69.2	-82.5
299149149	-1.05	-73.47	8.4	16.53	-66.3	66.8	-82.8
301150150	-1.01	-75.33	7.7	17.19	-64.2	64.7	-83.1
303151151	-0.98	-77.11	7.3	17.66	-62.2	62.6	-83.4
305152152	-0.96	-78.83	6.8	18.05	-60.4	60.8	-83.5
307153153	-0.95	-80.57	6.5	18.32	-58.6	58.9	-83.7
309154154	-0.93	-82.30	6.1	18.71	-56.8	57.2	-83.8
311155155	-0.92	-83.96	5.9	18.92	-55.2	55.5	-83.9
313156156	-0.91	-85.59	5.6	19.20	-53.7	54.0	-84.0
315157157	-0.91	-87.14	5.5	19.11	-52.3	52.6	-84.0
317158158	-0.91	-88.67	5.3	19.14	-50.9	51.2	-84.0
319159159	-0.90	-90.15	5.1	19.42	-49.6	49.9	-84.1
321160160	-0.89	-91.60	4.9	19.64	-48.4	48.6	-84.2
323161161	-0.88	-93.06	4.8	19.85	-47.2	47.4	-84.2
325162162	-0.89	-94.51	4.7	19.56	-46.0	46.2	-84.1
327163163	-0.88	-95.91	4.6	19.75	-44.9	45.1	-84.2
329164164	-0.88	-97.35	4.5	19.80	-43.8	44.0	-84.2
331165165	-0.87	-98.71	4.3	20.03	-42.7	43.0	-84.2
333166166	-0.85	-100.28	4.1	20.43	-41.6	41.8	-84.3
335167167	-0.85	-101.83	4.1	20.40	-40.4	40.7	-84.3
337168168	-0.86	-103.32	4.0	20.30	-39.4	39.6	-84.2
339169169	-0.87	-104.87	4.0	20.08	-38.3	38.5	-84.1
341170170	-0.88	-106.47	3.9	19.77	-37.2	37.4	-84.0
343171171	-0.88	-108.06	3.9	19.70	-36.1	36.4	-83.9
345172172	-0.90	-109.57	3.9	19.41	-35.1	35.4	-83.7
347173173	-0.90	-111.09	3.8	19.23	-34.2	34.4	-83.6
349174174	-0.91	-112.69	3.8	19.03	-33.2	33.4	-83.5
351175175	-0.92	-114.34	3.7	18.91	-32.1	32.3	-83.4
353176176	-0.93	-115.86	3.7	18.72	-31.2	31.4	-83.2
355177177	-0.95	-117.35	3.7	18.37	-30.3	30.5	-83.0
357178178	-0.96	-118.94	3.7	18.20	-29.4	29.6	-82.8
359179179	-0.96	-120.46	3.7	18.07	-28.5	28.7	-82.7
361180180	-0.97	-122.06	3.7	17.88	-27.6	27.8	-82.5
363181181	-0.98	-123.65	3.6	17.71	-26.7	26.9	-82.3
365182182	-0.99	-125.25	3.6	17.59	-25.8	26.0	-82.0
367183183	-0.99	-126.80	3.6	17.54	-24.9	25.2	-81.9
369184184	-0.99	-128.28	3.5	17.54	-24.1	24.4	-81.7
371185185	-0.99	-129.79	3.5	17.62	-23.3	23.6	-81.6
373186186	-0.99	-131.30	3.4	17.55	-22.5	22.8	-81.3
375187187	-0.99	-132.75	3.4	17.63	-21.8	22.0	-81.2
377188188	-0.98	-134.23	3.3	17.68	-21.0	21.3	-81.0
379189189	-0.97	-135.69	3.3	17.92	-20.3	20.5	-80.9
381190190	-0.96	-137.08	3.2	18.03	-19.6	19.8	-80.7
383191191	-0.96	-138.49	3.1	18.19	-18.9	19.1	-80.6
385192192	-0.94	-139.82	3.1	18.50	-18.2	18.5	-80.5
387193193	-0.93	-141.20	3.0	18.68	-17.6	17.8	-80.3
389194194	-0.92	-142.54	2.9	18.94	-16.9	17.2	-80.1
391195195	-0.91	-143.85	2.9	19.12	-16.3	16.5	-79.9
393196196	-0.90	-145.09	2.8	19.41	-15.7	15.9	-79.8
395197197	-0.89	-146.33	2.8	19.57	-15.1	15.3	-79.5
397198198	-0.87	-147.64	2.7	20.01	-14.5	14.7	-79.4
399199199	-0.86	-148.77	2.7	20.23	-13.9	14.2	-79.2
401200200	-0.85	-149.92	2.6	20.47	-13.4	13.7	-78.9
403201201	-0.84	-151.12	2.6	20.78	-12.8	13.1	-78.7
405202202	-0.83	-152.23	2.5	21.00	-12.3	12.6	-78.4
407203203	-0.82	-153.32	2.5	21.19	-11.8	12.1	-78.1
409204204	-0.81	-154.42	2.5	21.40	-11.3	11.6	-77.8
411205205	-0.80	-155.47	2.4	21.60	-10.8	11.1	-77.4
413206206	-0.80	-156.48	2.4	21.72	-10.4	10.7	-77.0
415207207	-0.81	-157.50	2.4	21.41	-9.9	10.2	-76.3
417208208	-0.81	-158.49	2.4	21.50	-9.5	9.8	-75.7
419209209	-0.81	-159.41	2.4	21.45	-9.1	9.4	-75.1
421210210	-0.82	-160.42	2.4	21.08	-8.6	8.9	-74.2
423211211	-0.82	-161.35	2.4	21.12	-8.2	8.5	-73.5
425212212	-0.84	-162.29	2.5	20.71	-7.8	8.2	-72.4
427213213	-0.85	-163.21	2.5	20.44	-7.4	7.8	-71.2
429214214	-0.87	-164.11	2.5	20.04	-7.0	7.4	-69.9
431215215	-0.89	-165.03	2.6	19.64	-6.5	7.0	-68.4
433216216	-0.90	-165.90	2.6	19.34	-6.2	6.7	-66.9
435217217	-0.92	-166.78	2.7	18.86	-5.8	6.4	-65.1
437218218	-0.94	-167.64	2.7	18.50	-5.4	6.1	-63.1
439219219	-0.95	-168.55	2.8	18.23	-5.0	5.7	-61.0
441220220	-0.98	-169.40	2.9	17.67	-4.6	5.4	-58.3
443221221	-1.01	-170.29	2.9	17.25	-4.2	5.1	-55.4
445222222	-1.03	-171.18	3.0	16.84	-3.8	4.9	-52.1
447223223	-1.06	-172.05	3.1	16.41	-3.5	4.6	-48.5
449224224	-1.09	-172.95	3.1	16.00	-3.1	4.4	-44.4
451225225	-1.12	-173.91	3.2	15.55	-2.7	4.2	-39.4
453226226	-1.15	-174.79	3.3	15.19	-2.3	4.0	-34.5
455227227	-1.18	-175.68	3.4	14.77	-1.9	3.9	-29.0
457228228	-1.21	-176.63	3.5	14.40	-1.5	3.8	-22.8
459229229	-1.23	-177.60	3.5	14.10	-1.0	3.7	-16.4
461230230	-1.26	-178.57	3.6	13.78	-0.6	3.7	-9.7
463231231	-1.30	-179.51	3.7	13.42	-0.2	3.7	-3.3
465232232	-1.32	179.55	3.8	13.21	0.2	3.8	3.0
467233233	-1.35	178.58	3.9	12.92	0.6	3.9	9.0
469234234	-1.37	177.60	3.9	12.70	1.0	4.1	14.8
471235235	-1.39	176.61	4.0	12.49	1.5	4.3	20.1
473236236	-1.42	175.53	4.1	12.26	1.9	4.5	25.4
475237237	-1.44	174.56	4.1	12.13	2.4	4.8	29.7
477238238	-1.46	173.52	4.2	11.93	2.8	5.1	33.8
479239239	-1.47	172.55	4.2	11.85	3.2	5.3	37.3
481240240	-1.49	171.50	4.3	11.72	3.7	5.7	40.7
483241241	-1.50	170.39	4.3	11.64	4.2	6.0	44.0
485242242	-1.51	169.35	4.4	11.56	4.6	6.4	46.7
487243243	-1.52	168.35	4.4	11.44	5.1	6.7	48.9
489244244	-1.52	167.27	4.4	11.44	5.5	7.1	51.4
491245245	-1.54	166.26	4.5	11.31	6.0	7.5	53.1
493246246	-1.54	165.18	4.5	11.32	6.5	7.9	55.2
495247247	-1.55	164.22	4.5	11.23	6.9	8.2	56.6
497248248	-1.55	163.13	4.6	11.23	7.4	8.6	58.2
499249249	-1.54	162.04	4.5	11.28	7.8	9.1	59.9
501250250	-1.54	160.95	4.5	11.34	8.3	9.5	61.4
503251251	-1.54	159.89	4.6	11.32	8.8	9.9	62.6
505252252	-1.53	158.84	4.5	11.41	9.3	10.3	63.9
507253253	-1.53	157.79	4.6	11.37	9.7	10.8	64.9
509254254	-1.53	156.78	4.6	11.41	10.2	11.2	65.9
511255255	-1.52	155.66	4.6	11.44	10.7	11.6	66.9
513256256	-1.52	154.58	4.6	11.46	11.2	12.1	67.7
515257257	-1.50	153.47	4.5	11.60	11.7	12.5	68.7
517258258	-1.50	152.44	4.6	11.58	12.2	13.0	69.4
519259259	-1.49	151.40	4.6	11.67	12.6	13.4	70.2
521260260	-1.49	150.34	4.6	11.65	13.1	13.9	70.7
523261261	-1.48	149.22	4.6	11.77	13.7	14.4	71.5
525262262	-1.48	148.19	4.6	11.76	14.1	14.9	72.0
527263263	-1.47	147.10	4.6	11.83	14.6	15.4	72.6
529264264	-1.47	146.04	4.6	11.83	15.2	15.8	73.0
531265265	-1.47	144.87	4.6	11.83	15.7	16.4	73.5
533266266	-1.47	143.73	4.7	11.85	16.2	16.9	74.0
535267267	-1.47	142.63	4.7	11.85	16.8	17.4	74.4
537268268	-1.48	141.54	4.8	11.79	17.3	17.9	74.6
539269269	-1.47	140.41	4.8	11.83	17.8	18.5	75.0
541270270	-1.48	139.27	4.8	11.75	18.4	19.0	75.3
543271271	-1.48	138.07	4.9	11.75	19.0	19.6	75.6
545272272	-1.49	137.01	4.9	11.66	19.5	20.1	75.8
547273273	-1.52	135.74	5.1	11.48	20.2	20.8	75.9
549274274	-1.52	134.57	5.1	11.47	20.7	21.4	76.1
551275275	-1.54	133.33	5.2	11.30	21.4	22.0	76.2
553276276	-1.56	132.02	5.4	11.14	22.0	22.7	76.3
555277277	-1.58	130.76	5.5	11.03	22.7	23.3	76.4
557278278	-1.61	129.55	5.6	10.83	23.3	24.0	76.4
559279279	-1.63	128.21	5.8	10.70	24.0	24.7	76.5
561280280	-1.65	126.93	5.9	10.54	24.7	25.4	76.5
563281281	-1.69	125.54	6.1	10.34	25.4	26.1	76.5
565282282	-1.73	124.24	6.3	10.06	26.1	26.9	76.4
567283283	-1.77	123.00	6.6	9.82	26.8	27.6	76.2
569284284	-1.83	121.70	6.8	9.54	27.5	28.3	76.0
571285285	-1.87	120.34	7.1	9.32	28.2	29.1	75.9
573286286	-1.92	118.94	7.4	9.07	29.0	29.9	75.7
575287287	-1.98	117.58	7.7	8.81	29.8	30.7	75.5
577288288	-2.05	116.38	8.1	8.53	30.4	31.5	75.1
579289289	-2.11	115.06	8.4	8.28	31.2	32.3	74.9
581290290	-2.18	113.73	8.8	8.01	31.9	33.1	74.5
583291291	-2.25	112.59	9.2	7.76	32.6	33.8	74.1
585292292	-2.33	111.55	9.7	7.50	33.1	34.5	73.7
587293293	-2.40	110.43	10.1	7.27	33.8	35.2	73.3
589294294	-2.45	109.33	10.4	7.13	34.4	36.0	73.1
591295295	-2.51	108.32	10.8	6.96	35.0	36.6	72.8
593296296	-2.57	107.45	11.2	6.81	35.5	37.2	72.5
595297297	-2.59	106.67	11.4	6.76	36.0	37.7	72.5
597298298	-2.61	105.88	11.6	6.71	36.5	38.2	72.4
599299299	-2.62	105.14	11.7	6.69	36.9	38.7	72.4
601300300	-2.61	104.23	11.8	6.69	37.5	39.3	72.5
603301301	-2.60	103.36	11.9	6.73	38.1	39.9	72.7
605302302	-2.57	102.55	11.9	6.80	38.7	40.5	72.9
607303303	-2.53	101.68	11.9	6.91	39.3	41.1	73.2
609304304	-2.49	100.79	11.8	7.01	40.0	41.7	73.5
611305305	-2.45	99.84	11.8	7.14	40.7	42.4	73.8
613306306	-2.39	98.68	11.7	7.31	41.6	43.2	74.3
615307307	-2.32	97.68	11.6	7.54	42.4	43.9	74.8
617308308	-2.27	96.46	11.5	7.70	43.3	44.8	75.1
619309309	-2.22	95.40	11.4	7.88	44.2	45.6	75.5
621310310	-2.17	94.23	11.4	8.03	45.1	46.5	75.8
623311311	-2.11	93.00	11.3	8.27	46.1	47.5	76.2
625312312	-2.07	91.89	11.3	8.44	47.1	48.4	76.5
627313313	-2.03	90.64	11.4	8.58	48.1	49.5	76.7
629314314	-1.97	89.43	11.3	8.84	49.2	50.5	77.1
631315315	-1.92	88.33	11.2	9.09	50.2	51.4	77.4
633316316	-1.88	87.19	11.2	9.27	51.2	52.5	77.7
635317317	-1.85	86.07	11.2	9.42	52.3	53.5	77.9
637318318	-1.81	84.94	11.2	9.63	53.3	54.5	78.1
639319319	-1.76	83.65	11.2	9.91	54.6	55.7	78.4
641320320	-1.72	82.49	11.2	10.13	55.8	56.9	78.6
643321321	-1.69	81.40	11.3	10.29	56.9	58.0	78.8
645322322	-1.68	80.31	11.4	10.39	58.0	59.1	78.8
647323323	-1.64	79.17	11.4	10.64	59.2	60.3	79.1
649324324	-1.60	78.04	11.5	10.86	60.4	61.5	79.3
651325325	-1.58	76.99	11.5	11.04	61.6	62.6	79.4
653326326	-1.59	75.84	11.9	10.99	62.8	63.9	79.3
655327327	-1.56	74.80	12.0	11.15	64.0	65.1	79.4
657328328	-1.54	73.63	12.1	11.31	65.4	66.5	79.5
659329329	-1.55	72.47	12.6	11.23	66.7	67.9	79.3
661330330	-1.53	70.96	12.9	11.36	68.6	69.8	79.4
663331331	-1.51	69.71	13.1	11.50	70.2	71.4	79.4
665332332	-1.53	68.52	13.6	11.41	71.7	72.9	79.3
667333333	-1.56	67.41	14.3	11.14	73.0	74.4	78.9
669334334	-1.57	66.27	14.8	11.11	74.6	76.0	78.8
671335335	-1.58	64.92	15.4	11.06	76.4	77.9	78.6
673336336	-1.59	63.76	16.0	10.97	78.0	79.7	78.4
675337337	-1.61	62.49	16.8	10.82	79.9	81.6	78.1
677338338	-1.66	61.26	17.9	10.51	81.6	83.5	77.7
679339339	-1.69	60.03	18.9	10.28	83.4	85.5	77.2
681340340	-1.73	58.94	19.9	10.09	85.0	87.3	76.8
683341341	-1.77	57.62	21.1	9.86	87.0	89.5	76.4
685342342	-1.80	56.23	22.4	9.69	89.3	92.0	75.9
687343343	-1.85	54.87	24.0	9.42	91.4	94.5	75.3
689344344	-1.89	53.70	25.4	9.22	93.3	96.7	74.8
691345345	-1.94	52.19	27.4	8.98	95.9	99.7	74.1
693346346	-1.98	50.82	29.1	8.82	98.3	102.5	73.5
695347347	-2.04	49.21	31.7	8.54	101.1	105.9	72.6
697348348	-2.07	47.64	34.0	8.42	104.1	109.5	71.9
699349349	-2.12	45.95	36.8	8.25	107.4	113.5	71.1
701350350	-2.18	44.41	40.0	8.01	110.3	117.3	70.1
703351351	-2.22	42.81	43.2	7.86	113.5	121.5	69.2
705352352	-2.26	41.10	46.9	7.72	117.2	126.2	68.2
707353353	-2.30	39.36	51.1	7.60	121.0	131.3	67.1
709354354	-2.35	37.51	56.2	7.43	125.0	137.1	65.8
711355355	-2.38	35.64	61.6	7.36	129.5	143.4	64.6
713356356	-2.42	33.73	68.0	7.23	133.9	150.2	63.1
715357357	-2.44	31.77	75.1	7.17	138.9	157.9	61.6
717358358	-2.48	29.92	83.0	7.05	143.1	165.4	59.9
719359359	-2.52	28.04	92.0	6.96	147.3	173.6	58.0
721360360	-2.54	25.94	103.1	6.89	152.1	183.8	55.9
723361361	-2.57	23.86	115.9	6.81	156.2	194.5	53.4
725362362	-2.59	21.88	129.5	6.76	159.6	205.5	50.9
727363363	-2.62	19.79	146.0	6.68	161.3	217.6	47.8
729364364	-2.63	17.64	164.9	6.65	162.3	231.4	44.5
731365365	-2.64	15.49	186.3	6.64	161.4	246.4	40.9
733366366	-2.64	13.45	208.6	6.63	157.3	261.2	37.0
735367367	-2.65	11.39	232.6	6.60	147.9	275.6	32.5
737368368	-2.65	9.20	259.5	6.62	134.1	292.1	27.3
739369369	-2.65	6.87	286.2	6.60	110.4	306.8	21.1
741370370	-2.65	4.80	307.5	6.61	83.0	318.6	15.1
743371371	-2.66	2.61	322.5	6.59	47.3	326.0	8.3
745372372	-2.66	0.46	328.6	6.58	8.4	328.7	1.5
747373373	-2.67	-1.69	324.9	6.56	-30.7	326.4	-5.4
749374374	-2.66	-3.95	313.2	6.58	-69.4	320.8	-12.5
751375375	-2.66	-6.11	293.6	6.58	-100.3	310.3	-18.9
753376376	-2.67	-8.15	270.4	6.55	-122.7	296.9	-24.4
755377377	-2.68	-10.37	243.9	6.54	-140.2	281.4	-29.9
757378378	-2.69	-12.45	219.1	6.52	-150.2	265.6	-34.4
759379379	-2.69	-14.57	195.5	6.51	-156.3	250.3	-38.6
761380380	-2.70	-16.67	174.1	6.48	-158.0	235.1	-42.2
763381381	-2.72	-18.83	154.6	6.44	-156.9	220.3	-45.4
765382382	-2.75	-20.93	138.1	6.38	-153.5	206.5	-48.0
767383383	-2.77	-23.03	123.8	6.33	-149.5	194.1	-50.4
769384384	-2.80	-25.11	111.7	6.25	-144.3	182.5	-52.3
771385385	-2.86	-27.28	101.0	6.13	-138.1	171.1	-53.8
773386386	-2.92	-29.28	92.7	6.00	-132.3	161.5	-55.0
775387387	-2.97	-31.33	85.1	5.90	-126.8	152.7	-56.1
777388388	-3.05	-33.29	79.1	5.76	-121.3	144.8	-56.9
779389389	-3.11	-35.27	73.7	5.64	-116.2	137.6	-57.6
781390390	-3.20	-37.26	69.1	5.49	-111.0	130.7	-58.1
783391391	-3.28	-39.33	64.8	5.35	-106.1	124.3	-58.6
785392392	-3.37	-41.16	61.5	5.22	-101.8	118.9	-58.8
787393393	-3.48	-43.04	58.7	5.06	-97.4	113.7	-58.9
789394394	-3.57	-44.79	56.2	4.94	-93.7	109.3	-59.0
791395395	-3.66	-46.52	54.0	4.81	-90.2	105.1	-59.1
793396396	-3.75	-48.17	52.0	4.71	-87.1	101.5	-59.1
795397397	-3.84	-49.68	50.5	4.59	-84.3	98.2	-59.1
797398398	-3.93	-51.32	48.8	4.50	-81.5	95.0	-59.1
799399399	-3.99	-52.87	47.2	4.43	-79.1	92.2	-59.2
801400400	-4.07	-54.25	46.1	4.35	-76.9	89.6	-59.1
803401401	-4.14	-55.38	45.2	4.28	-75.2	87.7	-59.0
805402402	-4.14	-56.67	43.7	4.27	-73.8	85.7	-59.4
807403403	-4.14	-57.95	42.3	4.27	-72.4	83.9	-59.7
809404404	-4.09	-59.08	40.8	4.33	-71.6	82.4	-60.3
811405405	-4.01	-60.39	38.9	4.41	-70.8	80.8	-61.2
813406406	-3.90	-61.92	36.8	4.53	-69.8	78.9	-62.2
815407407	-3.79	-63.62	34.5	4.65	-68.6	76.8	-63.3
817408408	-3.65	-65.55	32.0	4.83	-67.4	74.6	-64.6
819409409	-3.49	-67.66	29.4	5.04	-65.9	72.2	-65.9
821410410	-3.37	-69.87	27.2	5.22	-64.1	69.6	-67.1
823411411	-3.23	-72.64	24.6	5.45	-61.9	66.6	-68.3
825412412	-3.10	-75.35	22.5	5.66	-59.6	63.7	-69.3
827413413	-3.00	-78.09	20.6	5.84	-57.3	60.9	-70.2
829414414	-2.92	-80.92	19.0	6.01	-54.9	58.1	-70.9
831415415	-2.86	-83.86	17.7	6.14	-52.5	55.4	-71.4
833416416	-2.81	-86.64	16.6	6.24	-50.2	52.9	-71.8
835417417	-2.75	-89.61	15.4	6.36	-47.9	50.3	-72.1
837418418	-2.73	-92.24	14.7	6.40	-45.9	48.2	-72.2
839419419	-2.72	-94.97	14.0	6.44	-43.8	46.0	-72.3
841420420	-2.69	-97.60	13.3	6.52	-42.0	44.0	-72.4
843421421	-2.68	-100.23	12.8	6.54	-40.2	42.1	-72.3
845422422	-2.67	-102.59	12.3	6.57	-38.6	40.5	-72.3
847423423	-2.68	-104.88	12.0	6.54	-37.0	38.9	-72.0
849424424	-2.68	-107.16	11.7	6.54	-35.6	37.4	-71.9
851425425	-2.68	-109.46	11.3	6.54	-34.1	36.0	-71.6
853426426	-2.66	-111.64	11.0	6.57	-32.8	34.6	-71.5
855427427	-2.68	-113.70	10.8	6.52	-31.6	33.4	-71.1
857428428	-2.72	-115.78	10.7	6.44	-30.3	32.2	-70.6
859429429	-2.73	-117.76	10.6	6.41	-29.2	31.0	-70.1
861430430	-2.75	-119.74	10.4	6.36	-28.1	29.9	-69.6
863431431	-2.76	-121.67	10.2	6.35	-27.0	28.9	-69.2
865432432	-2.77	-123.53	10.1	6.32	-26.0	27.9	-68.7
867433433	-2.79	-125.39	10.0	6.27	-25.0	26.9	-68.1
869434434	-2.85	-127.26	10.1	6.15	-24.0	26.0	-67.2
871435435	-2.86	-129.15	10.0	6.12	-23.0	25.1	-66.6
873436436	-2.90	-130.92	9.9	6.05	-22.1	24.2	-65.8
875437437	-2.92	-132.72	9.9	6.00	-21.2	23.4	-65.0
877438438	-2.95	-134.53	9.8	5.95	-20.3	22.5	-64.1
879439439	-2.99	-136.31	9.8	5.87	-19.4	21.7	-63.1
881440440	-3.03	-138.01	9.9	5.78	-18.5	21.0	-61.9
883441441	-3.04	-139.78	9.8	5.77	-17.7	20.2	-61.0
885442442	-3.06	-141.47	9.7	5.74	-16.9	19.5	-60.0
887443443	-3.08	-143.21	9.7	5.70	-16.1	18.8	-58.9
889444444	-3.10	-144.99	9.7	5.67	-15.2	18.0	-57.6
891445445	-3.11	-146.74	9.6	5.64	-14.4	17.3	-56.3
893446446	-3.13	-148.51	9.6	5.61	-13.6	16.7	-54.8
895447447	-3.14	-150.24	9.6	5.59	-12.8	16.0	-53.3
897448448	-3.15	-151.93	9.5	5.57	-12.1	15.4	-51.8
899449449	-3.16	-153.63	9.5	5.56	-11.3	14.8	-50.1
901450450	-3.15	-155.38	9.4	5.58	-10.5	14.1	-48.4
903451451	-3.15	-157.04	9.3	5.58	-9.8	13.5	-46.5
905452452	-3.13	-158.72	9.2	5.61	-9.1	12.9	-44.6
907453453	-3.11	-160.40	9.1	5.64	-8.4	12.4	-42.5
909454454	-3.09	-161.95	9.0	5.68	-7.7	11.9	-40.5
911455455	-3.07	-163.60	8.9	5.72	-7.0	11.3	-38.0
913456456	-3.04	-165.29	8.8	5.78	-6.3	10.8	-35.4
915457457	-3.00	-166.74	8.7	5.85	-5.6	10.3	-33.1
917458458	-2.97	-168.28	8.5	5.91	-5.0	9.9	-30.3
919459459	-2.93	-169.77	8.4	5.98	-4.4	9.5	-27.3
921460460	-2.89	-171.22	8.3	6.06	-3.7	9.1	-24.2
923461461	-2.84	-172.71	8.1	6.16	-3.1	8.7	-20.8
925462462	-2.78	-174.17	8.0	6.30	-2.5	8.3	-17.3
927463463	-2.73	-175.53	7.8	6.41	-1.9	8.0	-13.7
929464464	-2.68	-176.85	7.7	6.53	-1.3	7.8	-9.9
931465465	-2.62	-178.19	7.5	6.67	-0.8	7.5	-5.9
933466466	-2.55	-179.57	7.3	6.85	-0.2	7.3	-1.4
935467467	-2.51	179.16	7.2	6.97	0.4	7.2	2.9
937468468	-2.44	177.94	7.0	7.18	0.9	7.0	7.2
939469469	-2.38	176.69	6.8	7.34	1.4	7.0	11.7
941470470	-2.32	175.44	6.6	7.54	2.0	6.9	16.4
943471471	-2.25	174.22	6.5	7.75	2.5	6.9	21.0
945472472	-2.19	172.98	6.3	7.97	3.0	7.0	25.6
947473473	-2.13	171.83	6.1	8.19	3.5	7.1	29.8
949474474	-2.06	170.72	6.0	8.46	4.0	7.2	33.9
951475475	-2.01	169.55	5.8	8.68	4.5	7.4	37.8
953476476	-1.95	168.35	5.6	8.95	5.0	7.6	41.7
955477477	-1.89	167.19	5.5	9.23	5.5	7.8	45.3
957478478	-1.82	166.13	5.3	9.57	6.0	8.0	48.6
959479479	-1.76	164.95	5.1	9.91	6.5	8.3	51.9
961480480	-1.69	163.79	4.9	10.31	7.1	8.6	54.9
963481481	-1.64	162.70	4.8	10.65	7.5	8.9	57.5
965482482	-1.59	161.66	4.7	10.96	8.0	9.3	59.7
967483483	-1.53	160.49	4.5	11.38	8.5	9.7	62.1
969484484	-1.47	159.28	4.4	11.82	9.1	10.1	64.3
971485485	-1.41	158.19	4.2	12.34	9.6	10.4	66.3
973486486	-1.35	157.06	4.0	12.89	10.1	10.9	68.2
975487487	-1.28	155.88	3.9	13.55	10.6	11.3	70.0
977488488	-1.22	154.67	3.7	14.24	11.2	11.8	71.7
979489489	-1.17	153.50	3.6	14.83	11.7	12.2	73.1
981490490	-1.11	152.28	3.4	15.69	12.3	12.7	74.6
983491491	-1.06	151.11	3.2	16.47	12.8	13.2	75.8
985492492	-0.99	149.90	3.1	17.48	13.4	13.7	77.1
987493493	-0.93	148.66	2.9	18.68	14.0	14.3	78.3
989494494	-0.87	147.42	2.7	20.07	14.6	14.8	79.5
991495495	-0.81	146.01	2.6	21.44	15.2	15.5	80.5
993496496	-0.74	144.73	2.4	23.37	15.9	16.0	81.6
995497497	-0.70	143.46	2.2	24.73	16.5	16.6	82.3
997498498	-0.63	142.07	2.0	27.69	17.2	17.3	83.3
999499499	-0.57	140.77	1.9	30.26	17.8	17.9	84.0
1001500500	-0.49	139.43	1.6	35.26	18.5	18.5	85.0
1003501501	-0.43	137.96	1.4	40.44	19.2	19.3	85.8
1005502502	-0.37	136.61	1.2	47.38	19.9	19.9	86.5
1007503503	-0.30	135.24	1.0	58.58	20.6	20.6	87.2
1009504504	-0.23	133.72	0.8	75.76	21.4	21.4	87.9
1011505505	-0.14	132.22	0.5	125.84	22.1	22.2	88.8
1013506506	-0.07	130.81	0.2	265.03	22.9	22.9	89.4
1015507507	0.00	129.21	0.0	?	23.7	23.7	90.0
1017508508	0.00	127.70	0.0	?	24.5	24.5	90.0
1019509509	0.00	126.24	0.0	?	25.3	25.3	90.0
1021510510	0.00	124.70	0.0	?	26.2	26.2	90.0
1023511511	0.00	123.27	0.0	?	27.0	27.0	90.0
1025512512	0.00	121.54	0.0	?	28.0	28.0	90.0
1027513513	0.00	119.83	0.0	?	29.0	29.0	90.0
1029514514	0.00	118.28	0.0	?	29.9	29.9	90.0
1031515515	0.00	116.73	0.0	?	30.8	30.8	90.0
1033516516	0.00	115.10	0.0	?	31.8	31.8	90.0
1035517517	0.00	113.35	0.0	?	32.9	32.9	90.0
1037518518	0.00	111.84	0.0	?	33.8	33.8	90.0
1039519519	0.00	109.99	0.0	?	35.0	35.0	90.0
1041520520	0.00	108.30	0.0	?	36.1	36.1	90.0
1043521521	0.00	106.71	0.0	?	37.2	37.2	90.0
1045522522	-1.06	164.82	3.1	16.35	6.6	7.3	64.9
1047523523	0.00	150.43	0.0	?	13.2	13.2	90.0
1049524524	0.00	99.72	0.0	?	42.2	42.2	90.0
1051525525	-0.39	92.70	2.1	44.44	47.7	47.7	87.4
1053526526	-0.42	90.50	2.4	41.75	49.5	49.6	87.3
1055527527	-0.45	88.25	2.7	38.21	51.5	51.5	87.0
1057528528	-0.50	86.01	3.1	34.89	53.5	53.6	86.7
1059529529	-0.53	83.75	3.4	32.96	55.7	55.8	86.5
1061530530	-0.55	81.68	3.7	31.41	57.7	57.8	86.3
1063531531	-0.61	79.34	4.3	28.47	60.1	60.3	85.9
1065532532	-0.67	76.97	5.0	25.78	62.7	62.9	85.4
1067533533	-0.75	74.76	5.8	23.27	65.1	65.4	84.9
1069534534	-0.78	72.47	6.4	22.21	67.8	68.1	84.6
1071535535	-0.90	70.13	7.8	19.37	70.7	71.1	83.7
1073536536	-0.97	67.76	8.9	17.89	73.7	74.3	83.1
1075537537	-1.10	65.24	10.7	15.88	77.1	77.8	82.1
1077538538	-1.24	62.95	12.9	14.05	80.2	81.2	80.9
1079539539	-1.35	60.57	15.0	12.88	83.6	85.0	79.8
1081540540	-1.53	58.09	18.2	11.37	87.2	89.0	78.2
1083541541	-1.71	55.75	21.7	10.19	90.5	93.1	76.5
1085542542	-1.88	53.43	25.5	9.27	93.9	97.3	74.8
1087543543	-2.15	51.04	31.1	8.12	96.7	101.6	72.2
1089544544	-2.41	48.81	37.0	7.24	98.9	105.6	69.5
1091545545	-2.65	46.72	42.9	6.60	100.7	109.5	66.9
1093546546	-2.93	44.31	50.3	5.98	102.1	113.9	63.8
1095547547	-3.22	42.12	57.9	5.46	102.3	117.5	60.5
1097548548	-3.53	39.63	66.6	4.99	101.7	121.6	56.8
1099549549	-3.91	37.14	76.1	4.52	98.7	124.6	52.4
1101550550	-4.30	34.82	84.7	4.13	94.0	126.5	48.0
1103551551	-4.77	32.16	93.7	3.74	86.5	127.5	42.7
1105552552	-5.28	29.61	100.6	3.39	77.0	126.7	37.4
1107553553	-5.73	27.05	105.8	3.14	67.8	125.6	32.7
1109554554	-6.33	24.33	108.5	2.87	56.3	122.2	27.4
1111555555	-6.94	21.97	108.3	2.63	45.7	117.6	22.9
1113556556	-7.61	19.66	106.2	2.43	36.0	112.1	18.7
1115557557	-8.25	16.77	104.0	2.26	27.3	107.5	14.7
1117558558	-8.93	13.72	100.7	2.11	19.6	102.6	11.0
1119559559	-9.71	10.45	96.3	1.97	12.8	97.1	7.6
1121560560	-10.44	6.64	92.2	1.86	7.1	92.5	4.4
1123561561	-11.36	2.65	87.0	1.74	2.3	87.0	1.5
1125562562	-12.29	-1.83	82.1	1.64	-1.4	82.1	-0.9
1127563563	-13.25	-7.19	77.4	1.56	-4.4	77.5	-3.3
1129564564	-14.40	-13.12	72.5	1.47	-6.5	72.7	-5.1
1131565565	-15.46	-20.40	68.2	1.41	-8.3	68.7	-6.9
1133566566	-16.60	-29.60	63.9	1.35	-9.5	64.7	-8.5
1135567567	-17.77	-39.43	60.2	1.30	-10.0	61.0	-9.5
1137568568	-18.71	-52.38	56.6	1.26	-10.5	57.6	-10.6
1139569569	-19.30	-66.34	53.4	1.24	-10.7	54.5	-11.4
1141570570	-19.40	-81.45	50.5	1.24	-10.8	51.6	-12.1
1143571571	-19.22	-95.70	47.8	1.25	-10.5	48.9	-12.4
1145572572	-18.67	-109.38	45.2	1.26	-10.1	46.3	-12.6
1147573573	-17.66	-120.58	42.7	1.30	-9.8	43.8	-12.9
1149574574	-16.68	-130.52	40.4	1.34	-9.2	41.4	-12.8
1151575575	-15.57	-138.20	38.1	1.40	-8.7	39.1	-12.9
1153576576	-14.71	-144.52	36.2	1.45	-8.0	37.1	-12.5
1155577577	-13.81	-150.53	34.3	1.51	-7.2	35.0	-11.8
1157578578	-12.94	-156.00	32.4	1.58	-6.3	33.0	-10.9
1159579579	-12.12	-160.93	30.7	1.66	-5.3	31.1	-9.8
1161580580	-11.43	-164.78	29.2	1.73	-4.4	29.5	-8.6
1163581581	-10.75	-169.27	27.7	1.82	-3.3	27.9	-6.7
1165582582	-10.10	-173.15	26.3	1.91	-2.2	26.3	-4.7
1167583583	-9.57	-176.83	25.1	2.00	-1.0	25.1	-2.4
1169584584	-8.99	179.99	23.8	2.10	0.0	23.8	0.0
1171585585	-8.48	176.72	22.7	2.21	1.1	22.7	2.9
1173586586	-8.01	173.05	21.6	2.32	2.5	21.8	6.5
1175587587	-7.57	169.99	20.6	2.44	3.6	21.0	10.0
1177588588	-7.14	166.84	19.7	2.57	4.9	20.3	13.9
1179589589	-6.76	164.05	18.9	2.70	6.0	19.8	17.7
1181590590	-6.42	161.11	18.1	2.83	7.3	19.5	21.8
1183591591	-6.11	158.42	17.4	2.96	8.4	19.4	25.7
1185592592	-5.85	155.59	16.9	3.08	9.6	19.5	29.7
1187593593	-5.55	152.86	16.3	3.24	10.9	19.6	33.7
1189594594	-5.32	150.38	15.8	3.37	12.0	19.8	37.2
1191595595	-5.10	147.81	15.4	3.50	13.2	20.2	40.6
1193596596	-4.92	145.00	15.0	3.63	14.5	20.9	43.9
1195597597	-4.73	142.51	14.7	3.76	15.6	21.5	46.8
1197598598	-4.56	140.06	14.4	3.89	16.8	22.2	49.4
1199599599	-4.45	137.52	14.3	3.99	18.0	23.0	51.6
1201600600	-4.34	135.05	14.2	4.09	19.2	23.9	53.6
1203601601	-4.20	132.63	14.0	4.21	20.5	24.8	55.6
1205602602	-4.05	130.07	13.8	4.37	21.8	25.8	57.7
1207603603	-4.03	127.84	13.9	4.39	22.9	26.8	58.7
1209604604	-3.96	125.19	14.0	4.47	24.3	28.0	60.0
1211605605	-3.92	122.49	14.2	4.50	25.7	29.4	61.0
1213606606	-3.91	119.61	14.6	4.52	27.2	30.9	61.9
1215607607	-3.90	116.86	14.9	4.53	28.7	32.4	62.5
1217608608	-3.91	114.71	15.3	4.52	29.9	33.6	62.9
1219609609	-3.89	112.33	15.6	4.54	31.2	34.9	63.4
1221610610	-3.94	109.85	16.2	4.49	32.6	36.4	63.5
1223611611	-3.96	107.81	16.7	4.46	33.7	37.6	63.6
1225612612	-3.98	105.25	17.3	4.44	35.2	39.2	63.8
1227613613	-4.01	103.38	17.9	4.41	36.3	40.5	63.8
1229614614	-4.03	101.30	18.4	4.39	37.6	41.8	63.9
1231615615	-4.02	99.24	18.9	4.40	38.9	43.2	64.1
1233616616	-3.93	97.59	18.9	4.50	40.1	44.3	64.7
1235617617	-3.86	95.87	19.1	4.57	41.4	45.5	65.2
1237618618	-3.71	93.61	19.1	4.75	43.2	47.2	66.2
1239619619	-3.56	91.63	18.9	4.94	44.9	48.7	67.1
1241620620	-3.39	89.41	18.8	5.19	46.9	50.5	68.2
1243621621	-3.19	86.51	18.6	5.51	49.6	52.9	69.4
1245622622	-2.89	83.49	18.0	6.07	52.7	55.7	71.2
1247623623	-2.64	79.83	17.7	6.64	56.6	59.3	72.6
1249624624	-2.31	76.52	16.8	7.57	60.6	62.9	74.5
1251625625	-2.07	72.36	16.6	8.44	65.7	67.7	75.8
1253626626	-1.82	67.69	16.5	9.56	72.0	73.9	77.1
1255627627	-1.63	62.64	16.9	10.71	79.6	81.4	78.0
1257628628	-1.47	57.89	17.6	11.88	87.7	89.5	78.7
1259629629	-1.29	52.83	18.3	13.50	97.9	99.6	79.4
1261630630	-1.16	47.50	20.1	15.00	110.6	112.4	79.7
1263631631	-1.11	42.04	24.2	15.61	126.1	128.4	79.1
1265632632	-1.09	37.26	29.8	15.91	142.8	145.8	78.2
1267633633	-1.08	31.73	39.8	16.05	167.2	171.9	76.6
1269634634	-1.15	26.43	58.8	15.07	196.3	204.9	73.3
1271635635	-1.20	21.55	87.1	14.53	231.2	247.1	69.4
1273636636	-1.33	16.60	144.0	13.08	267.4	303.7	61.7
1275637637	-1.45	12.38	225.2	12.03	288.4	365.9	52.0
1277638638	-1.63	7.54	358.9	10.71	250.0	437.4	34.9
1279639639	-1.74	2.94	469.9	10.01	119.3	484.8	14.2
1281640640	-1.91	-1.33	451.5	9.13	-47.4	453.9	-6.0
1283641641	-2.05	-5.28	369.2	8.50	-142.6	395.8	-21.1
1285642642	-2.27	-9.43	276.2	7.70	-171.2	325.0	-31.8
1287643643	-2.46	-13.41	212.1	7.10	-171.1	272.5	-38.9
1289644644	-2.66	-17.35	167.7	6.59	-160.9	232.4	-43.8
1291645645	-2.85	-21.44	135.3	6.15	-147.9	200.5	-47.6
1293646646	-3.05	-25.23	113.7	5.75	-135.1	176.6	-49.9
1295647647	-3.27	-28.85	98.4	5.38	-123.3	157.8	-51.4
1297648648	-3.42	-32.49	85.9	5.15	-114.4	143.0	-53.1
1299649649	-3.64	-36.12	76.6	4.85	-104.8	129.9	-53.8
1301650650	-3.77	-40.03	67.9	4.68	-97.4	118.7	-55.1
1303651651	-3.94	-43.56	61.7	4.49	-90.7	109.7	-55.8
1305652652	-4.07	-47.13	56.3	4.35	-85.0	101.9	-56.5
1307653653	-4.17	-50.46	51.9	4.24	-80.2	95.5	-57.1
1309654654	-4.28	-53.83	48.1	4.14	-75.6	89.6	-57.6
1311655655	-4.38	-57.25	44.7	4.05	-71.4	84.2	-58.0
1313656656	-4.48	-60.55	41.8	3.96	-67.5	79.5	-58.2
1315657657	-4.53	-63.66	39.2	3.92	-64.4	75.4	-58.7
1317658658	-4.55	-66.67	36.8	3.90	-61.7	71.8	-59.1
1319659659	-4.60	-69.75	34.8	3.86	-58.8	68.3	-59.4
1321660660	-4.60	-72.61	32.8	3.87	-56.5	65.3	-59.9
1323661661	-4.58	-75.32	31.1	3.88	-54.4	62.7	-60.3
1325662662	-4.60	-78.22	29.5	3.87	-52.1	59.9	-60.5
1327663663	-4.58	-80.65	28.2	3.88	-50.4	57.7	-60.8
1329664664	-4.57	-83.10	27.0	3.89	-48.6	55.6	-61.0
1331665665	-4.53	-85.54	25.7	3.92	-47.0	53.5	-61.3
1333666666	-4.50	-87.89	24.6	3.94	-45.4	51.6	-61.5
1335667667	-4.48	-89.85	23.8	3.96	-44.1	50.1	-61.7
1337668668	-4.42	-91.90	22.8	4.01	-42.9	48.6	-62.0
1339669669	-4.37	-93.93	21.9	4.06	-41.6	47.1	-62.3
1341670670	-4.36	-96.04	21.2	4.07	-40.3	45.5	-62.3
1343671671	-4.31	-97.90	20.5	4.11	-39.2	44.2	-62.4
1345672672	-4.25	-99.69	19.7	4.17	-38.2	43.0	-62.7
1347673673	-4.18	-101.54	19.0	4.23	-37.2	41.7	-62.9
1349674674	-4.12	-103.05	18.4	4.29	-36.3	40.7	-63.2
1351675675	-4.10	-104.52	18.0	4.31	-35.5	39.8	-63.1
1353676676	-4.07	-106.10	17.5	4.35	-34.6	38.8	-63.2
1355677677	-4.00	-107.60	16.9	4.42	-33.8	37.8	-63.4
1357678678	-3.94	-109.14	16.4	4.48	-33.0	36.8	-63.6
1359679679	-3.90	-110.60	16.0	4.52	-32.2	35.9	-63.6
1361680680	-3.88	-111.96	15.6	4.56	-31.4	35.1	-63.6
1363681681	-3.83	-113.16	15.2	4.61	-30.8	34.4	-63.7
1365682682	-3.75	-114.49	14.8	4.70	-30.1	33.6	-63.9
1367683683	-3.70	-115.98	14.3	4.77	-29.4	32.7	-64.0
1369684684	-3.65	-117.17	14.0	4.83	-28.8	32.0	-64.0
1371685685	-3.62	-118.36	13.7	4.86	-28.1	31.3	-64.0
1373686686	-3.57	-119.40	13.4	4.93	-27.6	30.7	-64.1
1375687687	-3.54	-120.63	13.1	4.97	-27.0	30.0	-64.0
1377688688	-3.50	-121.87	12.9	5.03	-26.4	29.3	-64.0
1379689689	-3.40	-123.08	12.4	5.17	-25.8	28.6	-64.4
1381690690	-3.38	-124.20	12.2	5.20	-25.2	28.0	-64.2
1383691691	-3.34	-125.06	11.9	5.27	-24.8	27.5	-64.3
1385692692	-3.28	-126.17	11.6	5.36	-24.3	26.9	-64.4
1387693693	-3.24	-127.35	11.4	5.42	-23.7	26.3	-64.4
1389694694	-3.20	-128.19	11.2	5.49	-23.3	25.8	-64.4
1391695695	-3.13	-129.16	10.9	5.61	-22.8	25.3	-64.6
1393696696	-3.06	-130.18	10.5	5.73	-22.4	24.7	-64.8
1395697697	-3.02	-131.27	10.3	5.82	-21.8	24.1	-64.8
1397698698	-2.95	-132.23	10.0	5.94	-21.4	23.6	-64.9
1399699699	-2.88	-132.96	9.7	6.08	-21.1	23.2	-65.2
1401700700	-2.81	-133.99	9.4	6.23	-20.6	22.6	-65.4
1403701701	-2.75	-134.75	9.2	6.36	-20.2	22.2	-65.6
1405702702	-2.70	-135.63	9.0	6.49	-19.8	21.8	-65.7
1407703703	-2.64	-136.36	8.7	6.64	-19.5	21.4	-65.9
1409704704	-2.57	-137.15	8.5	6.80	-19.1	20.9	-66.2
1411705705	-2.52	-138.00	8.2	6.94	-18.7	20.5	-66.3
1413706706	-2.45	-138.64	8.0	7.13	-18.4	20.1	-66.6
1415707707	-2.39	-139.35	7.8	7.31	-18.1	19.7	-66.8
1417708708	-2.32	-139.99	7.5	7.53	-17.8	19.4	-67.2
1419709709	-2.24	-140.67	7.2	7.81	-17.5	19.0	-67.7
1421710710	-2.17	-141.39	6.9	8.06	-17.2	18.6	-68.0
1423711711	-2.11	-141.94	6.8	8.27	-17.0	18.3	-68.3
1425712712	-2.04	-142.41	6.5	8.55	-16.8	18.0	-68.8
1427713713	-1.97	-143.03	6.3	8.87	-16.5	17.6	-69.2
1429714714	-1.89	-143.51	6.0	9.23	-16.3	17.3	-69.8
1431715715	-1.82	-144.08	5.8	9.55	-16.0	17.0	-70.2
1433716716	-1.77	-144.60	5.6	9.86	-15.8	16.7	-70.5
1435717717	-1.71	-145.05	5.4	10.19	-15.6	16.5	-70.9
1437718718	-1.65	-145.45	5.2	10.54	-15.4	16.3	-71.3
1439719719	-1.58	-146.06	4.9	11.04	-15.1	15.9	-71.9
1441720720	-1.51	-146.26	4.7	11.51	-15.0	15.8	-72.5
1443721721	-1.42	-146.52	4.4	12.28	-14.9	15.6	-73.4
1445722722	-1.36	-146.89	4.3	12.79	-14.8	15.4	-73.9
1447723723	-1.31	-147.23	4.1	13.24	-14.6	15.2	-74.3
1449724724	-1.27	-147.67	4.0	13.70	-14.4	14.9	-74.6
1451725725	-1.22	-148.02	3.8	14.27	-14.3	14.7	-75.1
1453726726	-1.17	-148.13	3.6	14.83	-14.2	14.7	-75.6
1455727727	-1.10	-148.47	3.4	15.84	-14.1	14.5	-76.4
1457728728	-1.07	-148.67	3.3	16.29	-14.0	14.4	-76.7
1459729729	-1.04	-148.91	3.2	16.77	-13.9	14.2	-77.0
1461730730	-1.00	-149.16	3.1	17.47	-13.7	14.1	-77.4
1463731731	-0.93	-149.36	2.9	18.63	-13.7	14.0	-78.1
1465732732	-0.89	-149.62	2.8	19.50	-13.5	13.8	-78.5
1467733733	-0.85	-149.88	2.6	20.53	-13.4	13.7	-79.0
1469734734	-0.82	-149.94	2.5	21.18	-13.4	13.6	-79.3
1471735735	-0.80	-150.12	2.5	21.78	-13.3	13.5	-79.5
1473736736	-0.79	-150.28	2.4	22.03	-13.2	13.5	-79.6
1475737737	-0.74	-150.31	2.3	23.46	-13.2	13.4	-80.2
1477738738	-0.72	-150.60	2.2	24.23	-13.1	13.3	-80.4
1479739739	-0.66	-150.81	2.0	26.17	-13.0	13.2	-81.1
1481740740	-0.64	-150.95	2.0	27.10	-12.9	13.1	-81.3
1483741741	-0.63	-151.14	1.9	27.61	-12.8	13.0	-81.5
1485742742	-0.66	-151.36	2.0	26.48	-12.7	12.9	-81.0
1487743743	-0.60	-151.58	1.8	28.79	-12.6	12.8	-81.7
1489744744	-0.60	-151.70	1.8	28.91	-12.6	12.7	-81.7
1491745745	-0.61	-151.66	1.9	28.68	-12.6	12.7	-81.6
1493746746	-0.58	-152.21	1.8	30.11	-12.4	12.5	-81.9
1495747747	-0.57	-152.35	1.7	30.48	-12.3	12.4	-81.9
1497748748	-0.58	-152.34	1.8	29.91	-12.3	12.4	-81.8
1499749749	-0.57	-152.65	1.7	30.46	-12.2	12.3	-81.9
1501750750	-0.55	-152.86	1.7	31.64	-12.1	12.2	-82.1
1503751751	-0.54	-153.09	1.6	32.27	-11.9	12.1	-82.2
1505752752	-0.53	-153.38	1.6	32.78	-11.8	11.9	-82.2
1507753753	-0.52	-153.75	1.6	33.19	-11.6	11.8	-82.2
1509754754	-0.54	-154.03	1.6	32.27	-11.5	11.6	-81.9
1511755755	-0.53	-154.20	1.6	33.06	-11.4	11.6	-82.1
1513756756	-0.54	-154.52	1.6	32.27	-11.3	11.4	-81.8
1515757757	-0.54	-154.80	1.6	32.45	-11.2	11.3	-81.8
1517758758	-0.50	-154.91	1.5	34.50	-11.1	11.2	-82.2
1519759759	-0.50	-155.42	1.5	35.00	-10.9	11.0	-82.2
1521760760	-0.51	-155.56	1.5	34.16	-10.8	10.9	-81.9
1523761761	-0.49	-155.90	1.5	35.82	-10.7	10.8	-82.2
1525762762	-0.42	-156.98	1.3	40.97	-10.2	10.3	-82.9
1527763763	-0.37	-158.39	1.1	46.67	-9.5	9.6	-83.4
1529764764	-0.41	-157.16	1.2	42.09	-10.1	10.2	-83.0
1531765765	-0.43	-156.98	1.3	40.08	-10.2	10.3	-82.7
1533766766	-0.43	-157.49	1.3	40.37	-9.9	10.0	-82.6
1535767767	-0.42	-157.65	1.2	41.85	-9.9	10.0	-82.8
1537768768	-0.40	-158.14	1.2	43.14	-9.6	9.7	-82.9
1539769769	-0.37	-158.54	1.1	46.43	-9.5	9.5	-83.3
1541770770	-0.37	-158.93	1.1	46.43	-9.3	9.4	-83.2
1543771771	-0.37	-159.43	1.1	47.21	-9.1	9.1	-83.1
1545772772	-0.35	-159.77	1.0	50.09	-8.9	9.0	-83.4
1547773773	-0.30	-160.28	0.9	58.05	-8.7	8.7	-84.2
1549774774	-0.28	-160.70	0.8	61.89	-8.5	8.5	-84.4
1551775775	-0.29	-161.08	0.9	59.54	-8.3	8.4	-84.1
1553776776	-0.25	-161.47	0.7	70.13	-8.2	8.2	-84.9
1555777777	-0.22	-161.93	0.6	79.07	-8.0	8.0	-85.3
1557778778	-0.20	-162.39	0.6	87.53	-7.7	7.8	-85.7
1559779779	-0.15	-162.84	0.5	112.66	-7.5	7.6	-86.6
1561780780	-0.14	-163.37	0.4	120.33	-7.3	7.3	-86.7
1563781781	-0.13	-163.87	0.4	136.62	-7.1	7.1	-87.0
1565782782	-0.05	-164.28	0.2	335.57	-6.9	6.9	-88.7
1567783783	-0.02	-164.77	0.0	088.60	-6.7	6.7	-89.6
1569784784	0.00	-165.24	0.0	?	-6.5	6.5	-90.0
1571785785	0.00	-165.69	0.0	?	-6.3	6.3	-90.0
1573786786	0.00	-166.12	0.0	?	-6.1	6.1	-90.0
1575787787	0.00	-166.55	0.0	?	-5.9	5.9	-90.0
1577788788	0.00	-166.92	0.0	?	-5.7	5.7	-90.0
1579789789	0.00	-167.41	0.0	?	-5.5	5.5	-90.0
1581790790	0.00	-167.90	0.0	?	-5.3	5.3	-90.0
1583791791	0.00	-168.19	0.0	?	-5.2	5.2	-90.0
1585792792	0.00	-168.52	0.0	?	-5.0	5.0	-90.0
1587793793	0.00	-169.15	0.0	?	-4.7	4.7	-90.0
1589794794	0.00	-169.62	0.0	?	-4.5	4.5	-90.0
1591795795	0.00	-169.94	0.0	?	-4.4	4.4	-90.0
1593796796	0.00	-170.21	0.0	?	-4.3	4.3	-90.0
1595797797	0.00	-170.47	0.0	?	-4.2	4.2	-90.0
1597798798	0.00	-170.83	0.0	?	-4.0	4.0	-90.0
1599799799	0.00	-171.11	0.0	?	-3.9	3.9	-90.0
1601800800	0.00	-171.64	0.0	?	-3.7	3.7	-90.0
1603801801	0.00	-171.75	0.0	?	-3.6	3.6	-90.0
1605802802	0.00	-171.74	0.0	?	-3.6	3.6	-90.0
1607803803	0.00	-172.00	0.0	?	-3.5	3.5	-90.0
1609804804	0.00	-172.32	0.0	?	-3.4	3.4	-90.0
1611805805	0.00	-172.51	0.0	?	-3.3	3.3	-90.0
1613806806	0.00	-172.78	0.0	?	-3.2	3.2	-90.0
1615807807	0.00	-172.79	0.0	?	-3.1	3.1	-90.0
1617808808	0.00	-172.92	0.0	?	-3.1	3.1	-90.0
1619809809	0.00	-173.19	0.0	?	-3.0	3.0	-90.0
1621810810	0.00	-173.38	0.0	?	-2.9	2.9	-90.0
1623811811	0.00	-173.22	0.0	?	-3.0	3.0	-90.0
1625812812	0.00	-173.53	0.0	?	-2.8	2.8	-90.0
1627813813	0.00	-173.63	0.0	?	-2.8	2.8	-90.0
1629814814	0.00	-173.62	0.0	?	-2.8	2.8	-90.0
1631815815	0.00	-173.76	0.0	?	-2.7	2.7	-90.0
1633816816	0.00	-174.16	0.0	?	-2.5	2.5	-90.0
1635817817	0.00	-174.19	0.0	?	-2.5	2.5	-90.0
1637818818	0.00	-174.47	0.0	?	-2.4	2.4	-90.0
1639819819	0.00	-174.69	0.0	?	-2.3	2.3	-90.0
1641820820	0.00	-175.00	0.0	?	-2.2	2.2	-90.0
1643821821	0.00	-175.33	0.0	?	-2.0	2.0	-90.0
1645822822	0.00	-175.49	0.0	?	-2.0	2.0	-90.0
1647823823	0.00	-176.14	0.0	?	-1.7	1.7	-90.0
1649824824	0.00	-176.33	0.0	?	-1.6	1.6	-90.0
1651825825	0.00	-176.59	0.0	?	-1.5	1.5	-90.0
1653826826	0.00	-176.81	0.0	?	-1.4	1.4	-90.0
1655827827	0.00	-177.11	0.0	?	-1.3	1.3	-90.0
1657828828	0.00	-177.79	0.0	?	-1.0	1.0	-90.0
1659829829	0.00	-178.19	0.0	?	-0.8	0.8	-90.0
1661830830	0.00	-178.59	0.0	?	-0.6	0.6	-90.0
1663831831	0.00	-178.83	0.0	?	-0.5	0.5	-90.0
1665832832	0.00	-179.38	0.0	?	-0.3	0.3	-90.0
1667833833	0.00	179.88	0.0	?	0.1	0.1	90.0
1669834834	0.00	179.45	0.0	?	0.2	0.2	90.0
1671835835	0.00	178.63	0.0	?	0.6	0.6	90.0
1673836836	0.00	178.03	0.0	?	0.9	0.9	90.0
1675837837	0.00	177.45	0.0	?	1.1	1.1	90.0
1677838838	0.00	176.52	0.0	?	1.5	1.5	90.0
1679839839	0.00	176.13	0.0	?	1.7	1.7	90.0
1681840840	0.00	175.73	0.0	?	1.9	1.9	90.0
1683841841	0.00	174.87	0.0	?	2.2	2.2	90.0
1685842842	0.00	174.00	0.0	?	2.6	2.6	90.0
1687843843	0.00	173.12	0.0	?	3.0	3.0	90.0
1689844844	0.00	172.13	0.0	?	3.4	3.4	90.0
1691845845	0.00	171.31	0.0	?	3.8	3.8	90.0
1693846846	0.00	170.75	0.0	?	4.0	4.0	90.0
1695847847	0.00	169.63	0.0	?	4.5	4.5	90.0
1697848848	0.00	168.83	0.0	?	4.9	4.9	90.0
1699849849	0.00	167.84	0.0	?	5.3	5.3	90.0
1701850850	0.00	166.60	0.0	?	5.9	5.9	90.0
1703851851	0.00	165.94	0.0	?	6.2	6.2	90.0
1705852852	0.00	164.84	0.0	?	6.7	6.7	90.0
1707853853	0.00	163.59	0.0	?	7.2	7.2	90.0
1709854854	0.00	162.88	0.0	?	7.5	7.5	90.0
1711855855	0.00	161.83	0.0	?	8.0	8.0	90.0
1713856856	0.00	160.33	0.0	?	8.7	8.7	90.0
1715857857	0.00	159.05	0.0	?	9.2	9.2	90.0
1717858858	0.00	157.81	0.0	?	9.8	9.8	90.0
1719859859	0.00	156.91	0.0	?	10.2	10.2	90.0
1721860860	0.00	155.45	0.0	?	10.9	10.9	90.0
1723861861	0.00	154.56	0.0	?	11.3	11.3	90.0
1725862862	0.00	153.35	0.0	?	11.8	11.8	90.0
1727863863	0.00	152.10	0.0	?	12.4	12.4	90.0
1729864864	0.00	151.35	0.0	?	12.8	12.8	90.0
1731865865	0.00	150.15	0.0	?	13.3	13.3	90.0
1733866866	0.00	149.23	0.0	?	13.8	13.8	90.0
1735867867	0.00	148.06	0.0	?	14.3	14.3	90.0
1737868868	0.00	147.64	0.0	?	14.5	14.5	90.0
1739869869	0.00	146.68	0.0	?	15.0	15.0	90.0
1741870870	0.00	146.12	0.0	?	15.2	15.2	90.0
1743871871	0.00	145.37	0.0	?	15.6	15.6	90.0
1745872872	0.00	144.42	0.0	?	16.0	16.0	90.0
1747873873	0.00	143.74	0.0	?	16.4	16.4	90.0
1749874874	0.00	143.82	0.0	?	16.3	16.3	90.0
1751875875	0.00	142.61	0.0	?	16.9	16.9	90.0
1753876876	0.00	142.38	0.0	?	17.0	17.0	90.0
1755877877	0.00	141.49	0.0	?	17.5	17.5	90.0
1757878878	0.00	140.51	0.0	?	17.9	17.9	90.0
1759879879	0.00	139.39	0.0	?	18.5	18.5	90.0
1761880880	0.00	138.36	0.0	?	19.0	19.0	90.0
1763881881	0.00	137.53	0.0	?	19.4	19.4	90.0
1765882882	0.00	135.90	0.0	?	20.3	20.3	90.0
1767883883	0.00	134.64	0.0	?	20.9	20.9	90.0
1769884884	0.00	133.24	0.0	?	21.6	21.6	90.0
1771885885	0.00	131.50	0.0	?	22.5	22.5	90.0
1773886886	0.00	129.40	0.0	?	23.6	23.6	90.0
1775887887	0.00	127.65	0.0	?	24.6	24.6	90.0
1777888888	0.00	125.62	0.0	?	25.7	25.7	90.0
1779889889	0.00	123.34	0.0	?	27.0	27.0	90.0
1781890890	0.00	121.43	0.0	?	28.0	28.0	90.0
1783891891	0.00	119.44	0.0	?	29.2	29.2	90.0
1785892892	0.00	117.52	0.0	?	30.3	30.3	90.0
1787893893	0.00	115.54	0.0	?	31.5	31.5	90.0
1789894894	0.00	113.03	0.0	?	33.1	33.1	90.0
1791895895	0.00	110.74	0.0	?	34.5	34.5	90.0
1793896896	0.00	108.94	0.0	?	35.7	35.7	90.0
1795897897	0.00	106.63	0.0	?	37.2	37.2	90.0
1797898898	0.00	104.25	0.0	?	38.9	38.9	90.0
1799899899	0.00	102.57	0.0	?	40.1	40.1	90.0
1801900900	0.00	100.32	0.0	?	41.7	41.7	90.0
1803901901	0.00	97.86	0.0	?	43.6	43.6	90.0
1805902902	0.00	95.64	0.0	?	45.3	45.3	90.0
1807903903	0.00	93.17	0.0	?	47.3	47.3	90.0
1809904904	0.00	90.85	0.0	?	49.3	49.3	90.0
1811905905	0.00	88.52	0.0	?	51.3	51.3	90.0
1813906906	0.00	86.39	0.0	?	53.3	53.3	90.0
1815907907	0.00	84.38	0.0	?	55.2	55.2	90.0
1817908908	0.00	82.33	0.0	?	57.2	57.2	90.0
1819909909	0.00	80.06	0.0	?	59.5	59.5	90.0
1821910910	0.00	77.53	0.0	?	62.3	62.3	90.0
1823911911	-0.21	75.37	1.6	83.94	64.7	64.7	88.6
1825912912	-0.40	73.14	3.3	43.08	67.3	67.4	87.2
1827913913	-0.66	70.36	5.7	26.49	70.6	70.9	85.4
1829914914	-0.97	68.17	8.8	17.94	73.2	73.7	83.1
1831915915	-1.19	66.00	11.4	14.65	75.8	76.7	81.5
1833916916	-1.47	63.45	15.0	11.82	78.8	80.2	79.2
1835917917	-1.79	60.79	19.5	9.74	81.8	84.1	76.6
1837918918	-2.01	58.44	23.2	8.68	84.6	87.7	74.7
1839919919	-2.25	56.05	27.5	7.78	87.3	91.5	72.5
1841920920	-2.51	53.62	32.7	6.96	89.6	95.4	70.0
1843921921	-2.74	51.12	38.0	6.39	92.1	99.6	67.6
1845922922	-3.07	48.62	44.9	5.72	93.3	103.5	64.3
1847923923	-3.25	45.73	51.3	5.41	96.1	108.9	61.9
1849924924	-3.59	42.96	59.9	4.91	96.0	113.2	58.0
1851925925	-3.71	39.97	67.5	4.75	98.4	119.3	55.6
1853926926	-3.89	37.67	74.6	4.54	98.4	123.5	52.8
1855927927	-4.14	34.80	84.0	4.27	96.8	128.2	49.1
1857928928	-4.33	32.04	93.0	4.10	95.1	133.0	45.6
1859929929	-4.52	29.34	102.0	3.93	91.9	137.3	42.0
1861930930	-4.69	26.54	111.2	3.79	87.7	141.6	38.2
1863931931	-4.86	23.69	120.3	3.66	81.9	145.5	34.3
1865932932	-5.06	21.11	127.4	3.53	74.5	147.6	30.3
1867933933	-5.22	18.18	135.2	3.43	66.2	150.5	26.1
1869934934	-5.25	15.45	143.0	3.41	59.3	154.8	22.5
1871935935	-5.39	13.02	147.2	3.32	50.1	155.5	18.8
1873936936	-5.56	9.87	151.0	3.23	37.8	155.7	14.1
1875937937	-5.62	6.97	154.6	3.20	27.0	156.9	9.9
1877938938	-5.71	4.71	155.2	3.15	18.1	156.2	6.6
1879939939	-5.69	1.61	157.7	3.16	6.3	157.9	2.3
1881940940	-5.80	-1.32	155.1	3.11	-5.0	155.2	-1.8
1883941941	-5.99	-4.14	149.1	3.01	-14.4	149.8	-5.5
1885942942	-6.07	-6.86	144.7	2.98	-22.8	146.5	-9.0
1887943943	-6.08	-9.59	140.9	2.97	-30.9	144.2	-12.4
1889944944	-6.16	-12.16	135.3	2.94	-37.0	140.3	-15.3
1891945945	-6.18	-14.62	130.4	2.93	-42.5	137.1	-18.1
1893946946	-6.28	-17.46	123.4	2.88	-47.0	132.0	-20.8
1895947947	-6.34	-20.03	117.5	2.86	-50.6	127.9	-23.3
1897948948	-6.41	-22.91	110.9	2.83	-53.5	123.1	-25.8
1899949949	-6.51	-25.15	105.6	2.79	-54.6	118.9	-27.3
1901950950	-6.56	-27.77	100.1	2.77	-56.3	114.9	-29.3
1903951951	-6.70	-30.39	94.5	2.72	-56.3	110.0	-30.8
1905952952	-6.89	-33.69	88.0	2.65	-55.6	104.1	-32.3
1907953953	-7.02	-35.55	84.7	2.61	-54.8	100.8	-32.9
1909954954	-7.20	-37.42	81.4	2.55	-53.3	97.3	-33.2
1911955955	-7.52	-39.44	78.1	2.45	-50.7	93.1	-33.0
1913956956	-7.64	-40.53	76.5	2.42	-49.8	91.2	-33.1
1915957957	-7.93	-41.48	74.9	2.34	-47.5	88.7	-32.4
1917958958	-8.12	-42.11	74.0	2.29	-46.0	87.1	-31.9
1919959959	-8.28	-41.73	74.3	2.25	-44.7	86.7	-31.1
1921960960	-8.36	-40.63	75.4	2.24	-43.9	87.3	-30.2
1923961961	-8.21	-39.29	77.2	2.27	-44.8	89.3	-30.1
1925962962	-8.07	-38.27	78.8	2.31	-45.7	91.0	-30.1
1927963963	-7.84	-37.51	80.2	2.36	-47.4	93.1	-30.6
1929964964	-7.58	-37.38	80.8	2.43	-49.7	94.9	-31.6
1931965965	-7.28	-38.20	80.1	2.52	-52.7	95.9	-33.3
1933966966	-7.05	-38.90	79.3	2.60	-55.2	96.6	-34.8
1935967967	-6.79	-39.78	78.1	2.69	-57.8	97.2	-36.5
1937968968	-6.49	-40.78	76.5	2.80	-61.0	97.8	-38.6
1939969969	-6.25	-41.87	74.5	2.90	-63.5	97.9	-40.4
1941970970	-6.04	-43.27	71.9	2.99	-65.5	97.2	-42.3
1943971971	-5.83	-44.50	69.4	3.09	-67.3	96.7	-44.1
1945972972	-5.72	-45.54	67.4	3.15	-68.1	95.8	-45.3
1947973973	-5.52	-46.57	65.1	3.25	-69.6	95.3	-46.9
1949974974	-5.32	-47.87	62.3	3.36	-70.9	94.4	-48.7
1951975975	-5.17	-48.73	60.4	3.46	-71.8	93.8	-50.0
1953976976	-5.00	-50.55	56.9	3.57	-72.2	91.9	-51.8
1955977977	-4.91	-51.84	54.5	3.63	-72.0	90.3	-52.8
1957978978	-4.79	-52.80	52.6	3.72	-72.2	89.3	-54.0
1959979979	-4.64	-54.52	49.5	3.83	-72.0	87.3	-55.5
1961980980	-4.52	-55.34	47.7	3.93	-72.2	86.6	-56.5
1963981981	-4.41	-56.13	46.1	4.02	-72.3	85.7	-57.4
1965982982	-4.29	-57.43	43.9	4.13	-71.9	84.2	-58.6
1967983983	-4.13	-58.01	42.1	4.29	-72.4	83.8	-59.8
1969984984	-4.05	-59.02	40.5	4.37	-72.0	82.6	-60.6
1971985985	-3.99	-59.89	39.3	4.43	-71.4	81.5	-61.2
1973986986	-3.92	-60.97	37.8	4.50	-70.7	80.1	-61.9
1975987987	-3.76	-61.77	35.9	4.70	-70.8	79.4	-63.1
1977988988	-3.62	-62.43	34.3	4.87	-70.9	78.7	-64.2
1979989989	-3.63	-63.24	33.7	4.86	-70.0	77.6	-64.3
1981990990	-3.59	-63.96	32.8	4.91	-69.4	76.7	-64.7
1983991991	-3.45	-65.08	31.0	5.10	-68.8	75.5	-65.8
1985992992	-3.38	-65.89	29.9	5.20	-68.3	74.5	-66.4
1987993993	-3.28	-66.25	28.9	5.36	-68.4	74.2	-67.1
1989994994	-3.25	-66.66	28.4	5.40	-68.0	73.7	-67.3
1991995995	-3.16	-67.60	27.1	5.55	-67.4	72.6	-68.1
1993996996	-3.12	-68.09	26.5	5.63	-67.0	72.1	-68.4
1995997997	-3.07	-69.00	25.6	5.71	-66.2	71.0	-68.8
1997998998	-3.03	-69.67	24.9	5.79	-65.7	70.2	-69.2
1999999999	-2.95	-70.27	24.0	5.95	-65.3	69.6	-69.8
