1000000	-0.78	87.07	4.7	22.31	52.4	52.6	84.9
3001001	0.00	81.85	0.0	?	57.7	57.7	90.0
5002002	0.00	76.33	0.0	?	63.6	63.6	90.0
7003003	0.00	72.21	0.0	?	68.6	68.6	90.0
9004004	0.00	68.68	0.0	?	73.2	73.2	90.0
11005005	0.00	66.67	0.0	?	76.0	76.0	90.0
13006006	0.00	64.49	0.0	?	79.3	79.3	90.0
15007007	-0.12	61.68	1.3	148.35	83.7	83.7	89.1
17008008	-0.19	60.00	2.2	92.24	86.6	86.6	88.6
19009009	-0.29	58.27	3.6	58.93	89.6	89.7	87.7
21010010	-0.35	56.66	4.5	48.96	92.6	92.7	87.2
23011011	-0.41	55.10	5.5	42.26	95.6	95.8	86.7
25012012	-0.47	53.63	6.6	37.17	98.6	98.8	86.2
27013013	-0.51	52.19	7.5	34.35	101.6	101.9	85.8
29014014	-0.54	50.78	8.4	32.06	104.8	105.1	85.4
31015015	-0.57	49.53	9.3	30.37	107.7	108.1	85.0
33016016	-0.59	48.37	10.1	29.38	110.6	111.0	84.8
35017017	-0.60	47.23	10.7	28.83	113.5	114.0	84.6
37018018	-0.60	46.11	11.1	29.11	116.6	117.1	84.5
39019019	-0.59	44.97	11.5	29.45	119.9	120.4	84.5
41020020	-0.59	43.89	12.1	29.39	123.1	123.7	84.4
43021021	-0.59	42.78	12.7	29.44	126.5	127.2	84.3
45022022	-0.60	41.85	13.4	28.95	129.6	130.3	84.1
47023023	-0.61	40.87	14.3	28.44	132.8	133.6	83.9
49024024	-0.62	40.02	15.1	28.05	135.8	136.6	83.7
51025025	-0.63	39.17	16.0	27.59	138.9	139.8	83.4
53026026	-0.64	38.36	16.9	27.18	142.0	143.0	83.2
55027027	-0.66	37.57	18.2	26.24	145.0	146.1	82.9
57028028	-0.68	36.84	19.3	25.65	147.9	149.1	82.6
59029029	-0.69	36.11	20.3	25.22	150.9	152.3	82.3
61030030	-0.72	35.45	22.0	24.15	153.6	155.1	81.9
63031031	-0.75	34.76	23.8	23.14	156.5	158.3	81.4
65032032	-0.78	34.12	25.7	22.15	159.1	161.2	80.8
67033033	-0.83	33.44	28.0	21.03	162.0	164.4	80.2
69034034	-0.86	32.78	30.3	20.14	164.9	167.6	79.6
71035035	-0.92	32.08	33.4	18.99	167.8	171.1	78.8
73036036	-0.97	31.33	36.9	17.88	171.0	174.9	77.8
75037037	-1.02	30.66	40.2	17.00	173.8	178.4	77.0
77038038	-1.09	29.92	44.4	16.02	176.8	182.3	75.9
79039039	-1.15	29.15	49.2	15.08	179.8	186.4	74.7
81040040	-1.22	28.37	54.2	14.25	182.7	190.6	73.5
83041041	-1.31	27.62	60.4	13.30	185.0	194.6	71.9
85042042	-1.39	26.90	66.5	12.49	186.8	198.3	70.4
87043043	-1.48	26.17	73.1	11.77	188.4	202.1	68.8
89044044	-1.53	25.43	78.8	11.36	190.8	206.4	67.5
91045045	-1.60	24.42	87.2	10.86	194.0	212.7	65.8
93046046	-1.68	23.46	96.1	10.35	196.1	218.4	63.9
95047047	-1.77	22.54	105.6	9.83	197.0	223.5	61.8
97048048	-1.85	21.65	115.1	9.42	197.6	228.7	59.8
99049049	-1.91	20.61	125.7	9.12	199.2	235.5	57.8
101050050	-1.97	19.52	137.5	8.83	200.3	242.9	55.5
103051051	-2.04	18.29	151.5	8.55	200.4	251.3	52.9
105052052	-2.12	16.96	167.8	8.25	198.9	260.3	49.8
107053053	-2.19	15.67	184.3	7.97	195.3	268.5	46.7
109054054	-2.27	14.41	200.8	7.71	189.5	276.1	43.3
111055055	-2.33	13.05	218.8	7.50	182.0	284.6	39.8
113056056	-2.40	11.69	236.6	7.29	171.3	292.1	35.9
115057057	-2.46	10.30	253.9	7.10	157.9	299.0	31.9
117058058	-2.51	8.81	271.8	6.96	141.9	306.6	27.6
119059059	-2.57	7.25	287.8	6.80	120.8	312.1	22.8
121060060	-2.62	5.73	301.2	6.68	98.2	316.8	18.0
123061061	-2.66	4.08	311.9	6.57	71.3	319.9	12.9
125062062	-2.71	2.42	317.6	6.47	42.3	320.4	7.6
127063063	-2.76	0.78	316.7	6.35	13.3	317.0	2.4
129064064	-2.79	-0.88	313.0	6.27	-14.8	313.3	-2.7
131065065	-2.82	-2.63	305.2	6.22	-42.4	308.1	-7.9
133066066	-2.84	-4.31	293.2	6.17	-66.2	300.6	-12.7
135067067	-2.84	-6.11	279.4	6.18	-89.6	293.4	-17.8
137068068	-2.84	-7.93	262.2	6.18	-108.8	283.9	-22.5
139069069	-2.83	-9.86	242.6	6.19	-125.1	273.0	-27.3
141070070	-2.82	-11.89	221.5	6.22	-138.2	261.0	-32.0
143071071	-2.80	-13.86	201.1	6.25	-146.8	249.0	-36.1
145072072	-2.79	-15.89	181.0	6.28	-151.6	236.1	-40.0
147073073	-2.76	-18.06	161.3	6.34	-154.5	223.3	-43.8
149074074	-2.74	-20.20	143.6	6.38	-154.4	210.9	-47.1
151075075	-2.72	-22.37	127.6	6.45	-152.8	199.1	-50.1
153076076	-2.68	-24.61	112.9	6.53	-150.0	187.7	-53.0
155077077	-2.64	-26.84	100.1	6.62	-146.2	177.2	-55.6
157078078	-2.60	-29.14	88.5	6.73	-141.8	167.1	-58.0
159079079	-2.58	-31.51	78.6	6.78	-136.1	157.2	-60.0
161080080	-2.56	-33.93	69.8	6.85	-130.5	148.0	-61.9
163081081	-2.53	-36.33	62.3	6.91	-124.9	139.6	-63.5
165082082	-2.51	-38.60	56.2	6.97	-119.8	132.3	-64.9
167083083	-2.48	-40.93	50.7	7.04	-114.7	125.4	-66.1
169084084	-2.44	-43.21	45.8	7.16	-110.1	119.2	-67.4
171085085	-2.40	-45.52	41.5	7.27	-105.6	113.5	-68.6
173086086	-2.35	-47.90	37.4	7.43	-101.2	107.9	-69.7
175087087	-2.29	-50.42	33.6	7.61	-96.8	102.5	-70.9
177088088	-2.24	-52.98	30.2	7.80	-92.6	97.4	-71.9
179089089	-2.20	-55.74	27.2	7.95	-88.1	92.2	-72.8
181090090	-2.17	-58.58	24.7	8.05	-83.7	87.2	-73.5
183091091	-2.15	-61.42	22.6	8.12	-79.5	82.6	-74.1
185092092	-2.12	-64.30	20.6	8.25	-75.6	78.3	-74.7
187093093	-2.08	-67.45	18.8	8.37	-71.5	74.0	-75.3
189094094	-2.06	-70.76	17.1	8.47	-67.6	69.7	-75.8
191095095	-2.06	-74.29	15.8	8.47	-63.5	65.5	-76.0
193096096	-2.06	-78.14	14.5	8.49	-59.5	61.2	-76.3
195097097	-2.05	-82.25	13.3	8.52	-55.5	57.1	-76.5
197098098	-2.05	-86.97	12.2	8.52	-51.2	52.6	-76.6
199099099	-2.08	-92.57	11.3	8.40	-46.5	47.9	-76.4
201100100	-2.18	-98.72	10.7	8.02	-41.8	43.1	-75.6
203101101	-2.31	-105.43	10.4	7.55	-37.0	38.4	-74.4
205102102	-2.52	-113.28	10.2	6.95	-32.0	33.5	-72.3
207103103	-2.80	-121.76	10.4	6.26	-26.9	28.9	-68.9
209104104	-3.17	-131.34	10.8	5.54	-21.7	24.3	-63.6
211105105	-3.67	-142.16	11.6	4.80	-16.3	20.0	-54.7
213106106	-4.39	-154.25	13.0	4.04	-10.7	16.8	-39.5
215107107	-5.35	-167.32	15.1	3.35	-5.1	15.9	-18.5
217108108	-6.55	178.43	18.0	2.77	0.6	18.0	1.9
219109109	-7.82	162.84	21.5	2.37	6.2	22.4	16.0
221110110	-8.99	146.27	25.5	2.10	11.5	27.9	24.3
223111111	-9.62	129.35	29.1	1.99	16.7	33.6	29.9
225112112	-9.63	112.58	32.7	1.98	22.4	39.6	34.4
227113113	-8.89	97.53	35.6	2.12	29.1	46.0	39.3
229114114	-7.66	83.51	38.4	2.41	38.2	54.2	44.8
231115115	-6.42	69.28	43.4	2.83	50.2	66.3	49.2
233116116	-5.33	56.60	50.7	3.36	64.8	82.3	52.0
235117117	-4.50	45.62	61.8	3.95	81.6	102.4	52.8
237118118	-3.88	36.02	78.9	4.55	100.4	127.7	51.8
239119119	-3.42	27.65	104.8	5.15	120.5	159.7	49.0
241120120	-3.09	20.45	143.1	5.67	137.4	198.3	43.8
243121121	-2.82	14.10	198.3	6.21	146.1	246.3	36.4
245122122	-2.59	8.32	273.7	6.76	130.9	303.4	25.6
247123123	-2.42	2.85	350.7	7.24	61.8	356.1	10.0
249124124	-2.28	-2.19	374.9	7.66	-53.8	378.8	-8.2
251125125	-2.20	-6.90	323.7	7.92	-151.6	357.5	-25.1
253126126	-2.16	-11.33	248.4	8.08	-194.3	315.3	-38.0
255127127	-2.10	-15.37	187.4	8.31	-203.3	276.5	-47.3
257128128	-2.08	-19.14	143.8	8.39	-194.9	242.2	-53.6
259129129	-2.03	-22.59	113.3	8.58	-184.2	216.2	-58.4
261130130	-1.99	-26.05	90.3	8.77	-171.7	193.9	-62.3
263131131	-1.96	-29.30	74.0	8.92	-159.5	175.9	-65.1
265132132	-1.92	-32.45	61.6	9.10	-148.5	160.8	-67.5
267133133	-1.87	-35.46	52.0	9.32	-138.9	148.4	-69.5
269134134	-1.80	-38.34	44.1	9.66	-130.7	137.9	-71.4
271135135	-1.76	-41.22	38.0	9.92	-122.8	128.5	-72.8
273136136	-1.70	-43.96	32.8	10.28	-116.0	120.5	-74.2
275137137	-1.64	-46.63	28.7	10.62	-109.7	113.4	-75.4
277138138	-1.59	-49.25	25.3	10.97	-104.1	107.1	-76.4
279139139	-1.55	-51.75	22.6	11.24	-98.9	101.5	-77.1
281140140	-1.51	-54.11	20.3	11.57	-94.5	96.6	-77.9
283141141	-1.44	-56.52	18.1	12.05	-90.2	92.0	-78.7
285142142	-1.39	-58.74	16.2	12.55	-86.5	88.1	-79.4
287143143	-1.32	-60.94	14.5	13.17	-83.1	84.4	-80.1
289144144	-1.27	-63.14	13.1	13.70	-79.8	80.9	-80.7
291145145	-1.20	-65.25	11.8	14.44	-76.8	77.7	-81.3
293146146	-1.15	-67.33	10.7	15.11	-74.0	74.8	-81.8
295147147	-1.11	-69.39	9.8	15.65	-71.3	72.0	-82.2
297148148	-1.07	-71.45	8.9	16.29	-68.8	69.3	-82.6
299149149	-1.03	-73.39	8.3	16.82	-66.4	66.9	-82.9
301150150	-0.99	-75.17	7.6	17.55	-64.4	64.8	-83.3
303151151	-0.97	-77.02	7.2	17.89	-62.3	62.7	-83.4
305152152	-0.95	-78.81	6.8	18.30	-60.4	60.8	-83.6
307153153	-0.94	-80.54	6.5	18.47	-58.6	59.0	-83.7
309154154	-0.93	-82.27	6.2	18.61	-56.9	57.2	-83.8
311155155	-0.93	-83.93	5.9	18.76	-55.2	55.6	-83.9
313156156	-0.93	-85.56	5.8	18.67	-53.7	54.0	-83.8
315157157	-0.94	-87.16	5.6	18.58	-52.2	52.5	-83.8
317158158	-0.94	-88.58	5.5	18.43	-50.9	51.2	-83.8
319159159	-0.93	-90.00	5.4	18.63	-49.7	50.0	-83.9
321160160	-0.93	-91.40	5.2	18.66	-48.5	48.8	-83.9
323161161	-0.91	-92.84	5.0	19.08	-47.3	47.6	-84.0
325162162	-0.92	-94.27	4.9	18.95	-46.2	46.4	-83.9
327163163	-0.92	-95.68	4.8	18.98	-45.0	45.3	-83.9
329164164	-0.89	-97.13	4.6	19.45	-43.9	44.2	-84.1
331165165	-0.87	-98.57	4.4	19.90	-42.8	43.1	-84.2
333166166	-0.87	-100.13	4.2	20.09	-41.7	41.9	-84.2
335167167	-0.85	-101.63	4.1	20.36	-40.6	40.8	-84.3
337168168	-0.86	-103.16	4.0	20.14	-39.5	39.7	-84.2
339169169	-0.87	-104.74	4.0	20.09	-38.4	38.6	-84.1
341170170	-0.87	-106.37	3.9	19.93	-37.3	37.5	-84.0
343171171	-0.88	-107.99	3.9	19.76	-36.2	36.4	-83.9
345172172	-0.89	-109.53	3.8	19.57	-35.2	35.4	-83.8
347173173	-0.90	-111.05	3.8	19.31	-34.2	34.4	-83.6
349174174	-0.90	-112.64	3.8	19.23	-33.2	33.4	-83.6
351175175	-0.91	-114.26	3.7	19.14	-32.2	32.4	-83.4
353176176	-0.92	-115.85	3.7	18.91	-31.2	31.4	-83.3
355177177	-0.93	-117.34	3.7	18.62	-30.3	30.5	-83.1
357178178	-0.94	-118.90	3.6	18.48	-29.4	29.6	-82.9
359179179	-0.95	-120.46	3.6	18.35	-28.5	28.7	-82.8
361180180	-0.95	-122.10	3.6	18.26	-27.6	27.8	-82.6
363181181	-0.96	-123.63	3.5	18.14	-26.7	26.9	-82.4
365182182	-0.97	-125.15	3.6	17.84	-25.8	26.1	-82.2
367183183	-0.97	-126.73	3.5	17.86	-25.0	25.2	-82.0
369184184	-0.97	-128.24	3.4	17.93	-24.2	24.4	-81.9
371185185	-0.96	-129.73	3.4	18.11	-23.4	23.6	-81.8
373186186	-0.96	-131.23	3.3	18.10	-22.6	22.8	-81.6
375187187	-0.96	-132.72	3.3	18.07	-21.8	22.1	-81.4
377188188	-0.95	-134.16	3.2	18.26	-21.1	21.3	-81.3
379189189	-0.95	-135.57	3.2	18.31	-20.3	20.6	-81.1
381190190	-0.94	-136.98	3.1	18.51	-19.6	19.9	-81.0
383191191	-0.93	-138.37	3.0	18.76	-18.9	19.2	-80.9
385192192	-0.92	-139.78	3.0	18.96	-18.3	18.5	-80.7
387193193	-0.90	-141.14	2.9	19.28	-17.6	17.8	-80.6
389194194	-0.89	-142.46	2.9	19.45	-16.9	17.2	-80.4
391195195	-0.88	-143.72	2.8	19.68	-16.3	16.6	-80.2
393196196	-0.87	-144.98	2.8	19.96	-15.7	16.0	-80.1
395197197	-0.86	-146.21	2.7	20.12	-15.1	15.4	-79.8
397198198	-0.85	-147.50	2.6	20.50	-14.5	14.8	-79.7
399199199	-0.84	-148.67	2.6	20.77	-14.0	14.2	-79.5
401200200	-0.83	-149.85	2.6	20.98	-13.4	13.7	-79.2
403201201	-0.82	-150.97	2.5	21.28	-12.9	13.2	-79.0
405202202	-0.81	-152.14	2.5	21.45	-12.4	12.6	-78.7
407203203	-0.81	-153.27	2.5	21.56	-11.9	12.1	-78.3
409204204	-0.79	-154.34	2.4	22.03	-11.4	11.6	-78.1
411205205	-0.79	-155.39	2.4	22.14	-10.9	11.1	-77.7
413206206	-0.79	-156.44	2.4	22.13	-10.4	10.7	-77.2
415207207	-0.78	-157.44	2.3	22.18	-9.9	10.2	-76.7
417208208	-0.79	-158.40	2.3	22.10	-9.5	9.8	-76.2
419209209	-0.79	-159.39	2.3	22.01	-9.1	9.4	-75.5
421210210	-0.80	-160.38	2.4	21.71	-8.6	8.9	-74.6
423211211	-0.80	-161.34	2.4	21.63	-8.2	8.5	-73.8
425212212	-0.81	-162.23	2.4	21.40	-7.8	8.2	-72.9
427213213	-0.82	-163.20	2.4	21.10	-7.4	7.8	-71.8
429214214	-0.84	-164.09	2.5	20.59	-7.0	7.4	-70.4
431215215	-0.85	-165.04	2.5	20.35	-6.5	7.0	-69.1
433216216	-0.88	-165.91	2.6	19.85	-6.2	6.7	-67.5
435217217	-0.90	-166.82	2.6	19.41	-5.8	6.3	-65.6
437218218	-0.92	-167.69	2.7	18.98	-5.4	6.0	-63.6
439219219	-0.94	-168.62	2.7	18.57	-5.0	5.7	-61.3
441220220	-0.96	-169.50	2.8	18.13	-4.6	5.4	-58.7
443221221	-0.99	-170.38	2.9	17.63	-4.2	5.1	-55.7
445222222	-1.01	-171.28	2.9	17.22	-3.8	4.8	-52.5
447223223	-1.04	-172.14	3.0	16.71	-3.4	4.6	-48.7
449224224	-1.07	-173.08	3.1	16.29	-3.0	4.3	-44.4
451225225	-1.10	-174.02	3.2	15.86	-2.6	4.1	-39.5
453226226	-1.12	-174.90	3.2	15.47	-2.2	3.9	-34.4
455227227	-1.16	-175.79	3.3	15.03	-1.8	3.8	-28.8
457228228	-1.19	-176.74	3.4	14.64	-1.4	3.7	-22.5
459229229	-1.22	-177.70	3.5	14.29	-1.0	3.6	-15.9
461230230	-1.24	-178.67	3.6	13.99	-0.6	3.6	-9.2
463231231	-1.27	-179.64	3.7	13.66	-0.2	3.7	-2.4
465232232	-1.30	179.42	3.7	13.44	0.3	3.7	3.9
467233233	-1.33	178.48	3.8	13.13	0.7	3.9	9.8
469234234	-1.35	177.46	3.9	12.87	1.1	4.0	15.9
471235235	-1.38	176.46	4.0	12.66	1.5	4.2	21.2
473236236	-1.40	175.44	4.0	12.47	2.0	4.5	26.2
475237237	-1.41	174.43	4.1	12.37	2.4	4.7	30.8
477238238	-1.44	173.47	4.1	12.11	2.8	5.0	34.4
479239239	-1.45	172.41	4.2	12.03	3.3	5.3	38.3
481240240	-1.47	171.42	4.2	11.85	3.7	5.6	41.3
483241241	-1.48	170.33	4.3	11.79	4.2	6.0	44.5
485242242	-1.49	169.31	4.3	11.72	4.6	6.3	47.2
487243243	-1.50	168.25	4.3	11.62	5.1	6.7	49.6
489244244	-1.50	167.22	4.4	11.59	5.6	7.1	51.8
491245245	-1.51	166.16	4.4	11.52	6.0	7.5	53.8
493246246	-1.52	165.13	4.4	11.46	6.5	7.9	55.6
495247247	-1.53	164.09	4.5	11.37	6.9	8.3	57.1
497248248	-1.53	163.07	4.5	11.37	7.4	8.6	58.7
499249249	-1.52	162.00	4.5	11.43	7.9	9.0	60.3
501250250	-1.51	160.94	4.5	11.54	8.3	9.4	61.9
503251251	-1.50	159.82	4.5	11.59	8.8	9.9	63.2
505252252	-1.50	158.81	4.5	11.59	9.3	10.3	64.3
507253253	-1.50	157.75	4.5	11.60	9.8	10.7	65.4
509254254	-1.50	156.74	4.5	11.64	10.2	11.1	66.3
511255255	-1.50	155.62	4.5	11.62	10.7	11.6	67.2
513256256	-1.49	154.52	4.5	11.71	11.2	12.1	68.2
515257257	-1.48	153.47	4.5	11.76	11.7	12.5	69.0
517258258	-1.47	152.44	4.5	11.85	12.2	13.0	69.8
519259259	-1.47	151.38	4.5	11.86	12.7	13.4	70.5
521260260	-1.47	150.32	4.5	11.87	13.1	13.9	71.1
523261261	-1.46	149.25	4.5	11.96	13.6	14.4	71.8
525262262	-1.46	148.17	4.5	11.92	14.1	14.9	72.2
527263263	-1.45	147.10	4.5	12.01	14.7	15.3	72.8
529264264	-1.45	145.98	4.5	12.02	15.2	15.8	73.3
531265265	-1.45	144.85	4.6	12.04	15.7	16.4	73.8
533266266	-1.44	143.70	4.6	12.07	16.3	16.9	74.3
535267267	-1.45	142.67	4.6	12.02	16.8	17.4	74.6
537268268	-1.44	141.54	4.6	12.06	17.3	17.9	75.0
539269269	-1.44	140.44	4.7	12.08	17.8	18.4	75.3
541270270	-1.45	139.29	4.7	12.04	18.4	19.0	75.6
543271271	-1.45	138.16	4.8	12.03	19.0	19.6	75.9
545272272	-1.47	137.05	4.9	11.87	19.5	20.1	76.0
547273273	-1.47	135.77	4.9	11.88	20.1	20.7	76.3
549274274	-1.48	134.57	5.0	11.76	20.8	21.3	76.5
551275275	-1.49	133.37	5.1	11.72	21.4	22.0	76.7
553276276	-1.51	132.11	5.2	11.55	22.0	22.6	76.8
555277277	-1.53	130.84	5.3	11.40	22.7	23.3	76.8
557278278	-1.55	129.61	5.4	11.25	23.3	23.9	76.9
559279279	-1.56	128.30	5.5	11.20	24.0	24.6	77.1
561280280	-1.57	126.99	5.6	11.06	24.7	25.3	77.1
563281281	-1.60	125.62	5.8	10.88	25.4	26.1	77.2
565282282	-1.63	124.28	6.0	10.71	26.1	26.8	77.2
567283283	-1.66	123.02	6.2	10.49	26.8	27.5	77.1
569284284	-1.70	121.68	6.4	10.22	27.6	28.3	76.9
571285285	-1.72	120.27	6.6	10.11	28.3	29.1	77.0
573286286	-1.77	118.89	6.8	9.84	29.1	29.9	76.8
575287287	-1.81	117.49	7.1	9.64	29.9	30.7	76.7
577288288	-1.85	116.08	7.4	9.40	30.7	31.6	76.5
579289289	-1.90	114.63	7.7	9.18	31.5	32.5	76.4
581290290	-1.96	113.16	8.0	8.92	32.4	33.4	76.1
583291291	-2.00	111.85	8.3	8.73	33.2	34.2	76.0
585292292	-2.06	110.41	8.7	8.45	34.0	35.1	75.6
587293293	-2.13	109.00	9.2	8.18	34.9	36.0	75.3
589294294	-2.19	107.54	9.5	7.99	35.8	37.0	75.1
591295295	-2.26	106.15	10.0	7.75	36.6	37.9	74.7
593296296	-2.33	104.84	10.5	7.50	37.4	38.8	74.3
595297297	-2.41	103.68	11.0	7.25	38.1	39.7	73.8
597298298	-2.49	102.65	11.5	7.03	38.7	40.4	73.4
599299299	-2.57	101.64	12.0	6.81	39.3	41.1	73.0
601300300	-2.65	100.66	12.6	6.62	39.9	41.8	72.5
603301301	-2.71	99.89	13.0	6.46	40.3	42.4	72.1
605302302	-2.76	99.17	13.3	6.36	40.8	42.9	71.9
607303303	-2.79	98.64	13.6	6.29	41.1	43.3	71.7
609304304	-2.79	98.07	13.7	6.27	41.5	43.7	71.7
611305305	-2.79	97.52	13.8	6.29	41.9	44.1	71.8
613306306	-2.76	96.99	13.8	6.34	42.3	44.5	71.9
615307307	-2.69	96.37	13.6	6.51	42.9	45.0	72.4
617308308	-2.63	95.60	13.4	6.66	43.5	45.5	72.8
619309309	-2.56	94.87	13.2	6.84	44.1	46.1	73.3
621310310	-2.47	93.99	13.0	7.07	44.9	46.8	73.9
623311311	-2.40	92.99	12.8	7.30	45.8	47.6	74.4
625312312	-2.33	91.94	12.7	7.49	46.7	48.4	74.8
627313313	-2.25	90.86	12.5	7.76	47.7	49.3	75.3
629314314	-2.18	89.68	12.4	8.00	48.7	50.3	75.8
631315315	-2.12	88.60	12.3	8.23	49.7	51.2	76.1
633316316	-2.05	87.62	12.1	8.52	50.6	52.1	76.6
635317317	-2.00	86.46	12.0	8.74	51.7	53.1	76.9
637318318	-1.94	85.41	11.9	9.01	52.7	54.1	77.3
639319319	-1.86	84.16	11.7	9.37	54.0	55.2	77.8
641320320	-1.80	82.95	11.6	9.66	55.2	56.4	78.1
643321321	-1.78	81.94	11.7	9.80	56.2	57.4	78.2
645322322	-1.71	80.69	11.5	10.21	57.5	58.7	78.7
647323323	-1.68	79.59	11.6	10.37	58.7	59.8	78.8
649324324	-1.64	78.43	11.6	10.62	59.9	61.1	79.0
651325325	-1.61	77.32	11.7	10.83	61.2	62.3	79.2
653326326	-1.59	76.18	11.8	10.96	62.4	63.5	79.3
655327327	-1.56	74.93	12.0	11.14	63.8	65.0	79.4
657328328	-1.54	73.73	12.1	11.28	65.2	66.4	79.5
659329329	-1.55	72.50	12.6	11.22	66.7	67.8	79.3
661330330	-1.53	70.90	12.9	11.36	68.6	69.8	79.4
663331331	-1.52	69.68	13.2	11.45	70.2	71.4	79.4
665332332	-1.53	68.48	13.6	11.40	71.7	73.0	79.2
667333333	-1.54	67.29	14.2	11.29	73.2	74.6	79.0
669334334	-1.55	65.93	14.8	11.23	75.1	76.5	78.9
671335335	-1.57	64.74	15.4	11.09	76.7	78.2	78.6
673336336	-1.57	63.47	16.0	11.08	78.5	80.1	78.5
675337337	-1.60	62.19	16.9	10.86	80.3	82.1	78.1
677338338	-1.64	60.94	17.8	10.62	82.1	84.0	77.7
679339339	-1.68	59.57	19.0	10.34	84.1	86.3	77.2
681340340	-1.71	58.38	20.0	10.21	86.0	88.3	76.9
683341341	-1.77	57.11	21.4	9.88	87.9	90.5	76.3
685342342	-1.80	55.65	22.9	9.66	90.3	93.1	75.8
687343343	-1.84	54.27	24.4	9.45	92.5	95.7	75.2
689344344	-1.90	52.99	26.1	9.17	94.6	98.1	74.6
691345345	-1.94	51.49	28.0	8.97	97.2	101.2	73.9
693346346	-2.00	49.94	30.3	8.73	99.9	104.4	73.1
695347347	-2.05	48.33	32.9	8.49	102.8	107.9	72.3
697348348	-2.09	46.73	35.4	8.34	105.9	111.7	71.5
699349349	-2.16	45.08	38.6	8.09	109.0	115.6	70.5
701350350	-2.22	43.45	42.2	7.85	112.0	119.7	69.4
703351351	-2.27	41.84	45.7	7.69	115.3	124.0	68.4
705352352	-2.32	39.98	50.1	7.54	119.2	129.3	67.2
707353353	-2.35	38.32	54.3	7.43	122.9	134.3	66.2
709354354	-2.40	36.40	60.0	7.27	127.0	140.4	64.7
711355355	-2.44	34.41	66.3	7.16	131.6	147.3	63.3
713356356	-2.49	32.52	73.3	7.03	135.7	154.2	61.6
715357357	-2.55	30.65	81.3	6.86	139.2	161.2	59.7
717358358	-2.57	28.76	89.7	6.80	143.5	169.3	58.0
719359359	-2.62	26.93	99.2	6.69	146.9	177.2	56.0
721360360	-2.66	24.88	110.9	6.59	150.4	186.9	53.6
723361361	-2.68	22.93	123.3	6.54	153.5	197.0	51.2
725362362	-2.70	20.76	138.9	6.49	156.1	209.0	48.3
727363363	-2.71	18.68	155.9	6.45	157.2	221.4	45.2
729364364	-2.74	16.53	175.3	6.40	155.6	234.4	41.6
731365365	-2.76	14.48	195.4	6.34	151.1	247.0	37.7
733366366	-2.78	12.38	217.3	6.30	143.0	260.1	33.3
735367367	-2.79	10.35	239.2	6.28	131.4	272.9	28.8
737368368	-2.79	8.19	262.4	6.28	114.3	286.2	23.5
739369369	-2.79	6.01	284.0	6.28	91.0	298.2	17.8
741370370	-2.82	3.86	297.9	6.21	60.7	304.1	11.5
743371371	-2.82	1.71	308.2	6.22	27.9	309.5	5.2
745372372	-2.84	-0.45	308.9	6.18	-7.2	309.0	-1.3
747373373	-2.86	-2.59	301.1	6.13	-40.6	303.8	-7.7
749374374	-2.86	-4.83	288.1	6.14	-72.5	297.1	-14.1
751375375	-2.88	-6.88	269.3	6.08	-95.4	285.7	-19.5
753376376	-2.90	-8.92	249.0	6.05	-113.6	273.7	-24.5
755377377	-2.91	-11.13	226.1	6.02	-127.8	259.7	-29.5
757378378	-2.95	-13.19	204.6	5.95	-134.9	245.1	-33.4
759379379	-2.97	-15.22	185.2	5.90	-139.3	231.7	-37.0
761380380	-3.00	-17.39	166.3	5.86	-141.3	218.2	-40.4
763381381	-3.04	-19.35	150.9	5.77	-139.8	205.7	-42.8
765382382	-3.08	-21.52	135.9	5.69	-137.5	193.3	-45.3
767383383	-3.12	-23.51	123.8	5.63	-134.7	182.9	-47.4
769384384	-3.19	-25.55	113.1	5.51	-130.0	172.3	-49.0
771385385	-3.26	-27.60	103.8	5.39	-125.2	162.7	-50.3
773386386	-3.35	-29.50	96.5	5.24	-120.0	154.0	-51.2
775387387	-3.44	-31.52	89.6	5.11	-115.1	145.8	-52.1
777388388	-3.54	-33.30	84.3	4.98	-110.6	139.1	-52.7
779389389	-3.65	-35.09	79.7	4.83	-105.9	132.6	-53.0
781390390	-3.77	-36.77	76.0	4.67	-101.5	126.8	-53.2
783391391	-3.88	-38.42	72.6	4.55	-97.7	121.7	-53.4
785392392	-4.00	-39.86	70.1	4.42	-94.2	117.4	-53.3
787393393	-4.13	-41.23	68.0	4.29	-90.8	113.4	-53.2
789394394	-4.22	-42.46	66.0	4.19	-88.2	110.2	-53.2
791395395	-4.31	-43.57	64.4	4.11	-85.9	107.4	-53.1
793396396	-4.39	-44.42	63.3	4.04	-84.0	105.2	-53.0
795397397	-4.44	-45.43	61.8	4.00	-82.5	103.1	-53.2
797398398	-4.45	-46.14	60.6	3.99	-81.7	101.7	-53.4
799399399	-4.41	-46.79	59.3	4.02	-81.5	100.8	-54.0
801400400	-4.32	-47.45	57.6	4.10	-81.8	100.1	-54.9
803401401	-4.20	-48.31	55.3	4.22	-82.2	99.1	-56.1
805402402	-4.02	-49.39	52.3	4.40	-82.9	98.0	-57.7
807403403	-3.82	-50.99	48.5	4.62	-82.8	96.0	-59.7
809404404	-3.62	-52.95	44.1	4.87	-82.2	93.3	-61.8
811405405	-3.42	-55.10	39.9	5.15	-81.0	90.3	-63.8
813406406	-3.23	-57.71	35.5	5.44	-78.9	86.5	-65.8
815407407	-3.10	-60.61	31.8	5.66	-75.9	82.3	-67.3
817408408	-2.96	-63.41	28.4	5.92	-73.2	78.5	-68.8
819409409	-2.87	-66.33	25.8	6.10	-70.0	74.6	-69.8
821410410	-2.80	-69.43	23.4	6.25	-66.8	70.7	-70.7
823411411	-2.74	-72.59	21.4	6.39	-63.5	67.0	-71.4
825412412	-2.71	-75.64	19.8	6.47	-60.5	63.6	-71.9
827413413	-2.66	-78.57	18.3	6.58	-57.7	60.6	-72.4
829414414	-2.66	-81.54	17.3	6.58	-54.9	57.6	-72.5
831415415	-2.64	-84.39	16.3	6.62	-52.4	54.9	-72.8
833416416	-2.65	-87.12	15.5	6.61	-50.1	52.5	-72.8
835417417	-2.63	-89.91	14.7	6.65	-47.9	50.1	-72.9
837418418	-2.65	-92.55	14.2	6.60	-45.8	47.9	-72.8
839419419	-2.66	-95.08	13.7	6.59	-43.9	45.9	-72.7
841420420	-2.64	-97.58	13.1	6.63	-42.1	44.1	-72.7
843421421	-2.64	-99.98	12.7	6.62	-40.4	42.3	-72.6
845422422	-2.65	-102.32	12.3	6.61	-38.8	40.7	-72.4
847423423	-2.66	-104.48	12.0	6.57	-37.3	39.2	-72.2
849424424	-2.68	-106.60	11.8	6.53	-35.9	37.8	-71.9
851425425	-2.67	-108.82	11.4	6.55	-34.5	36.4	-71.7
853426426	-2.68	-110.95	11.2	6.53	-33.2	35.0	-71.4
855427427	-2.69	-112.92	10.9	6.51	-32.0	33.8	-71.1
857428428	-2.72	-114.91	10.8	6.43	-30.8	32.7	-70.6
859429429	-2.74	-116.79	10.7	6.40	-29.7	31.6	-70.2
861430430	-2.76	-118.72	10.5	6.35	-28.6	30.5	-69.8
863431431	-2.77	-120.63	10.4	6.33	-27.6	29.5	-69.4
865432432	-2.77	-122.46	10.2	6.32	-26.6	28.5	-69.0
867433433	-2.80	-124.27	10.2	6.25	-25.6	27.5	-68.3
869434434	-2.84	-126.09	10.1	6.18	-24.6	26.6	-67.6
871435435	-2.86	-127.88	10.0	6.13	-23.7	25.7	-67.0
873436436	-2.88	-129.63	10.0	6.08	-22.7	24.8	-66.3
875437437	-2.91	-131.42	9.9	6.02	-21.8	24.0	-65.5
877438438	-2.94	-133.19	9.9	5.97	-20.9	23.1	-64.7
879439439	-2.97	-134.91	9.9	5.91	-20.1	22.4	-63.8
881440440	-3.00	-136.62	9.9	5.84	-19.2	21.6	-62.8
883441441	-3.02	-138.39	9.8	5.82	-18.4	20.8	-61.9
885442442	-3.03	-140.05	9.7	5.79	-17.6	20.1	-61.0
887443443	-3.05	-141.70	9.7	5.76	-16.8	19.4	-60.0
889444444	-3.06	-143.46	9.6	5.74	-16.0	18.6	-58.9
891445445	-3.06	-145.20	9.5	5.74	-15.1	17.9	-57.8
893446446	-3.07	-146.94	9.5	5.73	-14.3	17.2	-56.6
895447447	-3.07	-148.66	9.4	5.71	-13.6	16.5	-55.2
897448448	-3.09	-150.32	9.4	5.69	-12.8	15.9	-53.8
899449449	-3.08	-152.09	9.3	5.69	-12.0	15.2	-52.2
901450450	-3.07	-153.73	9.2	5.71	-11.3	14.6	-50.8
903451451	-3.07	-155.48	9.1	5.72	-10.5	13.9	-49.0
905452452	-3.04	-157.21	9.0	5.76	-9.8	13.3	-47.3
907453453	-3.02	-158.82	8.9	5.80	-9.1	12.7	-45.5
909454454	-3.00	-160.43	8.8	5.85	-8.4	12.1	-43.6
911455455	-2.98	-162.07	8.7	5.90	-7.7	11.6	-41.4
913456456	-2.93	-163.66	8.5	5.98	-7.0	11.0	-39.3
915457457	-2.89	-165.28	8.4	6.07	-6.3	10.5	-36.9
917458458	-2.85	-166.82	8.2	6.14	-5.6	10.0	-34.3
919459459	-2.81	-168.35	8.1	6.23	-5.0	9.5	-31.5
921460460	-2.77	-169.85	8.0	6.32	-4.3	9.1	-28.5
923461461	-2.72	-171.32	7.8	6.44	-3.7	8.6	-25.4
925462462	-2.66	-172.77	7.6	6.57	-3.1	8.2	-22.0
927463463	-2.61	-174.18	7.5	6.72	-2.5	7.9	-18.4
929464464	-2.56	-175.60	7.3	6.85	-1.9	7.6	-14.4
931465465	-2.50	-176.98	7.1	7.00	-1.3	7.3	-10.2
933466466	-2.44	-178.32	7.0	7.16	-0.7	7.0	-5.9
935467467	-2.38	-179.63	6.8	7.34	-0.2	6.8	-1.3
937468468	-2.31	179.13	6.6	7.55	0.4	6.6	3.2
939469469	-2.26	177.84	6.5	7.74	0.9	6.5	8.2
941470470	-2.20	176.60	6.3	7.94	1.5	6.5	13.0
943471471	-2.14	175.42	6.1	8.16	2.0	6.4	17.8
945472472	-2.07	174.21	5.9	8.44	2.5	6.4	22.8
947473473	-2.02	173.01	5.8	8.64	3.0	6.5	27.4
949474474	-1.95	171.83	5.6	8.94	3.5	6.6	32.1
951475475	-1.89	170.64	5.5	9.21	4.0	6.8	36.5
953476476	-1.84	169.50	5.3	9.49	4.5	7.0	40.5
955477477	-1.78	168.35	5.2	9.81	5.0	7.2	44.4
957478478	-1.71	167.15	5.0	10.19	5.6	7.5	48.3
959479479	-1.66	166.07	4.8	10.50	6.1	7.7	51.4
961480480	-1.59	164.95	4.7	10.93	6.5	8.0	54.6
963481481	-1.54	163.82	4.5	11.30	7.0	8.4	57.4
965482482	-1.48	162.70	4.4	11.74	7.5	8.7	60.0
967483483	-1.43	161.57	4.2	12.17	8.1	9.1	62.4
969484484	-1.37	160.41	4.1	12.70	8.6	9.5	64.7
971485485	-1.31	159.26	3.9	13.29	9.1	9.9	66.9
973486486	-1.25	158.13	3.7	13.97	9.6	10.3	68.9
975487487	-1.19	157.03	3.5	14.68	10.1	10.7	70.7
977488488	-1.14	155.85	3.4	15.30	10.6	11.2	72.2
979489489	-1.08	154.60	3.3	16.09	11.2	11.7	73.8
981490490	-1.02	153.39	3.1	16.98	11.8	12.2	75.2
983491491	-0.97	152.29	3.0	17.90	12.3	12.6	76.4
985492492	-0.91	151.08	2.8	19.16	12.9	13.2	77.8
987493493	-0.84	149.93	2.6	20.66	13.4	13.6	79.0
989494494	-0.78	148.61	2.4	22.15	14.0	14.2	80.1
991495495	-0.72	147.39	2.2	24.27	14.6	14.8	81.3
993496496	-0.65	146.08	2.0	26.78	15.2	15.4	82.4
995497497	-0.60	144.71	1.9	29.15	15.9	16.0	83.2
997498498	-0.55	143.57	1.8	31.55	16.4	16.5	83.9
999499499	-0.49	142.17	1.6	35.40	17.1	17.2	84.7
1001500500	-0.40	140.91	1.3	43.53	17.7	17.8	85.8
1003501501	-0.34	139.59	1.1	50.48	18.4	18.4	86.5
1005502502	-0.27	138.15	0.9	64.58	19.1	19.1	87.3
1007503503	-0.20	136.89	0.7	87.73	19.8	19.8	88.1
1009504504	-0.12	135.34	0.4	146.03	20.5	20.5	88.9
1011505505	-0.04	133.96	0.2	392.71	21.2	21.2	89.6
1013506506	0.00	132.61	0.0	?	21.9	21.9	90.0
1015507507	0.00	131.18	0.0	?	22.7	22.7	90.0
1017508508	0.00	129.61	0.0	?	23.5	23.5	90.0
1019509509	0.00	128.19	0.0	?	24.3	24.3	90.0
1021510510	0.00	126.83	0.0	?	25.0	25.0	90.0
1023511511	0.00	125.32	0.0	?	25.9	25.9	90.0
1025512512	0.00	123.85	0.0	?	26.7	26.7	90.0
1027513513	0.00	122.18	0.0	?	27.6	27.6	90.0
1029514514	0.00	120.64	0.0	?	28.5	28.5	90.0
1031515515	0.00	119.13	0.0	?	29.4	29.4	90.0
1033516516	0.00	117.64	0.0	?	30.3	30.3	90.0
1035517517	0.00	116.00	0.0	?	31.2	31.2	90.0
1037518518	0.00	114.43	0.0	?	32.2	32.2	90.0
1039519519	0.00	112.73	0.0	?	33.3	33.3	90.0
1041520520	0.00	110.85	0.0	?	34.5	34.5	90.0
1043521521	0.00	109.20	0.0	?	35.5	35.5	90.0
1045522522	-0.86	167.10	2.5	20.21	5.6	6.2	66.0
1047523523	0.00	152.84	0.0	?	12.1	12.1	90.0
1049524524	0.00	102.07	0.0	?	40.4	40.4	90.0
1051525525	0.00	94.75	0.0	?	46.0	46.0	90.0
1053526526	0.00	92.37	0.0	?	48.0	48.0	90.0
1055527527	0.00	90.06	0.0	?	49.9	49.9	90.0
1057528528	0.00	87.70	0.0	?	52.1	52.1	90.0
1059529529	0.00	85.33	0.0	?	54.2	54.2	90.0
1061530530	-0.01	83.09	0.1	656.55	56.4	56.4	89.9
1063531531	-0.05	80.48	0.4	340.10	59.1	59.1	89.7
1065532532	-0.12	77.91	0.8	150.96	61.8	61.8	89.2
1067533533	-0.17	75.72	1.3	103.42	64.3	64.3	88.9
1069534534	-0.24	73.15	1.9	73.26	67.4	67.4	88.4
1071535535	-0.32	70.62	2.7	54.98	70.5	70.6	87.8
1073536536	-0.42	68.06	3.8	41.52	73.9	74.0	87.0
1075537537	-0.54	65.69	5.3	32.23	77.2	77.4	86.1
1077538538	-0.67	63.07	7.0	26.02	81.0	81.4	85.1
1079539539	-0.87	60.65	9.7	20.09	84.7	85.2	83.5
1081540540	-1.02	58.17	12.3	17.05	88.6	89.4	82.1
1083541541	-1.21	55.86	15.5	14.44	92.3	93.6	80.5
1085542542	-1.45	53.27	20.1	12.05	96.4	98.4	78.2
1087543543	-1.68	50.92	25.1	10.35	99.9	103.0	75.9
1089544544	-2.00	48.54	31.8	8.74	102.8	107.6	72.8
1091545545	-2.29	46.32	38.7	7.65	105.1	112.0	69.8
1093546546	-2.62	44.41	46.1	6.69	105.6	115.2	66.4
1095547547	-2.93	42.31	54.1	5.98	105.8	118.8	62.9
1097548548	-3.29	40.19	62.9	5.34	104.5	121.9	58.9
1099549549	-3.71	37.92	72.5	4.75	101.2	124.4	54.4
1101550550	-4.15	35.76	81.3	4.27	95.9	125.8	49.7
1103551551	-4.62	33.81	88.8	3.85	88.6	125.4	44.9
1105552552	-5.14	31.52	95.6	3.47	79.7	124.5	39.8
1107553553	-5.68	29.54	99.8	3.17	70.1	121.9	35.1
1109554554	-6.33	27.75	101.3	2.87	59.4	117.4	30.4
1111555555	-6.97	25.92	101.2	2.62	49.6	112.8	26.1
1113556556	-7.63	24.18	99.8	2.42	41.0	107.9	22.3
1115557557	-8.35	22.58	97.0	2.24	33.4	102.6	19.0
1117558558	-9.11	21.19	93.5	2.08	27.0	97.3	16.1
1119559559	-9.96	19.66	89.4	1.93	21.3	91.9	13.4
1121560560	-10.81	18.73	85.3	1.81	17.2	87.0	11.4
1123561561	-11.70	17.17	81.7	1.70	13.4	82.8	9.4
1125562562	-12.67	16.71	77.7	1.61	11.0	78.5	8.0
1127563563	-13.68	15.70	74.3	1.52	8.7	74.8	6.7
1129564564	-14.80	15.29	70.9	1.44	7.0	71.2	5.7
1131565565	-15.94	14.95	68.0	1.38	5.7	68.2	4.8
1133566566	-17.30	14.45	65.0	1.32	4.5	65.2	4.0
1135567567	-18.69	14.46	62.6	1.26	3.7	62.7	3.4
1137568568	-20.20	16.17	60.3	1.22	3.3	60.4	3.1
1139569569	-21.96	16.68	58.2	1.17	2.7	58.3	2.6
1141570570	-24.10	16.93	56.3	1.13	2.1	56.3	2.1
1143571571	-26.66	20.68	54.5	1.10	1.8	54.5	1.9
1145572572	-29.49	30.31	52.9	1.07	1.8	53.0	1.9
1147573573	-34.62	41.32	51.4	1.04	1.3	51.4	1.4
1149574574	-40.90	96.24	49.9	1.02	0.9	49.9	1.0
1151575575	-35.37	156.59	48.5	1.03	0.7	48.5	0.8
1153576576	-30.10	176.32	47.0	1.06	0.2	47.0	0.2
1155577577	-26.81	-179.27	45.6	1.10	-0.1	45.6	-0.1
1157578578	-24.00	-177.03	44.1	1.13	-0.3	44.1	-0.4
1159579579	-21.98	-175.98	42.6	1.17	-0.5	42.6	-0.6
1161580580	-20.29	-175.92	41.2	1.21	-0.6	41.2	-0.8
1163581581	-18.78	-178.54	39.7	1.26	-0.2	39.7	-0.3
1165582582	-17.53	-178.90	38.3	1.31	-0.2	38.3	-0.3
1167583583	-16.58	179.88	37.1	1.35	0.0	37.1	0.0
1169584584	-15.54	178.29	35.7	1.40	0.4	35.7	0.6
1171585585	-14.72	177.04	34.5	1.45	0.7	34.5	1.1
1173586586	-13.96	175.72	33.3	1.50	1.0	33.3	1.8
1175587587	-13.19	174.13	32.1	1.56	1.5	32.1	2.7
1177588588	-12.48	172.36	30.9	1.62	2.1	30.9	3.8
1179589589	-11.89	170.76	29.8	1.68	2.6	30.0	5.0
1181590590	-11.27	168.86	28.7	1.75	3.3	28.9	6.5
1183591591	-10.79	166.80	27.8	1.81	4.0	28.1	8.2
1185592592	-10.35	164.64	27.0	1.87	4.8	27.5	10.1
1187593593	-9.89	163.20	26.2	1.94	5.4	26.7	11.7
1189594594	-9.45	161.55	25.3	2.02	6.1	26.0	13.5
1191595595	-9.06	159.83	24.5	2.09	6.8	25.4	15.5
1193596596	-8.73	158.29	23.9	2.15	7.5	25.0	17.4
1195597597	-8.38	157.00	23.1	2.23	8.1	24.5	19.2
1197598598	-8.06	155.33	22.5	2.31	8.8	24.2	21.4
1199599599	-7.67	153.77	21.7	2.41	9.6	23.7	23.8
1201600600	-7.37	152.55	21.0	2.50	10.2	23.3	25.8
1203601601	-7.02	151.19	20.2	2.61	10.9	23.0	28.2
1205602602	-6.65	149.59	19.4	2.74	11.7	22.7	31.0
1207603603	-6.33	147.71	18.7	2.87	12.6	22.6	33.9
1209604604	-6.00	146.05	18.0	3.01	13.4	22.4	36.8
1211605605	-5.68	144.09	17.3	3.17	14.4	22.5	39.9
1213606606	-5.33	141.96	16.5	3.36	15.5	22.6	43.4
1215607607	-5.04	139.57	15.8	3.54	16.8	23.1	46.6
1217608608	-4.71	137.74	15.1	3.77	17.8	23.3	49.7
1219609609	-4.39	134.99	14.3	4.04	19.2	24.0	53.3
1221610610	-4.08	132.36	13.7	4.33	20.7	24.8	56.6
1223611611	-3.85	129.57	13.2	4.59	22.2	25.8	59.3
1225612612	-3.54	126.39	12.5	4.97	24.0	27.1	62.5
1227613613	-3.30	123.32	12.0	5.32	25.8	28.4	65.0
1229614614	-3.07	119.93	11.6	5.71	27.7	30.1	67.4
1231615615	-2.86	116.27	11.2	6.12	29.9	32.0	69.5
1233616616	-2.61	112.69	10.7	6.71	32.2	33.9	71.7
1235617617	-2.43	108.83	10.4	7.20	34.7	36.3	73.3
1237618618	-2.22	104.64	10.0	7.88	37.6	38.9	75.1
1239619619	-2.06	100.37	9.9	8.49	40.7	41.9	76.4
1241620620	-1.97	95.99	10.1	8.86	44.0	45.1	77.1
1243621621	-1.80	91.43	10.0	9.67	47.8	48.8	78.2
1245622622	-1.72	86.59	10.4	10.14	52.0	53.0	78.7
1247623623	-1.61	82.01	10.6	10.81	56.4	57.4	79.3
1249624624	-1.54	77.15	11.3	11.28	61.4	62.5	79.6
1251625625	-1.46	72.31	11.9	11.95	67.1	68.1	80.0
1253626626	-1.41	67.51	12.9	12.34	73.2	74.4	80.0
1255627627	-1.40	62.73	14.6	12.45	80.1	81.4	79.7
1257628628	-1.39	57.86	16.7	12.54	88.1	89.6	79.3
1259629629	-1.39	53.34	19.3	12.52	96.5	98.4	78.7
1261630630	-1.34	48.32	22.3	13.03	107.7	109.9	78.3
1263631631	-1.31	43.38	26.7	13.25	120.6	123.6	77.5
1265632632	-1.37	38.89	33.9	12.69	134.1	138.3	75.8
1267633633	-1.40	34.01	43.9	12.46	152.0	158.2	73.9
1269634634	-1.42	29.26	58.2	12.27	173.4	182.9	71.4
1271635635	-1.47	24.51	81.3	11.87	198.6	214.6	67.8
1273636636	-1.54	19.98	117.4	11.29	224.8	253.6	62.4
1275637637	-1.61	15.38	175.8	10.80	249.7	305.3	54.8
1277638638	-1.76	10.96	262.7	9.90	244.7	359.0	43.0
1279639639	-1.88	6.43	366.0	9.28	187.8	411.4	27.2
1281640640	-2.02	2.24	420.9	8.66	70.2	426.7	9.5
1283641641	-2.15	-2.20	397.2	8.13	-61.0	401.8	-8.7
1285642642	-2.36	-6.29	318.8	7.41	-127.2	343.3	-21.8
1287643643	-2.52	-10.46	249.4	6.95	-154.1	293.1	-31.7
1289644644	-2.68	-14.58	195.4	6.53	-156.9	250.6	-38.8
1291645645	-2.85	-18.64	156.5	6.14	-149.5	216.4	-43.7
1293646646	-3.06	-22.82	127.5	5.74	-137.7	187.7	-47.2
1295647647	-3.27	-26.40	109.5	5.38	-126.5	167.2	-49.1
1297648648	-3.42	-30.21	94.3	5.14	-117.3	150.5	-51.2
1299649649	-3.61	-33.97	82.8	4.89	-108.2	136.3	-52.6
1301650650	-3.79	-38.00	72.9	4.66	-99.8	123.6	-53.8
1303651651	-3.91	-41.57	65.6	4.52	-93.5	114.2	-55.0
1305652652	-4.03	-45.23	59.3	4.39	-87.6	105.8	-55.9
1307653653	-4.14	-48.76	54.2	4.27	-82.3	98.6	-56.6
1309654654	-4.24	-52.23	49.8	4.18	-77.7	92.3	-57.3
1311655655	-4.35	-55.80	46.1	4.08	-73.1	86.4	-57.8
1313656656	-4.46	-59.24	43.0	3.98	-68.9	81.3	-58.0
1315657657	-4.53	-62.40	40.3	3.92	-65.6	77.0	-58.4
1317658658	-4.54	-65.47	37.7	3.91	-62.8	73.2	-59.0
1319659659	-4.57	-68.60	35.5	3.89	-59.9	69.6	-59.4
1321660660	-4.57	-71.53	33.4	3.89	-57.5	66.5	-59.8
1323661661	-4.58	-74.41	31.6	3.88	-55.1	63.6	-60.2
1325662662	-4.55	-77.20	29.9	3.90	-53.0	60.9	-60.6
1327663663	-4.54	-79.74	28.5	3.91	-51.1	58.5	-60.9
1329664664	-4.55	-82.22	27.3	3.91	-49.3	56.3	-61.1
1331665665	-4.51	-84.73	26.0	3.94	-47.6	54.2	-61.4
1333666666	-4.51	-87.10	24.9	3.94	-45.9	52.3	-61.5
1335667667	-4.45	-89.16	23.9	3.99	-44.7	50.7	-61.9
1337668668	-4.40	-91.31	22.9	4.04	-43.3	49.0	-62.2
1339669669	-4.36	-93.37	22.1	4.06	-42.0	47.5	-62.3
1341670670	-4.33	-95.26	21.3	4.09	-40.9	46.1	-62.4
1343671671	-4.29	-97.27	20.5	4.13	-39.6	44.7	-62.6
1345672672	-4.26	-99.08	19.9	4.16	-38.6	43.4	-62.7
1347673673	-4.18	-100.96	19.1	4.23	-37.5	42.1	-63.0
1349674674	-4.12	-102.45	18.5	4.30	-36.7	41.1	-63.3
1351675675	-4.09	-103.92	18.0	4.33	-35.9	40.1	-63.3
1353676676	-4.06	-105.61	17.5	4.36	-34.9	39.1	-63.3
1355677677	-3.99	-107.03	17.0	4.43	-34.1	38.1	-63.5
1357678678	-3.94	-108.63	16.5	4.48	-33.3	37.1	-63.6
1359679679	-3.90	-110.12	16.1	4.53	-32.5	36.2	-63.7
1361680680	-3.85	-111.42	15.6	4.59	-31.8	35.4	-63.8
1363681681	-3.80	-112.72	15.2	4.65	-31.1	34.6	-63.9
1365682682	-3.77	-114.00	14.9	4.69	-30.4	33.9	-63.9
1367683683	-3.70	-115.62	14.4	4.76	-29.6	32.9	-64.0
1369684684	-3.66	-116.79	14.1	4.82	-29.0	32.2	-64.1
1371685685	-3.61	-117.96	13.7	4.88	-28.4	31.5	-64.2
1373686686	-3.56	-118.90	13.4	4.95	-27.9	31.0	-64.3
1375687687	-3.54	-120.25	13.2	4.98	-27.2	30.2	-64.1
1377688688	-3.50	-121.54	12.9	5.03	-26.5	29.5	-64.1
1379689689	-3.40	-122.70	12.4	5.18	-26.0	28.8	-64.5
1381690690	-3.35	-123.71	12.1	5.25	-25.5	28.2	-64.6
1383691691	-3.32	-124.64	11.9	5.29	-25.0	27.7	-64.5
1385692692	-3.28	-125.82	11.7	5.36	-24.5	27.1	-64.5
1387693693	-3.23	-126.92	11.4	5.45	-23.9	26.5	-64.6
1389694694	-3.19	-127.92	11.2	5.51	-23.4	26.0	-64.6
1391695695	-3.13	-128.88	10.9	5.62	-23.0	25.4	-64.7
1393696696	-3.06	-129.86	10.6	5.74	-22.5	24.9	-64.9
1395697697	-3.00	-130.82	10.3	5.85	-22.1	24.4	-65.0
1397698698	-2.93	-131.93	10.0	5.99	-21.6	23.7	-65.2
1399699699	-2.87	-132.70	9.7	6.11	-21.2	23.3	-65.4
1401700700	-2.81	-133.47	9.5	6.24	-20.8	22.9	-65.6
1403701701	-2.75	-134.43	9.2	6.38	-20.4	22.4	-65.8
1405702702	-2.69	-135.24	9.0	6.50	-20.0	21.9	-65.9
1407703703	-2.62	-136.03	8.7	6.68	-19.7	21.5	-66.2
1409704704	-2.57	-136.82	8.5	6.82	-19.3	21.1	-66.3
1411705705	-2.50	-137.72	8.2	7.01	-18.9	20.6	-66.6
1413706706	-2.44	-138.30	8.0	7.16	-18.6	20.3	-66.8
1415707707	-2.37	-139.01	7.7	7.37	-18.3	19.9	-67.1
1417708708	-2.30	-139.70	7.5	7.59	-18.0	19.5	-67.5
1419709709	-2.22	-140.28	7.2	7.88	-17.7	19.1	-68.0
1421710710	-2.14	-141.01	6.9	8.15	-17.4	18.7	-68.4
1423711711	-2.09	-141.69	6.7	8.37	-17.1	18.4	-68.6
1425712712	-2.01	-142.17	6.4	8.67	-16.9	18.1	-69.1
1427713713	-1.95	-142.67	6.2	8.95	-16.7	17.8	-69.5
1429714714	-1.87	-143.29	6.0	9.31	-16.4	17.4	-70.0
1431715715	-1.81	-143.77	5.7	9.64	-16.2	17.1	-70.5
1433716716	-1.77	-144.22	5.6	9.85	-16.0	16.9	-70.7
1435717717	-1.69	-144.56	5.3	10.30	-15.8	16.7	-71.3
1437718718	-1.64	-145.09	5.2	10.64	-15.6	16.4	-71.7
1439719719	-1.56	-145.60	4.9	11.15	-15.3	16.1	-72.3
1441720720	-1.48	-145.93	4.7	11.75	-15.2	15.9	-73.0
1443721721	-1.40	-146.23	4.4	12.42	-15.1	15.7	-73.8
1445722722	-1.33	-146.49	4.2	13.04	-15.0	15.5	-74.4
1447723723	-1.31	-146.90	4.1	13.32	-14.8	15.3	-74.5
1449724724	-1.27	-147.31	4.0	13.71	-14.6	15.1	-74.8
1451725725	-1.20	-147.66	3.7	14.54	-14.4	14.9	-75.5
1453726726	-1.13	-147.87	3.5	15.34	-14.3	14.8	-76.2
1455727727	-1.09	-148.17	3.4	15.93	-14.2	14.6	-76.6
1457728728	-1.06	-148.28	3.3	16.41	-14.1	14.5	-76.9
1459729729	-1.02	-148.63	3.1	17.13	-14.0	14.3	-77.3
1461730730	-0.98	-148.87	3.0	17.81	-13.9	14.2	-77.7
1463731731	-0.92	-149.18	2.8	18.96	-13.7	14.0	-78.3
1465732732	-0.87	-149.33	2.7	19.88	-13.7	13.9	-78.8
1467733733	-0.83	-149.54	2.6	21.05	-13.6	13.8	-79.4
1469734734	-0.80	-149.67	2.5	21.78	-13.5	13.7	-79.7
1471735735	-0.78	-149.79	2.4	22.38	-13.5	13.7	-79.9
1473736736	-0.78	-150.06	2.4	22.41	-13.3	13.6	-79.8
1475737737	-0.75	-150.10	2.3	23.27	-13.3	13.5	-80.2
1477738738	-0.71	-150.28	2.2	24.55	-13.2	13.4	-80.7
1479739739	-0.67	-150.60	2.1	25.90	-13.1	13.3	-81.0
1481740740	-0.62	-150.70	1.9	28.25	-13.1	13.2	-81.8
1483741741	-0.63	-150.79	1.9	27.50	-13.0	13.2	-81.5
1485742742	-0.64	-151.00	2.0	26.96	-12.9	13.1	-81.3
1487743743	-0.60	-151.19	1.9	28.78	-12.8	13.0	-81.8
1489744744	-0.62	-151.54	1.9	28.20	-12.7	12.8	-81.5
1491745745	-0.61	-151.63	1.9	28.60	-12.6	12.8	-81.6
1493746746	-0.56	-151.83	1.7	30.94	-12.5	12.6	-82.2
1495747747	-0.57	-152.05	1.7	30.72	-12.4	12.5	-82.1
1497748748	-0.58	-152.14	1.8	30.03	-12.4	12.5	-81.9
1499749749	-0.55	-152.26	1.7	31.33	-12.3	12.4	-82.2
1501750750	-0.54	-152.62	1.6	32.42	-12.2	12.3	-82.4
1503751751	-0.54	-152.75	1.6	32.43	-12.1	12.2	-82.3
1505752752	-0.52	-153.05	1.6	33.63	-12.0	12.1	-82.5
1507753753	-0.53	-153.47	1.6	32.71	-11.8	11.9	-82.2
1509754754	-0.53	-153.79	1.6	32.99	-11.6	11.7	-82.2
1511755755	-0.51	-153.81	1.5	34.09	-11.6	11.7	-82.4
1513756756	-0.54	-154.17	1.6	32.34	-11.5	11.6	-81.9
1515757757	-0.54	-154.62	1.6	32.03	-11.2	11.4	-81.7
1517758758	-0.50	-154.80	1.5	34.63	-11.2	11.3	-82.3
1519759759	-0.49	-155.02	1.5	35.37	-11.1	11.2	-82.4
1521760760	-0.50	-155.42	1.5	34.42	-10.9	11.0	-82.0
1523761761	-0.48	-155.69	1.5	35.88	-10.8	10.9	-82.3
1525762762	-0.41	-156.77	1.2	42.60	-10.3	10.3	-83.2
1527763763	-0.36	-158.17	1.1	48.85	-9.6	9.7	-83.7
1529764764	-0.42	-157.07	1.3	41.16	-10.1	10.2	-82.9
1531765765	-0.43	-156.70	1.3	40.60	-10.3	10.4	-82.9
1533766766	-0.44	-157.24	1.3	39.40	-10.1	10.1	-82.5
1535767767	-0.39	-157.33	1.2	44.02	-10.0	10.1	-83.3
1537768768	-0.36	-157.68	1.1	47.90	-9.9	9.9	-83.7
1539769769	-0.35	-158.25	1.0	49.42	-9.6	9.7	-83.8
1541770770	-0.35	-158.75	1.1	49.07	-9.4	9.4	-83.6
1543771771	-0.36	-159.06	1.1	48.25	-9.2	9.3	-83.4
1545772772	-0.31	-159.40	0.9	56.19	-9.1	9.1	-84.2
1547773773	-0.29	-159.80	0.9	59.12	-8.9	8.9	-84.4
1549774774	-0.25	-160.40	0.8	68.64	-8.6	8.7	-85.0
1551775775	-0.28	-160.65	0.8	62.01	-8.5	8.6	-84.4
1553776776	-0.23	-161.03	0.7	75.25	-8.4	8.4	-85.3
1555777777	-0.18	-161.53	0.5	94.00	-8.1	8.1	-86.2
1557778778	-0.19	-162.25	0.6	92.51	-7.8	7.8	-85.9
1559779779	-0.12	-162.50	0.4	139.68	-7.7	7.7	-87.3
1561780780	-0.10	-163.00	0.3	167.16	-7.5	7.5	-87.7
1563781781	-0.08	-163.36	0.2	209.43	-7.3	7.3	-88.1
1565782782	-0.02	-163.90	0.1	916.32	-7.1	7.1	-89.5
1567783783	0.00	-164.25	0.0	?	-6.9	6.9	-90.0
1569784784	0.00	-164.69	0.0	?	-6.7	6.7	-90.0
1571785785	0.00	-165.33	0.0	?	-6.4	6.4	-90.0
1573786786	0.00	-165.71	0.0	?	-6.3	6.3	-90.0
1575787787	0.00	-166.07	0.0	?	-6.1	6.1	-90.0
1577788788	0.00	-166.51	0.0	?	-5.9	5.9	-90.0
1579789789	0.00	-166.91	0.0	?	-5.7	5.7	-90.0
1581790790	0.00	-167.42	0.0	?	-5.5	5.5	-90.0
1583791791	0.00	-167.74	0.0	?	-5.4	5.4	-90.0
1585792792	0.00	-168.21	0.0	?	-5.2	5.2	-90.0
1587793793	0.00	-168.77	0.0	?	-4.9	4.9	-90.0
1589794794	0.00	-169.19	0.0	?	-4.7	4.7	-90.0
1591795795	0.00	-169.51	0.0	?	-4.6	4.6	-90.0
1593796796	0.00	-170.02	0.0	?	-4.4	4.4	-90.0
1595797797	0.00	-170.29	0.0	?	-4.2	4.2	-90.0
1597798798	0.00	-170.68	0.0	?	-4.1	4.1	-90.0
1599799799	0.00	-170.91	0.0	?	-4.0	4.0	-90.0
1601800800	0.00	-171.42	0.0	?	-3.7	3.7	-90.0
1603801801	0.00	-171.64	0.0	?	-3.7	3.7	-90.0
1605802802	0.00	-172.05	0.0	?	-3.5	3.5	-90.0
1607803803	0.00	-172.17	0.0	?	-3.4	3.4	-90.0
1609804804	0.00	-172.59	0.0	?	-3.2	3.2	-90.0
1611805805	0.00	-172.83	0.0	?	-3.1	3.1	-90.0
1613806806	0.00	-173.12	0.0	?	-3.0	3.0	-90.0
1615807807	0.00	-173.38	0.0	?	-2.9	2.9	-90.0
1617808808	0.00	-173.55	0.0	?	-2.8	2.8	-90.0
1619809809	0.00	-174.07	0.0	?	-2.6	2.6	-90.0
1621810810	0.00	-174.16	0.0	?	-2.5	2.5	-90.0
1623811811	0.00	-174.11	0.0	?	-2.6	2.6	-90.0
1625812812	0.00	-174.22	0.0	?	-2.5	2.5	-90.0
1627813813	0.00	-174.38	0.0	?	-2.5	2.5	-90.0
1629814814	0.00	-174.45	0.0	?	-2.4	2.4	-90.0
1631815815	0.00	-174.58	0.0	?	-2.4	2.4	-90.0
1633816816	0.00	-174.67	0.0	?	-2.3	2.3	-90.0
1635817817	0.00	-174.85	0.0	?	-2.3	2.3	-90.0
1637818818	0.00	-175.20	0.0	?	-2.1	2.1	-90.0
1639819819	0.00	-175.35	0.0	?	-2.0	2.0	-90.0
1641820820	0.00	-175.60	0.0	?	-1.9	1.9	-90.0
1643821821	0.00	-175.86	0.0	?	-1.8	1.8	-90.0
1645822822	0.00	-176.32	0.0	?	-1.6	1.6	-90.0
1647823823	0.00	-176.39	0.0	?	-1.6	1.6	-90.0
1649824824	0.00	-176.67	0.0	?	-1.5	1.5	-90.0
1651825825	0.00	-176.92	0.0	?	-1.3	1.3	-90.0
1653826826	0.00	-177.26	0.0	?	-1.2	1.2	-90.0
1655827827	0.00	-177.67	0.0	?	-1.0	1.0	-90.0
1657828828	0.00	-177.92	0.0	?	-0.9	0.9	-90.0
1659829829	0.00	-178.32	0.0	?	-0.7	0.7	-90.0
1661830830	0.00	-178.51	0.0	?	-0.6	0.6	-90.0
1663831831	0.00	-178.95	0.0	?	-0.5	0.5	-90.0
1665832832	0.00	-179.45	0.0	?	-0.2	0.2	-90.0
1667833833	0.00	-179.87	0.0	?	-0.1	0.1	-90.0
1669834834	0.00	179.24	0.0	?	0.3	0.3	90.0
1671835835	0.00	178.69	0.0	?	0.6	0.6	90.0
1673836836	0.00	178.43	0.0	?	0.7	0.7	90.0
1675837837	0.00	177.71	0.0	?	1.0	1.0	90.0
1677838838	0.00	177.16	0.0	?	1.2	1.2	90.0
1679839839	0.00	176.50	0.0	?	1.5	1.5	90.0
1681840840	0.00	176.03	0.0	?	1.7	1.7	90.0
1683841841	0.00	175.31	0.0	?	2.0	2.0	90.0
1685842842	0.00	174.36	0.0	?	2.5	2.5	90.0
1687843843	0.00	173.95	0.0	?	2.6	2.6	90.0
1689844844	0.00	172.79	0.0	?	3.1	3.1	90.0
1691845845	0.00	172.33	0.0	?	3.4	3.4	90.0
1693846846	0.00	171.35	0.0	?	3.8	3.8	90.0
1695847847	0.00	170.81	0.0	?	4.0	4.0	90.0
1697848848	0.00	169.74	0.0	?	4.5	4.5	90.0
1699849849	0.00	169.17	0.0	?	4.7	4.7	90.0
1701850850	0.00	168.32	0.0	?	5.1	5.1	90.0
1703851851	0.00	167.35	0.0	?	5.5	5.5	90.0
1705852852	0.00	166.05	0.0	?	6.1	6.1	90.0
1707853853	0.00	164.99	0.0	?	6.6	6.6	90.0
1709854854	0.00	164.29	0.0	?	6.9	6.9	90.0
1711855855	0.00	163.31	0.0	?	7.3	7.3	90.0
1713856856	0.00	161.94	0.0	?	7.9	7.9	90.0
1715857857	0.00	160.72	0.0	?	8.5	8.5	90.0
1717858858	0.00	159.58	0.0	?	9.0	9.0	90.0
1719859859	0.00	158.76	0.0	?	9.4	9.4	90.0
1721860860	0.00	157.24	0.0	?	10.1	10.1	90.0
1723861861	0.00	156.32	0.0	?	10.5	10.5	90.0
1725862862	0.00	155.61	0.0	?	10.8	10.8	90.0
1727863863	0.00	154.13	0.0	?	11.5	11.5	90.0
1729864864	0.00	153.13	0.0	?	11.9	11.9	90.0
1731865865	0.00	152.28	0.0	?	12.3	12.3	90.0
1733866866	0.00	151.15	0.0	?	12.9	12.9	90.0
1735867867	0.00	150.01	0.0	?	13.4	13.4	90.0
1737868868	0.00	148.74	0.0	?	14.0	14.0	90.0
1739869869	0.00	148.36	0.0	?	14.2	14.2	90.0
1741870870	0.00	147.40	0.0	?	14.6	14.6	90.0
1743871871	0.00	146.34	0.0	?	15.1	15.1	90.0
1745872872	0.00	144.90	0.0	?	15.8	15.8	90.0
1747873873	0.00	144.14	0.0	?	16.2	16.2	90.0
1749874874	0.00	143.43	0.0	?	16.5	16.5	90.0
1751875875	0.00	142.64	0.0	?	16.9	16.9	90.0
1753876876	0.00	141.32	0.0	?	17.6	17.6	90.0
1755877877	0.00	140.21	0.0	?	18.1	18.1	90.0
1757878878	0.00	139.04	0.0	?	18.7	18.7	90.0
1759879879	0.00	137.61	0.0	?	19.4	19.4	90.0
1761880880	0.00	137.01	0.0	?	19.7	19.7	90.0
1763881881	0.00	135.83	0.0	?	20.3	20.3	90.0
1765882882	0.00	133.99	0.0	?	21.2	21.2	90.0
1767883883	0.00	132.55	0.0	?	22.0	22.0	90.0
1769884884	0.00	131.16	0.0	?	22.7	22.7	90.0
1771885885	0.00	129.27	0.0	?	23.7	23.7	90.0
1773886886	0.00	127.37	0.0	?	24.7	24.7	90.0
1775887887	0.00	125.55	0.0	?	25.7	25.7	90.0
1777888888	0.00	123.51	0.0	?	26.9	26.9	90.0
1779889889	0.00	121.45	0.0	?	28.0	28.0	90.0
1781890890	0.00	119.67	0.0	?	29.1	29.1	90.0
1783891891	0.00	117.65	0.0	?	30.3	30.3	90.0
1785892892	0.00	115.66	0.0	?	31.5	31.5	90.0
1787893893	0.00	113.60	0.0	?	32.7	32.7	90.0
1789894894	0.00	111.57	0.0	?	34.0	34.0	90.0
1791895895	0.00	109.10	0.0	?	35.6	35.6	90.0
1793896896	0.00	106.93	0.0	?	37.0	37.0	90.0
1795897897	0.00	105.14	0.0	?	38.3	38.3	90.0
1797898898	0.00	102.79	0.0	?	39.9	39.9	90.0
1799899899	0.00	100.87	0.0	?	41.3	41.3	90.0
1801900900	0.00	98.42	0.0	?	43.1	43.1	90.0
1803901901	0.00	96.93	0.0	?	44.3	44.3	90.0
1805902902	0.00	93.96	0.0	?	46.7	46.7	90.0
1807903903	0.00	92.06	0.0	?	48.2	48.2	90.0
1809904904	0.00	89.64	0.0	?	50.3	50.3	90.0
1811905905	0.00	87.61	0.0	?	52.1	52.1	90.0
1813906906	0.00	85.75	0.0	?	53.9	53.9	90.0
1815907907	0.00	83.46	0.0	?	56.1	56.1	90.0
1817908908	0.00	81.51	0.0	?	58.0	58.0	90.0
1819909909	0.00	78.72	0.0	?	61.0	61.0	90.0
1821910910	0.00	76.81	0.0	?	63.1	63.1	90.0
1823911911	-0.21	74.42	1.7	82.07	65.8	65.8	88.6
1825912912	-0.45	72.02	3.7	38.91	68.7	68.8	86.9
1827913913	-0.76	69.76	6.7	22.76	71.3	71.6	84.6
1829914914	-1.00	67.08	9.3	17.44	74.6	75.2	82.9
1831915915	-1.23	65.10	12.1	14.14	77.0	77.9	81.1
1833916916	-1.53	62.56	15.9	11.42	80.0	81.6	78.8
1835917917	-1.78	60.20	19.7	9.79	82.8	85.1	76.6
1837918918	-2.06	57.71	24.2	8.49	85.6	88.9	74.2
1839919919	-2.26	55.21	28.4	7.72	88.6	93.0	72.2
1841920920	-2.50	52.84	33.4	6.98	91.0	97.0	69.9
1843921921	-2.76	50.44	39.1	6.34	93.1	100.9	67.2
1845922922	-3.04	47.86	45.7	5.78	94.9	105.3	64.3
1847923923	-3.27	45.14	52.6	5.38	96.8	110.1	61.5
1849924924	-3.48	42.65	59.5	5.05	97.9	114.6	58.7
1851925925	-3.63	39.70	67.4	4.85	100.0	120.6	56.0
1853926926	-3.88	37.63	74.6	4.55	98.6	123.6	52.9
1855927927	-4.11	34.55	84.5	4.31	97.7	129.2	49.1
1857928928	-4.25	31.42	94.7	4.17	97.0	135.6	45.7
1859929929	-4.45	29.20	102.4	3.99	93.3	138.5	42.3
1861930930	-4.63	26.14	112.8	3.84	88.9	143.6	38.2
1863931931	-4.79	23.54	121.2	3.71	83.4	147.1	34.5
1865932932	-4.92	20.69	130.2	3.62	77.0	151.3	30.6
1867933933	-5.07	18.28	136.8	3.52	69.5	153.4	26.9
1869934934	-5.12	15.65	144.6	3.49	62.6	157.6	23.4
1871935935	-5.24	12.72	151.0	3.41	51.9	159.6	19.0
1873936936	-5.37	10.02	154.8	3.34	40.9	160.2	14.8
1875937937	-5.52	7.21	156.6	3.25	28.9	159.2	10.5
1877938938	-5.58	4.43	158.7	3.22	17.8	159.7	6.4
1879939939	-5.61	2.06	159.8	3.21	8.3	160.0	3.0
1881940940	-5.67	-0.91	158.5	3.17	-3.6	158.6	-1.3
1883941941	-5.77	-3.80	154.5	3.12	-14.3	155.2	-5.3
1885942942	-5.85	-5.94	150.6	3.08	-21.5	152.1	-8.1
1887943943	-5.92	-8.78	145.2	3.05	-30.1	148.3	-11.7
1889944944	-5.92	-11.30	141.0	3.05	-37.5	145.9	-14.9
1891945945	-6.04	-13.86	134.1	2.99	-42.7	140.7	-17.7
1893946946	-6.11	-16.72	127.1	2.96	-47.9	135.8	-20.7
1895947947	-6.15	-19.21	121.2	2.94	-51.9	131.9	-23.2
1897948948	-6.22	-21.98	114.5	2.91	-55.0	127.0	-25.7
1899949949	-6.22	-24.04	110.0	2.91	-57.5	124.1	-27.6
1901950950	-6.29	-26.26	104.6	2.88	-58.6	119.9	-29.3
1903951951	-6.37	-29.08	98.3	2.85	-59.7	115.1	-31.3
1905952952	-6.57	-32.38	91.2	2.77	-58.8	108.5	-32.8
1907953953	-6.69	-34.39	87.3	2.72	-58.1	104.8	-33.6
1909954954	-6.87	-35.95	84.2	2.66	-56.5	101.4	-33.8
1911955955	-7.12	-38.25	80.2	2.58	-54.4	96.9	-34.1
1913956956	-7.28	-39.88	77.7	2.52	-53.0	94.0	-34.3
1915957957	-7.53	-41.04	75.9	2.45	-50.9	91.4	-33.8
1917958958	-7.69	-41.73	74.8	2.40	-49.5	89.7	-33.5
1919959959	-7.90	-41.25	75.3	2.35	-47.7	89.1	-32.4
1921960960	-7.94	-40.25	76.5	2.34	-47.2	89.8	-31.7
1923961961	-7.90	-38.85	78.3	2.35	-47.2	91.4	-31.1
1925962962	-7.67	-37.77	80.1	2.41	-49.0	93.9	-31.4
1927963963	-7.45	-37.36	81.1	2.47	-50.9	95.7	-32.1
1929964964	-7.25	-37.48	81.2	2.53	-52.9	96.9	-33.1
1931965965	-6.91	-37.95	80.9	2.65	-56.5	98.7	-34.9
1933966966	-6.67	-38.74	79.8	2.73	-59.0	99.3	-36.5
1935967967	-6.42	-39.79	78.1	2.83	-61.8	99.6	-38.4
1937968968	-6.17	-40.95	76.0	2.93	-64.5	99.7	-40.3
1939969969	-5.94	-42.04	73.8	3.04	-66.9	99.6	-42.2
1941970970	-5.72	-43.36	71.0	3.15	-69.0	99.0	-44.2
1943971971	-5.54	-44.88	68.0	3.24	-70.3	97.8	-46.0
1945972972	-5.40	-45.91	65.7	3.32	-71.3	97.0	-47.3
1947973973	-5.25	-46.91	63.5	3.41	-72.3	96.3	-48.7
1949974974	-5.05	-48.31	60.4	3.54	-73.4	95.1	-50.6
1951975975	-4.91	-49.36	58.1	3.63	-74.0	94.1	-51.8
1953976976	-4.76	-50.85	55.1	3.74	-74.2	92.4	-53.4
1955977977	-4.67	-51.90	53.1	3.81	-74.1	91.1	-54.3
1957978978	-4.52	-53.44	50.1	3.93	-74.0	89.4	-55.9
1959979979	-4.39	-54.92	47.4	4.04	-73.6	87.6	-57.2
1961980980	-4.28	-55.67	45.8	4.14	-73.8	86.8	-58.2
1963981981	-4.18	-56.61	44.0	4.24	-73.5	85.7	-59.1
1965982982	-4.08	-57.54	42.3	4.34	-73.3	84.6	-60.0
1967983983	-3.94	-58.56	40.2	4.49	-73.2	83.5	-61.2
1969984984	-3.83	-59.45	38.6	4.61	-72.9	82.5	-62.1
1971985985	-3.80	-60.21	37.6	4.65	-72.3	81.5	-62.5
1973986986	-3.72	-61.13	36.1	4.75	-71.8	80.4	-63.3
1975987987	-3.61	-62.14	34.5	4.88	-71.3	79.2	-64.2
1977988988	-3.48	-62.68	33.0	5.06	-71.4	78.7	-65.2
1979989989	-3.44	-63.39	32.2	5.11	-70.8	77.8	-65.5
1981990990	-3.38	-64.64	30.8	5.20	-69.7	76.2	-66.1
1983991991	-3.30	-65.40	29.6	5.33	-69.2	75.3	-66.8
1985992992	-3.21	-66.11	28.4	5.48	-68.9	74.5	-67.6
1987993993	-3.14	-66.41	27.8	5.59	-68.8	74.2	-68.0
1989994994	-3.09	-67.29	26.8	5.68	-68.0	73.1	-68.5
1991995995	-3.04	-68.04	26.0	5.77	-67.4	72.2	-68.9
1993996996	-2.99	-68.41	25.4	5.86	-67.2	71.8	-69.3
1995997997	-2.93	-69.43	24.4	5.98	-66.3	70.6	-69.8
1997998998	-2.88	-70.22	23.6	6.09	-65.6	69.7	-70.3
1999999999	-2.82	-70.82	22.8	6.21	-65.2	69.0	-70.7
