1000000	-0.79	87.08	4.8	21.94	52.4	52.6	84.8
3001001	0.00	81.76	0.0	?	57.8	57.8	90.0
5002002	0.00	76.23	0.0	?	63.7	63.7	90.0
7003003	0.00	72.09	0.0	?	68.7	68.7	90.0
9004004	0.00	68.56	0.0	?	73.4	73.4	90.0
11005005	0.00	66.52	0.0	?	76.2	76.2	90.0
13006006	0.00	64.35	0.0	?	79.5	79.5	90.0
15007007	-0.11	61.49	1.3	152.00	84.0	84.0	89.1
17008008	-0.18	59.83	2.1	95.47	86.9	86.9	88.6
19009009	-0.29	58.11	3.5	60.61	89.9	90.0	87.8
21010010	-0.35	56.51	4.5	49.37	92.9	93.0	87.2
23011011	-0.40	54.94	5.4	43.66	95.9	96.1	86.8
25012012	-0.46	53.49	6.5	38.12	98.9	99.1	86.3
27013013	-0.50	52.02	7.4	34.96	102.0	102.3	85.8
29014014	-0.53	50.68	8.3	32.84	105.1	105.4	85.5
31015015	-0.56	49.43	9.2	30.82	108.0	108.4	85.1
33016016	-0.59	48.23	10.0	29.69	110.9	111.4	84.8
35017017	-0.60	47.13	10.7	28.99	113.8	114.3	84.6
37018018	-0.59	46.00	11.1	29.29	116.9	117.4	84.6
39019019	-0.58	44.89	11.4	29.82	120.1	120.7	84.6
41020020	-0.58	43.79	12.0	29.85	123.4	124.0	84.5
43021021	-0.58	42.70	12.6	29.79	126.8	127.5	84.3
45022022	-0.60	41.70	13.6	28.86	130.1	130.8	84.0
47023023	-0.61	40.77	14.3	28.58	133.2	134.0	83.9
49024024	-0.62	39.92	15.2	27.92	136.2	137.0	83.6
51025025	-0.62	39.06	15.9	27.89	139.4	140.3	83.5
53026026	-0.64	38.23	17.0	27.14	142.5	143.5	83.2
55027027	-0.66	37.48	18.1	26.47	145.4	146.5	82.9
57028028	-0.67	36.75	19.1	25.97	148.3	149.6	82.7
59029029	-0.69	35.99	20.4	25.30	151.4	152.8	82.3
61030030	-0.72	35.32	22.0	24.29	154.2	155.8	81.9
63031031	-0.75	34.65	23.8	23.23	157.0	158.8	81.4
65032032	-0.78	33.99	25.7	22.25	159.8	161.9	80.8
67033033	-0.82	33.30	28.2	21.11	162.7	165.2	80.2
69034034	-0.86	32.60	30.6	20.15	165.8	168.6	79.5
71035035	-0.91	31.93	33.6	19.03	168.6	171.9	78.7
73036036	-0.96	31.22	36.8	18.04	171.6	175.5	77.9
75037037	-1.02	30.48	40.5	17.07	174.8	179.4	76.9
77038038	-1.08	29.78	44.8	16.04	177.6	183.1	75.9
79039039	-1.15	29.02	49.3	15.16	180.6	187.2	74.7
81040040	-1.23	28.22	54.9	14.20	183.5	191.6	73.3
83041041	-1.31	27.46	61.0	13.30	185.9	195.6	71.8
85042042	-1.40	26.71	67.7	12.42	187.7	199.5	70.2
87043043	-1.48	26.02	73.8	11.78	189.3	203.2	68.7
89044044	-1.54	25.28	80.0	11.29	191.4	207.4	67.3
91045045	-1.60	24.29	87.8	10.88	194.9	213.7	65.8
93046046	-1.68	23.33	96.9	10.36	196.9	219.4	63.8
95047047	-1.77	22.40	106.6	9.85	197.9	224.7	61.7
97048048	-1.85	21.45	116.7	9.41	198.5	230.3	59.6
99049049	-1.91	20.44	127.1	9.12	200.0	237.0	57.6
101050050	-1.98	19.33	139.4	8.81	200.7	244.4	55.2
103051051	-2.05	18.13	153.4	8.53	200.7	252.6	52.6
105052052	-2.11	16.77	170.0	8.27	199.8	262.3	49.6
107053053	-2.19	15.52	186.2	7.99	195.8	270.2	46.4
109054054	-2.26	14.23	203.2	7.73	189.9	278.2	43.1
111055055	-2.33	12.90	220.9	7.50	181.6	285.9	39.4
113056056	-2.40	11.53	238.9	7.29	170.8	293.7	35.6
115057057	-2.46	10.10	256.9	7.11	157.2	301.2	31.5
117058058	-2.51	8.60	275.0	6.97	140.4	308.8	27.0
119059059	-2.56	7.05	291.3	6.83	119.6	315.0	22.3
121060060	-2.61	5.47	304.7	6.71	95.3	319.3	17.4
123061061	-2.66	3.86	314.3	6.59	68.0	321.6	12.2
125062062	-2.71	2.19	318.7	6.47	38.4	321.1	6.9
127063063	-2.75	0.58	317.8	6.36	10.0	318.0	1.8
129064064	-2.78	-1.08	313.8	6.30	-18.2	314.4	-3.3
131065065	-2.81	-2.85	304.5	6.23	-45.9	308.0	-8.6
133066066	-2.82	-4.57	292.8	6.21	-70.5	301.2	-13.5
135067067	-2.83	-6.36	277.6	6.19	-92.6	292.7	-18.5
137068068	-2.83	-8.24	259.5	6.19	-112.1	282.7	-23.4
139069069	-2.84	-10.12	239.5	6.18	-126.6	270.9	-27.9
141070070	-2.82	-12.12	219.0	6.22	-139.4	259.6	-32.5
143071071	-2.80	-14.11	198.6	6.26	-147.8	247.6	-36.7
145072072	-2.78	-16.13	178.8	6.30	-152.6	235.1	-40.5
147073073	-2.76	-18.31	159.1	6.35	-154.7	221.9	-44.2
149074074	-2.74	-20.44	141.7	6.40	-154.6	209.7	-47.5
151075075	-2.71	-22.64	125.7	6.46	-152.5	197.6	-50.5
153076076	-2.68	-24.89	111.2	6.54	-149.5	186.3	-53.4
155077077	-2.65	-27.15	98.5	6.62	-145.4	175.6	-55.9
157078078	-2.61	-29.50	87.1	6.71	-140.6	165.4	-58.2
159079079	-2.58	-31.87	77.1	6.80	-135.4	155.8	-60.3
161080080	-2.55	-34.28	68.6	6.86	-129.7	146.7	-62.1
163081081	-2.53	-36.64	61.5	6.91	-124.1	138.5	-63.6
165082082	-2.50	-39.01	55.2	6.99	-118.8	131.0	-65.1
167083083	-2.48	-41.35	49.8	7.05	-113.8	124.2	-66.3
169084084	-2.45	-43.66	45.2	7.13	-109.0	118.0	-67.5
171085085	-2.41	-45.91	41.0	7.25	-104.7	112.4	-68.6
173086086	-2.36	-48.30	36.9	7.42	-100.4	107.0	-69.8
175087087	-2.30	-50.86	33.1	7.60	-96.0	101.6	-71.0
177088088	-2.24	-53.46	29.8	7.80	-91.7	96.4	-72.0
179089089	-2.19	-56.19	26.8	7.96	-87.4	91.4	-72.9
181090090	-2.17	-59.08	24.4	8.05	-82.9	86.4	-73.6
183091091	-2.14	-61.97	22.2	8.15	-78.7	81.8	-74.2
185092092	-2.13	-64.87	20.4	8.20	-74.8	77.5	-74.7
187093093	-2.11	-68.12	18.6	8.29	-70.6	73.1	-75.2
189094094	-2.08	-71.50	17.0	8.38	-66.6	68.8	-75.7
191095095	-2.08	-75.07	15.7	8.39	-62.6	64.6	-75.9
193096096	-2.09	-78.90	14.5	8.34	-58.6	60.4	-76.1
195097097	-2.10	-83.10	13.4	8.32	-54.6	56.2	-76.2
197098098	-2.09	-87.78	12.3	8.33	-50.4	51.9	-76.3
199099099	-2.11	-93.40	11.3	8.26	-45.8	47.2	-76.2
201100100	-2.22	-99.67	10.7	7.88	-41.0	42.4	-75.3
203101101	-2.36	-106.54	10.4	7.39	-36.3	37.7	-74.0
205102102	-2.57	-114.55	10.3	6.82	-31.2	32.8	-71.8
207103103	-2.86	-123.35	10.4	6.14	-26.0	28.0	-68.2
209104104	-3.26	-133.13	10.9	5.40	-20.8	23.5	-62.3
211105105	-3.80	-144.17	11.8	4.65	-15.3	19.4	-52.4
213106106	-4.54	-156.36	13.3	3.91	-9.8	16.5	-36.2
215107107	-5.55	-169.68	15.6	3.24	-4.1	16.1	-14.7
217108108	-6.74	175.69	18.5	2.70	1.6	18.6	5.0
219109109	-8.03	159.61	22.2	2.31	7.3	23.3	18.2
221110110	-9.19	142.93	26.3	2.06	12.5	29.1	25.4
223111111	-9.77	126.06	30.1	1.96	17.6	34.9	30.4
225112112	-9.71	109.40	33.7	1.97	23.3	41.0	34.6
227113113	-8.88	94.99	36.5	2.12	30.1	47.3	39.5
229114114	-7.69	81.10	39.8	2.40	39.1	55.8	44.5
231115115	-6.41	67.61	44.6	2.83	51.1	67.9	48.9
233116116	-5.36	55.45	52.2	3.35	65.5	83.7	51.4
235117117	-4.50	44.53	63.8	3.95	82.6	104.4	52.3
237118118	-3.87	35.20	81.2	4.56	101.5	130.0	51.4
239119119	-3.42	27.07	107.4	5.14	120.9	161.7	48.4
241120120	-3.09	20.01	146.1	5.68	137.5	200.6	43.3
243121121	-2.80	13.77	202.1	6.25	146.5	249.6	35.9
245122122	-2.56	7.98	279.7	6.83	129.8	308.4	24.9
247123123	-2.38	2.53	357.3	7.33	56.7	361.8	9.0
249124124	-2.27	-2.51	375.1	7.71	-62.2	380.2	-9.4
251125125	-2.17	-7.36	318.5	8.04	-161.4	357.1	-26.9
253126126	-2.13	-11.73	242.4	8.18	-198.5	313.3	-39.3
255127127	-2.08	-15.64	183.7	8.38	-204.5	274.9	-48.1
257128128	-2.05	-19.43	140.2	8.52	-196.0	241.0	-54.4
259129129	-2.01	-22.95	110.0	8.69	-183.9	214.3	-59.1
261130130	-1.97	-26.38	87.9	8.87	-171.0	192.3	-62.8
263131131	-1.95	-29.65	72.4	8.96	-158.4	174.2	-65.4
265132132	-1.90	-32.69	60.5	9.17	-148.0	159.9	-67.8
267133133	-1.85	-35.63	51.1	9.43	-138.7	147.8	-69.8
269134134	-1.79	-38.51	43.5	9.72	-130.3	137.4	-71.5
271135135	-1.74	-41.34	37.4	10.04	-122.7	128.2	-73.1
273136136	-1.68	-44.12	32.4	10.36	-115.7	120.1	-74.4
275137137	-1.63	-46.74	28.4	10.69	-109.6	113.2	-75.5
277138138	-1.58	-49.37	25.0	11.02	-103.8	106.8	-76.4
279139139	-1.54	-51.82	22.4	11.34	-98.9	101.4	-77.3
281140140	-1.49	-54.18	20.1	11.69	-94.4	96.5	-78.0
283141141	-1.43	-56.50	17.9	12.17	-90.3	92.1	-78.8
285142142	-1.36	-58.77	16.0	12.76	-86.6	88.0	-79.6
287143143	-1.31	-60.96	14.4	13.24	-83.1	84.3	-80.1
289144144	-1.25	-63.14	13.0	13.88	-79.8	80.9	-80.8
291145145	-1.20	-65.24	11.7	14.55	-76.9	77.7	-81.4
293146146	-1.14	-67.34	10.6	15.27	-74.0	74.8	-81.9
295147147	-1.09	-69.44	9.6	15.94	-71.3	71.9	-82.3
297148148	-1.05	-71.46	8.8	16.62	-68.8	69.3	-82.7
299149149	-1.02	-73.41	8.1	17.07	-66.4	66.9	-83.0
301150150	-0.98	-75.27	7.5	17.77	-64.3	64.7	-83.3
303151151	-0.97	-77.04	7.1	17.94	-62.3	62.7	-83.5
305152152	-0.94	-78.85	6.7	18.48	-60.4	60.8	-83.7
307153153	-0.92	-80.65	6.3	18.94	-58.5	58.9	-83.9
309154154	-0.92	-82.35	6.1	18.91	-56.8	57.1	-83.9
311155155	-0.92	-84.10	5.9	18.95	-55.1	55.4	-83.9
313156156	-0.92	-85.67	5.7	18.99	-53.6	53.9	-84.0
315157157	-0.94	-87.29	5.6	18.57	-52.1	52.4	-83.8
317158158	-0.95	-88.78	5.5	18.36	-50.8	51.1	-83.8
319159159	-0.95	-90.17	5.4	18.35	-49.6	49.9	-83.8
321160160	-0.93	-91.57	5.2	18.63	-48.4	48.7	-83.9
323161161	-0.92	-92.94	5.0	18.92	-47.2	47.5	-83.9
325162162	-0.92	-94.35	4.9	18.80	-46.1	46.4	-83.9
327163163	-0.91	-95.77	4.7	19.17	-45.0	45.2	-84.0
329164164	-0.89	-97.16	4.6	19.46	-43.9	44.1	-84.1
331165165	-0.88	-98.64	4.4	19.85	-42.8	43.0	-84.2
333166166	-0.86	-100.21	4.2	20.26	-41.6	41.8	-84.3
335167167	-0.85	-101.81	4.1	20.34	-40.5	40.7	-84.2
337168168	-0.85	-103.30	4.0	20.34	-39.4	39.6	-84.2
339169169	-0.86	-104.89	3.9	20.23	-38.3	38.5	-84.1
341170170	-0.87	-106.50	3.9	20.02	-37.2	37.4	-84.0
343171171	-0.87	-108.16	3.8	19.88	-36.1	36.3	-83.9
345172172	-0.88	-109.66	3.8	19.67	-35.1	35.3	-83.8
347173173	-0.90	-111.17	3.8	19.34	-34.1	34.3	-83.7
349174174	-0.90	-112.76	3.7	19.40	-33.1	33.3	-83.6
351175175	-0.91	-114.39	3.7	19.15	-32.1	32.3	-83.4
353176176	-0.91	-115.97	3.6	19.08	-31.1	31.4	-83.3
355177177	-0.92	-117.45	3.6	18.81	-30.3	30.5	-83.1
357178178	-0.93	-119.02	3.6	18.69	-29.3	29.5	-83.0
359179179	-0.94	-120.58	3.6	18.55	-28.4	28.6	-82.8
361180180	-0.95	-122.18	3.5	18.37	-27.5	27.7	-82.6
363181181	-0.95	-123.70	3.5	18.22	-26.6	26.9	-82.5
365182182	-0.96	-125.26	3.5	18.09	-25.8	26.0	-82.3
367183183	-0.97	-126.86	3.5	17.96	-24.9	25.1	-82.1
369184184	-0.96	-128.38	3.4	18.06	-24.1	24.3	-81.9
371185185	-0.96	-129.82	3.4	18.08	-23.3	23.6	-81.8
373186186	-0.96	-131.33	3.3	18.15	-22.5	22.8	-81.6
375187187	-0.96	-132.79	3.3	18.11	-21.8	22.0	-81.4
377188188	-0.95	-134.27	3.2	18.32	-21.0	21.3	-81.3
379189189	-0.94	-135.66	3.1	18.51	-20.3	20.5	-81.2
381190190	-0.93	-137.09	3.1	18.64	-19.6	19.8	-81.0
383191191	-0.92	-138.49	3.0	18.80	-18.9	19.1	-80.9
385192192	-0.91	-139.88	3.0	19.13	-18.2	18.4	-80.8
387193193	-0.90	-141.23	2.9	19.30	-17.5	17.8	-80.6
389194194	-0.89	-142.56	2.9	19.49	-16.9	17.1	-80.4
391195195	-0.88	-143.86	2.8	19.66	-16.3	16.5	-80.2
393196196	-0.87	-145.10	2.8	19.96	-15.7	15.9	-80.0
395197197	-0.86	-146.34	2.7	20.26	-15.1	15.3	-79.9
397198198	-0.85	-147.62	2.6	20.57	-14.5	14.7	-79.7
399199199	-0.83	-148.77	2.6	20.88	-13.9	14.2	-79.5
401200200	-0.83	-149.96	2.5	21.06	-13.4	13.6	-79.2
403201201	-0.81	-151.12	2.5	21.41	-12.8	13.1	-79.0
405202202	-0.80	-152.26	2.5	21.62	-12.3	12.6	-78.7
407203203	-0.80	-153.37	2.4	21.81	-11.8	12.1	-78.4
409204204	-0.78	-154.44	2.4	22.18	-11.3	11.6	-78.2
411205205	-0.79	-155.51	2.4	22.11	-10.8	11.1	-77.7
413206206	-0.79	-156.51	2.4	22.13	-10.4	10.6	-77.2
415207207	-0.78	-157.57	2.3	22.19	-9.9	10.2	-76.7
417208208	-0.78	-158.56	2.3	22.28	-9.4	9.7	-76.2
419209209	-0.79	-159.51	2.3	22.13	-9.0	9.3	-75.5
421210210	-0.79	-160.52	2.4	21.87	-8.6	8.9	-74.6
423211211	-0.80	-161.44	2.4	21.66	-8.2	8.5	-73.8
425212212	-0.81	-162.39	2.4	21.59	-7.7	8.1	-72.9
427213213	-0.83	-163.35	2.4	21.00	-7.3	7.7	-71.6
429214214	-0.84	-164.24	2.5	20.64	-6.9	7.3	-70.3
431215215	-0.85	-165.17	2.5	20.45	-6.5	7.0	-69.0
433216216	-0.87	-166.10	2.5	20.00	-6.1	6.6	-67.4
435217217	-0.89	-167.00	2.6	19.53	-5.7	6.2	-65.5
437218218	-0.91	-167.88	2.6	19.13	-5.3	5.9	-63.5
439219219	-0.93	-168.73	2.7	18.68	-4.9	5.6	-61.2
441220220	-0.96	-169.65	2.8	18.15	-4.5	5.3	-58.4
443221221	-0.98	-170.58	2.8	17.67	-4.1	5.0	-55.3
445222222	-1.01	-171.44	2.9	17.25	-3.7	4.7	-52.0
447223223	-1.04	-172.30	3.0	16.77	-3.4	4.5	-48.2
449224224	-1.07	-173.24	3.1	16.25	-2.9	4.3	-43.6
451225225	-1.10	-174.23	3.2	15.77	-2.5	4.1	-38.3
453226226	-1.12	-175.08	3.2	15.52	-2.1	3.9	-33.6
455227227	-1.15	-175.94	3.3	15.10	-1.8	3.8	-28.0
457228228	-1.18	-176.91	3.4	14.70	-1.3	3.7	-21.5
459229229	-1.22	-177.88	3.5	14.31	-0.9	3.6	-14.8
461230230	-1.24	-178.84	3.6	14.00	-0.5	3.6	-8.0
463231231	-1.28	-179.78	3.7	13.63	-0.1	3.7	-1.5
465232232	-1.29	179.24	3.7	13.49	0.3	3.7	5.1
467233233	-1.32	178.29	3.8	13.20	0.7	3.9	11.1
469234234	-1.35	177.31	3.9	12.92	1.2	4.0	16.8
471235235	-1.37	176.25	3.9	12.67	1.6	4.3	22.4
473236236	-1.40	175.26	4.0	12.44	2.1	4.5	27.0
475237237	-1.42	174.25	4.1	12.28	2.5	4.8	31.4
477238238	-1.44	173.27	4.1	12.10	2.9	5.1	35.2
479239239	-1.45	172.25	4.2	12.03	3.4	5.4	38.8
481240240	-1.46	171.20	4.2	11.92	3.8	5.7	42.2
483241241	-1.47	170.12	4.3	11.81	4.3	6.0	45.2
485242242	-1.49	169.11	4.3	11.70	4.7	6.4	47.7
487243243	-1.50	168.04	4.3	11.65	5.2	6.8	50.1
489244244	-1.50	167.05	4.4	11.57	5.6	7.1	52.2
491245245	-1.51	165.96	4.4	11.55	6.1	7.5	54.3
493246246	-1.52	164.93	4.4	11.46	6.6	7.9	55.9
495247247	-1.52	163.86	4.5	11.44	7.0	8.3	57.6
497248248	-1.52	162.86	4.5	11.43	7.5	8.7	59.1
499249249	-1.51	161.75	4.5	11.50	8.0	9.1	60.8
501250250	-1.51	160.73	4.5	11.53	8.4	9.5	62.1
503251251	-1.50	159.62	4.5	11.59	8.9	10.0	63.5
505252252	-1.50	158.63	4.5	11.59	9.4	10.4	64.5
507253253	-1.49	157.55	4.5	11.66	9.8	10.8	65.6
509254254	-1.49	156.53	4.5	11.66	10.3	11.2	66.5
511255255	-1.49	155.41	4.5	11.68	10.8	11.7	67.5
513256256	-1.48	154.33	4.5	11.76	11.3	12.2	68.4
515257257	-1.47	153.27	4.5	11.82	11.8	12.6	69.2
517258258	-1.47	152.20	4.5	11.87	12.3	13.1	70.0
519259259	-1.46	151.15	4.5	11.89	12.8	13.5	70.7
521260260	-1.46	150.11	4.5	11.93	13.2	14.0	71.3
523261261	-1.46	149.02	4.5	11.93	13.8	14.5	71.8
525262262	-1.45	147.96	4.5	12.03	14.2	14.9	72.5
527263263	-1.45	146.91	4.5	11.98	14.7	15.4	72.9
529264264	-1.45	145.78	4.5	12.03	15.3	15.9	73.4
531265265	-1.44	144.65	4.6	12.08	15.8	16.5	73.9
533266266	-1.45	143.54	4.6	12.05	16.3	17.0	74.3
535267267	-1.44	142.42	4.6	12.06	16.9	17.5	74.7
537268268	-1.44	141.30	4.6	12.10	17.4	18.0	75.1
539269269	-1.44	140.19	4.7	12.08	18.0	18.6	75.4
541270270	-1.44	139.03	4.7	12.07	18.5	19.1	75.7
543271271	-1.45	137.86	4.8	12.02	19.1	19.7	76.0
545272272	-1.46	136.77	4.9	11.91	19.7	20.2	76.1
547273273	-1.47	135.56	4.9	11.82	20.3	20.8	76.3
549274274	-1.48	134.38	5.0	11.73	20.8	21.4	76.5
551275275	-1.49	133.13	5.1	11.69	21.5	22.1	76.7
553276276	-1.51	131.85	5.2	11.54	22.1	22.7	76.8
555277277	-1.53	130.57	5.3	11.38	22.8	23.4	76.9
557278278	-1.55	129.33	5.4	11.24	23.4	24.1	76.9
559279279	-1.55	128.08	5.5	11.20	24.1	24.7	77.1
561280280	-1.58	126.72	5.7	11.03	24.8	25.5	77.2
563281281	-1.60	125.30	5.8	10.88	25.6	26.2	77.2
565282282	-1.64	124.05	6.0	10.65	26.3	26.9	77.1
567283283	-1.66	122.67	6.2	10.48	27.0	27.7	77.1
569284284	-1.71	121.40	6.4	10.19	27.7	28.4	76.9
571285285	-1.74	119.98	6.6	10.03	28.5	29.3	76.9
573286286	-1.77	118.57	6.9	9.83	29.3	30.1	76.8
575287287	-1.82	117.10	7.1	9.59	30.1	31.0	76.7
577288288	-1.85	115.75	7.4	9.42	30.9	31.8	76.6
579289289	-1.92	114.31	7.7	9.10	31.7	32.7	76.3
581290290	-1.95	112.78	8.0	8.95	32.6	33.6	76.2
583291291	-2.01	111.42	8.4	8.70	33.4	34.5	76.0
585292292	-2.07	110.02	8.8	8.41	34.3	35.4	75.6
587293293	-2.14	108.52	9.2	8.14	35.2	36.4	75.3
589294294	-2.20	107.10	9.7	7.94	36.0	37.3	75.0
591295295	-2.27	105.67	10.1	7.71	36.9	38.3	74.7
593296296	-2.36	104.34	10.7	7.42	37.7	39.2	74.2
595297297	-2.44	103.30	11.2	7.18	38.3	39.9	73.7
597298298	-2.51	102.10	11.7	6.96	39.1	40.8	73.3
599299299	-2.60	101.10	12.3	6.74	39.6	41.5	72.8
601300300	-2.67	100.22	12.7	6.56	40.2	42.1	72.4
603301301	-2.74	99.44	13.2	6.39	40.6	42.7	72.0
605302302	-2.80	98.74	13.6	6.26	41.0	43.2	71.7
607303303	-2.82	98.17	13.8	6.21	41.4	43.7	71.5
609304304	-2.85	97.67	14.1	6.16	41.7	44.0	71.4
611305305	-2.84	97.25	14.1	6.18	42.0	44.3	71.5
613306306	-2.80	96.71	14.0	6.27	42.5	44.7	71.8
615307307	-2.75	96.13	13.9	6.38	43.0	45.2	72.1
617308308	-2.66	95.53	13.6	6.57	43.5	45.6	72.6
619309309	-2.58	94.70	13.4	6.78	44.2	46.2	73.2
621310310	-2.52	93.78	13.3	6.95	45.0	46.9	73.6
623311311	-2.43	92.78	13.0	7.19	45.9	47.7	74.1
625312312	-2.36	91.85	12.9	7.40	46.7	48.5	74.6
627313313	-2.28	90.71	12.7	7.66	47.8	49.4	75.1
629314314	-2.20	89.54	12.5	7.94	48.8	50.4	75.6
631315315	-2.13	88.43	12.3	8.20	49.8	51.3	76.1
633316316	-2.06	87.38	12.2	8.46	50.8	52.3	76.5
635317317	-2.01	86.29	12.1	8.68	51.9	53.3	76.8
637318318	-1.94	85.18	12.0	9.00	52.9	54.3	77.3
639319319	-1.88	83.93	11.9	9.29	54.2	55.5	77.6
641320320	-1.82	82.63	11.8	9.57	55.5	56.7	78.0
643321321	-1.78	81.58	11.8	9.81	56.5	57.8	78.2
645322322	-1.74	80.51	11.8	10.00	57.7	58.9	78.4
647323323	-1.70	79.32	11.8	10.27	58.9	60.1	78.7
649324324	-1.66	78.15	11.8	10.52	60.2	61.3	78.9
651325325	-1.61	77.02	11.8	10.82	61.5	62.6	79.2
653326326	-1.59	75.89	11.9	10.99	62.7	63.9	79.3
655327327	-1.55	74.60	12.0	11.20	64.2	65.3	79.4
657328328	-1.56	73.43	12.3	11.19	65.6	66.7	79.4
659329329	-1.55	72.22	12.6	11.25	67.0	68.2	79.3
661330330	-1.54	70.63	13.0	11.31	69.0	70.2	79.3
663331331	-1.52	69.34	13.2	11.49	70.6	71.9	79.4
665332332	-1.52	68.06	13.7	11.47	72.3	73.6	79.3
667333333	-1.54	66.91	14.3	11.30	73.8	75.1	79.0
669334334	-1.55	65.66	14.9	11.20	75.4	76.9	78.8
671335335	-1.55	64.28	15.4	11.24	77.4	78.9	78.7
673336336	-1.57	62.97	16.2	11.09	79.3	80.9	78.5
675337337	-1.59	61.75	16.9	10.98	81.0	82.8	78.2
677338338	-1.64	60.46	18.1	10.60	82.9	84.8	77.7
679339339	-1.68	59.11	19.2	10.39	84.9	87.1	77.2
681340340	-1.70	57.88	20.2	10.26	86.9	89.2	76.9
683341341	-1.74	56.53	21.5	10.00	89.0	91.6	76.4
685342342	-1.79	55.10	23.1	9.73	91.3	94.2	75.8
687343343	-1.84	53.62	24.8	9.48	93.8	97.0	75.2
689344344	-1.90	52.28	26.8	9.18	95.9	99.6	74.4
691345345	-1.92	50.83	28.4	9.06	98.6	102.6	73.9
693346346	-2.00	49.26	31.0	8.73	101.3	105.9	73.0
695347347	-2.05	47.55	33.8	8.50	104.5	109.8	72.1
697348348	-2.12	45.82	36.9	8.25	107.7	113.9	71.1
699349349	-2.15	44.20	39.9	8.12	111.0	118.0	70.3
701350350	-2.23	42.56	43.8	7.83	114.0	122.1	69.0
703351351	-2.28	40.88	47.6	7.68	117.5	126.8	68.0
705352352	-2.33	39.18	52.0	7.50	121.0	131.7	66.7
707353353	-2.38	37.29	57.3	7.34	125.0	137.6	65.4
709354354	-2.45	35.39	63.5	7.15	128.9	143.7	63.8
711355355	-2.50	33.49	70.3	6.99	132.8	150.3	62.1
713356356	-2.54	31.62	77.5	6.88	136.8	157.2	60.5
715357357	-2.58	29.71	85.7	6.78	140.8	164.9	58.7
717358358	-2.64	27.84	95.0	6.64	144.0	172.6	56.6
719359359	-2.68	25.97	105.2	6.53	146.9	180.7	54.4
721360360	-2.72	23.95	117.4	6.44	149.7	190.3	51.9
723361361	-2.75	21.90	131.2	6.37	152.0	200.8	49.2
725362362	-2.78	19.90	146.1	6.31	153.0	211.6	46.3
727363363	-2.79	17.83	163.3	6.28	153.1	223.8	43.2
729364364	-2.82	15.76	182.0	6.21	149.5	235.5	39.4
731365365	-2.85	13.75	201.4	6.16	143.5	247.3	35.5
733366366	-2.85	11.78	221.5	6.14	135.2	259.5	31.4
735367367	-2.88	9.69	242.1	6.09	120.7	270.5	26.5
737368368	-2.88	7.48	263.7	6.08	101.6	282.6	21.1
739369369	-2.89	5.42	281.0	6.07	78.3	291.7	15.6
741370370	-2.87	3.28	296.1	6.10	50.3	300.4	9.6
743371371	-2.90	1.28	301.4	6.06	19.9	302.1	3.8
745372372	-2.90	-0.89	301.2	6.04	-13.8	301.5	-2.6
747373373	-2.91	-3.04	293.9	6.02	-45.6	297.4	-8.8
749374374	-2.92	-5.23	279.8	6.00	-74.4	289.5	-14.9
751375375	-2.93	-7.27	262.8	5.99	-96.9	280.1	-20.2
753376376	-2.95	-9.45	241.2	5.95	-114.6	267.0	-25.4
755377377	-2.96	-11.49	221.0	5.94	-126.9	254.8	-29.9
757378378	-2.97	-13.57	200.6	5.91	-135.2	241.9	-34.0
759379379	-2.99	-15.58	181.8	5.87	-139.3	229.0	-37.5
761380380	-3.00	-17.57	164.8	5.85	-141.3	217.1	-40.6
763381381	-3.04	-19.84	147.3	5.78	-140.1	203.3	-43.6
765382382	-3.07	-21.96	133.0	5.71	-137.8	191.5	-46.0
767383383	-3.09	-23.97	121.0	5.68	-135.2	181.4	-48.2
769384384	-3.15	-26.08	110.1	5.57	-130.5	170.7	-49.8
771385385	-3.22	-28.10	101.2	5.45	-125.6	161.3	-51.1
773386386	-3.31	-30.13	93.5	5.32	-120.4	152.5	-52.2
775387387	-3.39	-32.10	87.0	5.19	-115.5	144.6	-53.0
777388388	-3.48	-34.06	81.4	5.05	-110.7	137.4	-53.7
779389389	-3.61	-35.91	77.0	4.89	-105.7	130.8	-53.9
781390390	-3.71	-37.72	73.0	4.75	-101.4	125.0	-54.3
783391391	-3.82	-39.40	69.7	4.63	-97.6	119.9	-54.4
785392392	-3.93	-41.02	67.0	4.49	-93.8	115.2	-54.5
787393393	-4.05	-42.44	64.9	4.37	-90.5	111.3	-54.4
789394394	-4.17	-43.72	63.2	4.25	-87.5	108.0	-54.2
791395395	-4.29	-45.06	61.5	4.13	-84.7	104.6	-54.0
793396396	-4.36	-46.03	60.2	4.07	-82.9	102.4	-54.0
795397397	-4.42	-46.92	59.1	4.01	-81.3	100.5	-54.0
797398398	-4.45	-47.67	58.1	3.98	-80.2	99.0	-54.1
799399399	-4.44	-48.48	56.7	4.00	-79.6	97.7	-54.5
801400400	-4.35	-48.99	55.3	4.08	-80.0	97.2	-55.3
803401401	-4.24	-49.78	53.3	4.18	-80.3	96.4	-56.4
805402402	-4.04	-50.95	50.2	4.38	-80.9	95.2	-58.2
807403403	-3.88	-52.53	46.8	4.56	-80.5	93.1	-59.8
809404404	-3.66	-54.35	42.8	4.82	-80.1	90.8	-61.9
811405405	-3.45	-56.68	38.4	5.10	-78.8	87.6	-64.0
813406406	-3.28	-59.16	34.6	5.36	-76.7	84.2	-65.8
815407407	-3.15	-61.93	31.1	5.58	-74.0	80.3	-67.2
817408408	-3.00	-64.81	27.8	5.84	-71.3	76.5	-68.7
819409409	-2.91	-67.89	25.1	6.03	-68.1	72.6	-69.8
821410410	-2.86	-70.84	23.0	6.14	-65.0	69.0	-70.5
823411411	-2.78	-74.04	21.0	6.30	-61.9	65.3	-71.3
825412412	-2.74	-77.10	19.4	6.39	-58.9	62.0	-71.8
827413413	-2.71	-79.96	18.1	6.46	-56.3	59.1	-72.1
829414414	-2.69	-82.97	17.0	6.51	-53.6	56.2	-72.4
831415415	-2.69	-85.81	16.1	6.51	-51.1	53.6	-72.5
833416416	-2.68	-88.46	15.3	6.53	-48.9	51.3	-72.6
835417417	-2.68	-91.21	14.7	6.53	-46.8	49.0	-72.6
837418418	-2.67	-93.87	14.0	6.55	-44.7	46.9	-72.6
839419419	-2.68	-96.35	13.5	6.53	-42.9	45.0	-72.5
841420420	-2.68	-98.85	13.0	6.54	-41.1	43.1	-72.4
843421421	-2.67	-101.26	12.6	6.56	-39.5	41.4	-72.3
845422422	-2.67	-103.56	12.2	6.55	-37.9	39.8	-72.2
847423423	-2.70	-105.70	12.0	6.49	-36.5	38.4	-71.8
849424424	-2.70	-107.85	11.7	6.48	-35.1	37.0	-71.6
851425425	-2.72	-110.03	11.4	6.45	-33.8	35.6	-71.3
853426426	-2.72	-112.10	11.1	6.45	-32.5	34.4	-71.1
855427427	-2.72	-114.15	10.9	6.44	-31.3	33.1	-70.8
857428428	-2.76	-116.09	10.8	6.35	-30.1	32.0	-70.2
859429429	-2.78	-117.97	10.7	6.31	-29.0	30.9	-69.8
861430430	-2.79	-119.88	10.5	6.29	-28.0	29.9	-69.4
863431431	-2.81	-121.78	10.4	6.24	-26.9	28.9	-68.9
865432432	-2.80	-123.56	10.2	6.26	-26.0	27.9	-68.5
867433433	-2.83	-125.39	10.1	6.20	-25.0	26.9	-67.9
869434434	-2.88	-127.20	10.2	6.09	-24.0	26.1	-67.0
871435435	-2.89	-128.98	10.1	6.07	-23.1	25.2	-66.5
873436436	-2.93	-130.75	10.0	5.99	-22.2	24.3	-65.6
875437437	-2.96	-132.51	10.0	5.93	-21.3	23.5	-64.8
877438438	-2.98	-134.34	9.9	5.89	-20.3	22.6	-64.0
879439439	-3.00	-136.04	9.9	5.84	-19.5	21.9	-63.1
881440440	-3.04	-137.76	9.9	5.77	-18.6	21.1	-62.0
883441441	-3.07	-139.41	9.9	5.73	-17.9	20.4	-61.0
885442442	-3.06	-141.08	9.8	5.73	-17.1	19.7	-60.2
887443443	-3.08	-142.81	9.7	5.70	-16.2	18.9	-59.1
889444444	-3.09	-144.56	9.7	5.69	-15.4	18.2	-58.0
891445445	-3.10	-146.32	9.6	5.66	-14.6	17.5	-56.7
893446446	-3.11	-148.03	9.5	5.65	-13.8	16.8	-55.4
895447447	-3.12	-149.69	9.5	5.64	-13.1	16.2	-54.0
897448448	-3.11	-151.42	9.4	5.64	-12.3	15.5	-52.6
899449449	-3.12	-153.12	9.4	5.63	-11.6	14.9	-50.9
901450450	-3.10	-154.80	9.3	5.66	-10.8	14.2	-49.4
903451451	-3.09	-156.50	9.2	5.69	-10.1	13.6	-47.7
905452452	-3.08	-158.21	9.1	5.70	-9.3	13.0	-45.7
907453453	-3.05	-159.87	8.9	5.76	-8.6	12.4	-43.9
909454454	-3.02	-161.45	8.8	5.80	-7.9	11.9	-41.8
911455455	-3.00	-163.04	8.7	5.85	-7.2	11.3	-39.6
913456456	-2.98	-164.77	8.6	5.89	-6.5	10.8	-36.9
915457457	-2.92	-166.23	8.4	6.01	-5.9	10.3	-34.8
917458458	-2.87	-167.76	8.3	6.10	-5.2	9.8	-32.2
919459459	-2.84	-169.24	8.2	6.17	-4.6	9.4	-29.3
921460460	-2.78	-170.73	8.0	6.29	-4.0	8.9	-26.3
923461461	-2.73	-172.27	7.8	6.42	-3.3	8.5	-22.9
925462462	-2.68	-173.70	7.7	6.54	-2.7	8.1	-19.3
927463463	-2.62	-175.07	7.5	6.67	-2.1	7.8	-15.7
929464464	-2.56	-176.39	7.3	6.83	-1.5	7.5	-11.9
931465465	-2.51	-177.84	7.2	6.96	-0.9	7.2	-7.3
933466466	-2.45	-179.12	7.0	7.13	-0.4	7.0	-3.1
935467467	-2.40	179.58	6.9	7.29	0.2	6.9	1.5
937468468	-2.33	178.29	6.7	7.50	0.7	6.7	6.3
939469469	-2.26	177.03	6.5	7.74	1.3	6.6	11.2
941470470	-2.21	175.79	6.3	7.89	1.8	6.6	15.9
943471471	-2.15	174.58	6.2	8.10	2.3	6.6	20.6
945472472	-2.08	173.39	6.0	8.39	2.8	6.6	25.4
947473473	-2.04	172.22	5.9	8.57	3.4	6.8	29.8
949474474	-1.97	170.99	5.7	8.86	3.9	6.9	34.4
951475475	-1.91	169.81	5.5	9.15	4.4	7.1	38.6
953476476	-1.85	168.63	5.3	9.44	4.9	7.3	42.6
955477477	-1.78	167.51	5.2	9.79	5.4	7.5	46.3
957478478	-1.72	166.38	5.0	10.13	5.9	7.7	49.8
959479479	-1.67	165.28	4.9	10.41	6.4	8.0	52.6
961480480	-1.61	164.07	4.7	10.82	6.9	8.4	55.8
963481481	-1.55	163.00	4.5	11.25	7.4	8.7	58.5
965482482	-1.49	161.94	4.4	11.67	7.9	9.0	60.9
967483483	-1.44	160.71	4.3	12.09	8.4	9.4	63.3
969484484	-1.38	159.57	4.1	12.62	9.0	9.8	65.4
971485485	-1.32	158.48	3.9	13.22	9.4	10.2	67.5
973486486	-1.26	157.33	3.8	13.83	10.0	10.7	69.3
975487487	-1.20	156.09	3.6	14.55	10.5	11.1	71.2
977488488	-1.14	154.95	3.4	15.30	11.1	11.6	72.8
979489489	-1.09	153.71	3.3	16.03	11.6	12.1	74.2
981490490	-1.03	152.50	3.1	16.86	12.2	12.6	75.5
983491491	-0.98	151.36	3.0	17.83	12.7	13.1	76.8
985492492	-0.92	150.07	2.8	18.87	13.3	13.6	78.0
987493493	-0.85	148.93	2.6	20.37	13.9	14.1	79.2
989494494	-0.78	147.72	2.4	22.16	14.4	14.6	80.4
991495495	-0.72	146.30	2.2	24.31	15.1	15.3	81.6
993496496	-0.66	145.02	2.1	26.31	15.7	15.9	82.4
995497497	-0.60	143.70	1.9	28.84	16.4	16.5	83.3
997498498	-0.55	142.42	1.8	31.72	17.0	17.1	84.1
999499499	-0.48	141.13	1.6	36.25	17.6	17.7	85.0
1001500500	-0.41	139.86	1.3	42.74	18.3	18.3	85.8
1003501501	-0.34	138.39	1.1	50.95	19.0	19.0	86.6
1005502502	-0.27	136.98	0.9	64.13	19.7	19.7	87.4
1007503503	-0.20	135.71	0.7	87.32	20.3	20.4	88.1
1009504504	-0.12	134.20	0.4	142.94	21.1	21.1	88.9
1011505505	-0.03	132.81	0.1	564.53	21.8	21.8	89.7
1013506506	0.00	131.42	0.0	?	22.6	22.6	90.0
1015507507	0.00	129.93	0.0	?	23.4	23.4	90.0
1017508508	0.00	128.45	0.0	?	24.1	24.1	90.0
1019509509	0.00	126.96	0.0	?	25.0	25.0	90.0
1021510510	0.00	125.41	0.0	?	25.8	25.8	90.0
1023511511	0.00	123.89	0.0	?	26.6	26.6	90.0
1025512512	0.00	122.27	0.0	?	27.6	27.6	90.0
1027513513	0.00	120.64	0.0	?	28.5	28.5	90.0
1029514514	0.00	119.15	0.0	?	29.4	29.4	90.0
1031515515	0.00	117.67	0.0	?	30.2	30.2	90.0
1033516516	0.00	115.85	0.0	?	31.3	31.3	90.0
1035517517	0.00	114.30	0.0	?	32.3	32.3	90.0
1037518518	0.00	112.70	0.0	?	33.3	33.3	90.0
1039519519	0.00	110.82	0.0	?	34.5	34.5	90.0
1041520520	0.00	109.11	0.0	?	35.6	35.6	90.0
1043521521	0.00	107.36	0.0	?	36.8	36.8	90.0
1045522522	-0.85	165.72	2.5	20.57	6.2	6.7	68.4
1047523523	0.00	151.24	0.0	?	12.8	12.8	90.0
1049524524	0.00	99.95	0.0	?	42.0	42.0	90.0
1051525525	-0.01	92.61	0.1	720.26	47.8	47.8	89.9
1053526526	-0.04	90.23	0.2	435.08	49.8	49.8	89.7
1055527527	-0.07	87.77	0.4	258.99	52.0	52.0	89.6
1057528528	-0.08	85.26	0.5	222.80	54.3	54.3	89.5
1059529529	-0.12	82.85	0.8	145.61	56.7	56.7	89.2
1061530530	-0.15	80.54	1.0	116.24	59.0	59.0	89.0
1063531531	-0.21	77.91	1.5	81.88	61.8	61.8	88.6
1065532532	-0.30	75.50	2.3	57.70	64.5	64.6	87.9
1067533533	-0.39	72.92	3.2	44.27	67.6	67.6	87.3
1069534534	-0.47	70.41	4.0	37.12	70.7	70.8	86.7
1071535535	-0.56	67.81	5.2	30.99	74.2	74.3	86.0
1073536536	-0.71	65.38	6.9	24.60	77.5	77.8	84.9
1075537537	-0.84	62.74	8.8	20.78	81.3	81.8	83.8
1077538538	-0.99	60.27	11.2	17.55	85.0	85.8	82.5
1079539539	-1.18	57.63	14.4	14.71	89.1	90.3	80.8
1081540540	-1.39	55.28	18.1	12.51	92.7	94.5	78.9
1083541541	-1.61	52.87	22.5	10.82	96.4	99.0	76.8
1085542542	-1.85	50.40	27.8	9.43	100.0	103.8	74.4
1087543543	-2.15	47.98	34.6	8.12	102.8	108.5	71.4
1089544544	-2.45	45.48	42.2	7.14	105.2	113.3	68.2
1091545545	-2.79	43.33	50.4	6.27	105.6	117.0	64.5
1093546546	-3.14	41.53	58.2	5.59	104.4	119.5	60.9
1095547547	-3.50	39.17	67.4	5.03	102.9	123.0	56.8
1097548548	-3.90	37.08	76.2	4.52	98.9	124.8	52.4
1099549549	-4.34	34.88	84.8	4.08	93.1	125.9	47.7
1101550550	-4.84	32.80	92.0	3.68	85.0	125.3	42.7
1103551551	-5.33	30.63	97.8	3.36	76.4	124.1	38.0
1105552552	-5.92	28.31	101.9	3.05	65.6	121.2	32.8
1107553553	-6.56	26.52	102.5	2.77	55.2	116.5	28.3
1109554554	-7.23	24.41	102.1	2.54	45.3	111.7	23.9
1111555555	-7.90	22.62	100.1	2.35	37.0	106.7	20.3
1113556556	-8.69	20.59	96.8	2.16	29.0	101.1	16.7
1115557557	-9.49	19.24	92.6	2.01	23.1	95.4	14.0
1117558558	-10.36	17.31	88.6	1.87	17.6	90.3	11.2
1119559559	-11.29	15.77	84.2	1.75	13.5	85.3	9.1
1121560560	-12.26	14.05	80.2	1.64	10.1	80.8	7.2
1123561561	-13.30	13.24	76.2	1.55	7.9	76.6	5.9
1125562562	-14.50	12.06	72.3	1.46	5.9	72.5	4.7
1127563563	-15.75	11.48	68.8	1.39	4.6	69.0	3.8
1129564564	-17.23	10.48	65.6	1.32	3.3	65.6	2.9
1131565565	-18.77	10.53	62.7	1.26	2.7	62.8	2.4
1133566566	-20.51	10.73	60.2	1.21	2.1	60.2	2.0
1135567567	-22.69	10.55	57.7	1.16	1.6	57.8	1.5
1137568568	-25.43	11.12	55.5	1.11	1.1	55.5	1.2
1139569569	-28.63	16.89	53.7	1.08	1.2	53.7	1.2
1141570570	-33.07	26.12	52.0	1.05	1.0	52.0	1.1
1143571571	-41.79	56.91	50.4	1.02	0.7	50.4	0.8
1145572572	-36.28	142.14	48.8	1.03	0.9	48.8	1.1
1147573573	-30.97	166.10	47.3	1.06	0.6	47.3	0.8
1149574574	-27.29	172.43	45.9	1.09	0.5	45.9	0.7
1151575575	-24.69	174.70	44.5	1.12	0.5	44.5	0.6
1153576576	-22.69	177.32	43.2	1.16	0.3	43.2	0.4
1155577577	-21.21	177.69	42.0	1.19	0.3	42.0	0.4
1157578578	-19.66	177.44	40.6	1.23	0.4	40.6	0.5
1159579579	-18.29	177.68	39.1	1.28	0.4	39.2	0.6
1161580580	-17.28	176.82	38.0	1.32	0.6	38.0	0.9
1163581581	-16.30	175.85	36.7	1.36	0.8	36.8	1.3
1165582582	-15.42	175.24	35.5	1.41	1.0	35.6	1.7
1167583583	-14.67	174.28	34.5	1.45	1.3	34.5	2.2
1169584584	-13.83	173.35	33.2	1.51	1.6	33.2	2.8
1171585585	-13.19	172.21	32.1	1.56	2.0	32.2	3.6
1173586586	-12.56	170.21	31.1	1.62	2.6	31.2	4.8
1175587587	-11.98	169.21	30.1	1.67	3.0	30.2	5.8
1177588588	-11.41	167.64	29.0	1.74	3.6	29.3	7.1
1179589589	-10.90	166.32	28.1	1.80	4.1	28.4	8.4
1181590590	-10.37	164.67	27.1	1.87	4.8	27.5	10.0
1183591591	-9.95	163.13	26.3	1.93	5.4	26.8	11.6
1185592592	-9.56	161.43	25.5	2.00	6.1	26.3	13.4
1187593593	-9.17	159.66	24.8	2.07	6.8	25.7	15.4
1189594594	-8.82	158.28	24.1	2.14	7.4	25.2	17.1
1191595595	-8.44	157.03	23.3	2.22	8.0	24.6	19.0
1193596596	-8.12	155.22	22.6	2.29	8.8	24.3	21.3
1195597597	-7.76	153.84	21.9	2.39	9.5	23.8	23.5
1197598598	-7.47	152.76	21.2	2.47	10.0	23.5	25.3
1199599599	-7.16	151.25	20.6	2.56	10.8	23.2	27.6
1201600600	-6.89	149.86	20.0	2.65	11.4	23.1	29.7
1203601601	-6.53	148.52	19.2	2.78	12.1	22.7	32.3
1205602602	-6.21	147.10	18.5	2.92	12.9	22.5	34.9
1207603603	-5.87	145.65	17.7	3.07	13.7	22.3	37.8
1209604604	-5.58	143.91	17.0	3.22	14.6	22.4	40.6
1211605605	-5.19	141.97	16.1	3.45	15.6	22.4	44.2
1213606606	-4.89	139.82	15.4	3.65	16.7	22.7	47.4
1215607607	-4.59	137.48	14.7	3.87	18.0	23.2	50.7
1217608608	-4.26	135.25	13.9	4.16	19.2	23.7	54.1
1219609609	-3.97	132.81	13.2	4.45	20.5	24.4	57.2
1221610610	-3.68	130.02	12.6	4.80	22.1	25.4	60.3
1223611611	-3.41	127.10	12.0	5.15	23.7	26.6	63.2
1225612612	-3.14	123.96	11.4	5.59	25.5	27.9	66.0
1227613613	-2.93	120.59	11.0	5.99	27.5	29.6	68.3
1229614614	-2.70	117.30	10.5	6.48	29.5	31.3	70.4
1231615615	-2.44	113.78	9.9	7.16	31.7	33.2	72.7
1233616616	-2.21	109.82	9.4	7.89	34.3	35.6	74.7
1235617617	-2.06	106.01	9.2	8.48	36.9	38.0	76.0
1237618618	-1.83	101.76	8.7	9.51	39.9	40.9	77.7
1239619619	-1.73	97.51	8.7	10.06	43.1	44.0	78.5
1241620620	-1.62	93.28	8.7	10.74	46.4	47.3	79.3
1243621621	-1.49	88.49	8.7	11.71	50.6	51.3	80.2
1245622622	-1.41	83.62	9.0	12.37	55.1	55.8	80.7
1247623623	-1.30	78.89	9.1	13.44	60.0	60.6	81.3
1249624624	-1.22	73.90	9.6	14.24	65.6	66.3	81.6
1251625625	-1.15	69.24	10.1	15.18	71.5	72.2	81.9
1253626626	-1.12	64.32	11.3	15.52	78.4	79.2	81.8
1255627627	-1.15	59.72	13.1	15.15	85.6	86.6	81.3
1257628628	-1.12	54.98	14.8	15.57	94.3	95.4	81.0
1259629629	-1.11	50.02	17.5	15.69	104.8	106.2	80.5
1261630630	-1.15	45.26	21.8	15.11	116.5	118.5	79.4
1263631631	-1.13	40.47	26.3	15.40	131.0	133.6	78.6
1265632632	-1.18	35.88	34.1	14.80	147.3	151.2	77.0
1267633633	-1.22	31.10	45.8	14.29	168.2	174.3	74.8
1269634634	-1.30	26.40	64.9	13.43	192.6	203.2	71.4
1271635635	-1.34	21.65	93.8	13.01	223.8	242.7	67.2
1273636636	-1.46	17.14	144.0	11.94	251.7	290.0	60.2
1275637637	-1.57	12.82	219.9	11.12	269.1	347.6	50.7
1277638638	-1.70	8.35	330.4	10.25	243.5	410.4	36.4
1279639639	-1.84	4.03	427.7	9.50	141.1	450.4	18.3
1281640640	-1.97	-0.44	442.2	8.85	-14.8	442.4	-1.9
1283641641	-2.16	-4.50	367.4	8.07	-114.5	384.8	-17.3
1285642642	-2.32	-8.44	289.3	7.53	-157.1	329.3	-28.5
1287643643	-2.50	-12.46	223.6	7.00	-165.3	278.1	-36.5
1289644644	-2.69	-16.50	175.7	6.50	-158.5	236.6	-42.0
1291645645	-2.86	-20.31	143.4	6.13	-148.5	206.4	-46.0
1293646646	-3.07	-24.32	118.9	5.71	-135.4	180.2	-48.7
1295647647	-3.24	-27.91	102.2	5.42	-125.4	161.8	-50.8
1297648648	-3.42	-31.67	88.8	5.14	-115.3	145.6	-52.4
1299649649	-3.61	-35.23	79.0	4.88	-106.5	132.6	-53.4
1301650650	-3.77	-39.22	69.8	4.68	-98.4	120.7	-54.7
1303651651	-3.93	-42.86	63.1	4.50	-91.7	111.3	-55.5
1305652652	-4.04	-46.36	57.4	4.38	-86.2	103.5	-56.4
1307653653	-4.15	-49.77	52.7	4.27	-81.2	96.8	-57.0
1309654654	-4.24	-53.05	48.8	4.18	-76.8	91.0	-57.6
1311655655	-4.34	-56.62	45.1	4.09	-72.3	85.2	-58.1
1313656656	-4.46	-59.98	42.2	3.98	-68.3	80.3	-58.2
1315657657	-4.50	-63.13	39.5	3.94	-65.1	76.1	-58.7
1317658658	-4.53	-66.22	37.1	3.92	-62.2	72.4	-59.2
1319659659	-4.56	-69.15	35.0	3.90	-59.5	69.0	-59.6
1321660660	-4.55	-72.18	32.8	3.91	-57.1	65.8	-60.1
1323661661	-4.56	-74.92	31.2	3.90	-54.8	63.1	-60.4
1325662662	-4.55	-77.60	29.6	3.90	-52.8	60.5	-60.7
1327663663	-4.54	-80.22	28.2	3.91	-50.8	58.1	-61.0
1329664664	-4.52	-82.62	26.9	3.93	-49.1	56.0	-61.3
1331665665	-4.49	-85.18	25.6	3.96	-47.3	53.8	-61.6
1333666666	-4.47	-87.32	24.7	3.97	-45.9	52.1	-61.7
1335667667	-4.45	-89.54	23.8	3.99	-44.4	50.4	-61.8
1337668668	-4.39	-91.47	22.8	4.05	-43.2	48.9	-62.2
1339669669	-4.35	-93.57	21.9	4.08	-41.9	47.3	-62.4
1341670670	-4.32	-95.56	21.2	4.11	-40.7	45.9	-62.5
1343671671	-4.27	-97.47	20.4	4.15	-39.6	44.5	-62.7
1345672672	-4.21	-99.31	19.7	4.20	-38.5	43.2	-62.9
1347673673	-4.17	-101.07	19.1	4.24	-37.5	42.0	-63.0
1349674674	-4.10	-102.63	18.4	4.31	-36.6	41.0	-63.3
1351675675	-4.07	-104.13	17.9	4.34	-35.8	40.0	-63.4
1353676676	-4.05	-105.71	17.5	4.37	-34.8	39.0	-63.3
1355677677	-3.97	-107.26	16.9	4.45	-34.0	38.0	-63.7
1357678678	-3.92	-108.84	16.3	4.51	-33.2	37.0	-63.8
1359679679	-3.88	-110.29	15.9	4.56	-32.4	36.1	-63.8
1361680680	-3.86	-111.52	15.6	4.58	-31.7	35.4	-63.7
1363681681	-3.81	-112.86	15.2	4.64	-31.0	34.5	-63.9
1365682682	-3.76	-114.12	14.9	4.69	-30.3	33.8	-63.9
1367683683	-3.69	-115.52	14.4	4.78	-29.6	32.9	-64.1
1369684684	-3.65	-116.92	14.0	4.83	-28.9	32.1	-64.1
1371685685	-3.60	-117.93	13.7	4.89	-28.4	31.5	-64.2
1373686686	-3.55	-119.06	13.4	4.96	-27.8	30.9	-64.3
1375687687	-3.52	-120.27	13.1	5.00	-27.2	30.2	-64.2
1377688688	-3.48	-121.60	12.8	5.06	-26.5	29.5	-64.2
1379689689	-3.38	-122.64	12.3	5.20	-26.1	28.8	-64.6
1381690690	-3.34	-123.74	12.1	5.26	-25.5	28.2	-64.6
1383691691	-3.31	-124.85	11.9	5.31	-24.9	27.6	-64.5
1385692692	-3.26	-125.93	11.6	5.40	-24.4	27.0	-64.6
1387693693	-3.21	-127.06	11.3	5.47	-23.9	26.4	-64.6
1389694694	-3.18	-128.02	11.1	5.53	-23.4	25.9	-64.6
1391695695	-3.10	-128.97	10.7	5.67	-23.0	25.4	-64.9
1393696696	-3.04	-129.91	10.5	5.77	-22.5	24.8	-65.0
1395697697	-2.98	-130.90	10.2	5.88	-22.0	24.3	-65.1
1397698698	-2.92	-131.83	9.9	6.00	-21.6	23.8	-65.3
1399699699	-2.86	-132.77	9.7	6.13	-21.2	23.3	-65.4
1401700700	-2.80	-133.63	9.4	6.25	-20.8	22.8	-65.6
1403701701	-2.72	-134.57	9.1	6.43	-20.3	22.3	-65.9
1405702702	-2.67	-135.43	8.9	6.56	-19.9	21.8	-66.0
1407703703	-2.60	-136.09	8.6	6.73	-19.6	21.4	-66.3
1409704704	-2.55	-136.99	8.4	6.87	-19.2	21.0	-66.4
1411705705	-2.49	-137.52	8.2	7.02	-19.0	20.7	-66.7
1413706706	-2.44	-138.39	7.9	7.18	-18.6	20.2	-66.8
1415707707	-2.37	-139.03	7.7	7.37	-18.3	19.8	-67.1
1417708708	-2.27	-139.72	7.4	7.69	-18.0	19.4	-67.7
1419709709	-2.22	-140.33	7.2	7.86	-17.7	19.1	-67.9
1421710710	-2.16	-141.07	6.9	8.09	-17.4	18.7	-68.2
1423711711	-2.06	-141.68	6.6	8.47	-17.1	18.3	-68.9
1425712712	-2.01	-142.19	6.4	8.66	-16.9	18.1	-69.1
1427713713	-1.94	-142.77	6.2	9.00	-16.6	17.7	-69.6
1429714714	-1.85	-143.32	5.9	9.43	-16.4	17.4	-70.2
1431715715	-1.79	-143.87	5.7	9.72	-16.1	17.1	-70.6
1433716716	-1.74	-144.19	5.5	10.02	-16.0	16.9	-71.0
1435717717	-1.68	-144.73	5.3	10.37	-15.7	16.6	-71.4
1437718718	-1.61	-145.26	5.1	10.82	-15.5	16.3	-71.9
1439719719	-1.55	-145.63	4.9	11.22	-15.3	16.1	-72.3
1441720720	-1.47	-146.02	4.6	11.88	-15.2	15.8	-73.1
1443721721	-1.40	-146.35	4.4	12.42	-15.0	15.6	-73.7
1445722722	-1.33	-146.67	4.2	13.09	-14.9	15.4	-74.4
1447723723	-1.29	-146.93	4.0	13.49	-14.8	15.3	-74.7
1449724724	-1.24	-147.30	3.9	14.05	-14.6	15.1	-75.2
1451725725	-1.18	-147.67	3.7	14.71	-14.4	14.9	-75.7
1453726726	-1.14	-147.90	3.5	15.29	-14.3	14.7	-76.1
1455727727	-1.08	-148.17	3.3	16.15	-14.2	14.6	-76.7
1457728728	-1.04	-148.41	3.2	16.66	-14.1	14.5	-77.0
1459729729	-1.01	-148.58	3.1	17.20	-14.0	14.4	-77.4
1461730730	-0.97	-149.05	3.0	18.01	-13.8	14.1	-77.8
1463731731	-0.92	-149.10	2.9	18.85	-13.8	14.1	-78.3
1465732732	-0.87	-149.33	2.7	19.89	-13.7	13.9	-78.8
1467733733	-0.83	-149.59	2.6	20.85	-13.6	13.8	-79.2
1469734734	-0.80	-149.73	2.5	21.73	-13.5	13.7	-79.6
1471735735	-0.77	-149.87	2.4	22.53	-13.4	13.6	-80.0
1473736736	-0.76	-150.16	2.3	22.79	-13.3	13.5	-80.0
1475737737	-0.74	-150.21	2.3	23.63	-13.3	13.5	-80.3
1477738738	-0.69	-150.44	2.1	25.04	-13.2	13.3	-80.8
1479739739	-0.63	-150.47	1.9	27.42	-13.2	13.3	-81.6
1481740740	-0.62	-150.74	1.9	27.84	-13.0	13.2	-81.6
1483741741	-0.62	-150.86	1.9	27.95	-13.0	13.1	-81.6
1485742742	-0.64	-151.01	2.0	27.22	-12.9	13.1	-81.4
1487743743	-0.60	-151.27	1.9	28.76	-12.8	12.9	-81.8
1489744744	-0.59	-151.46	1.8	29.70	-12.7	12.8	-82.0
1491745745	-0.60	-151.70	1.8	29.00	-12.6	12.7	-81.7
1493746746	-0.56	-151.89	1.7	30.96	-12.5	12.6	-82.2
1495747747	-0.55	-152.04	1.7	31.42	-12.4	12.5	-82.3
1497748748	-0.57	-152.24	1.7	30.45	-12.3	12.5	-82.0
1499749749	-0.55	-152.37	1.7	31.43	-12.3	12.4	-82.2
1501750750	-0.53	-152.68	1.6	32.80	-12.1	12.2	-82.4
1503751751	-0.52	-152.92	1.6	33.41	-12.0	12.1	-82.5
1505752752	-0.50	-153.14	1.5	34.73	-11.9	12.0	-82.7
1507753753	-0.50	-153.45	1.5	34.72	-11.8	11.9	-82.7
1509754754	-0.51	-153.73	1.6	33.83	-11.7	11.8	-82.4
1511755755	-0.53	-153.93	1.6	33.07	-11.6	11.7	-82.2
1513756756	-0.52	-154.23	1.6	33.37	-11.4	11.5	-82.1
1515757757	-0.53	-154.61	1.6	33.04	-11.3	11.4	-82.0
1517758758	-0.48	-154.74	1.5	35.99	-11.2	11.3	-82.6
1519759759	-0.48	-155.09	1.5	35.89	-11.0	11.1	-82.5
1521760760	-0.49	-155.40	1.5	35.67	-10.9	11.0	-82.3
1523761761	-0.47	-155.79	1.4	36.95	-10.7	10.8	-82.5
1525762762	-0.40	-156.81	1.2	43.19	-10.3	10.3	-83.3
1527763763	-0.36	-158.18	1.1	48.11	-9.6	9.7	-83.6
1529764764	-0.38	-156.97	1.1	46.15	-10.2	10.2	-83.7
1531765765	-0.43	-156.76	1.3	40.40	-10.3	10.4	-82.8
1533766766	-0.44	-157.27	1.3	39.46	-10.0	10.1	-82.5
1535767767	-0.40	-157.48	1.2	43.67	-9.9	10.0	-83.2
1537768768	-0.37	-157.80	1.1	46.83	-9.8	9.9	-83.5
1539769769	-0.34	-158.19	1.0	51.47	-9.6	9.7	-84.0
1541770770	-0.36	-158.75	1.1	47.80	-9.4	9.4	-83.4
1543771771	-0.34	-159.12	1.0	50.67	-9.2	9.3	-83.7
1545772772	-0.31	-159.42	0.9	55.90	-9.1	9.1	-84.2
1547773773	-0.27	-159.99	0.8	65.46	-8.8	8.9	-84.9
1549774774	-0.26	-160.39	0.8	66.12	-8.6	8.7	-84.8
1551775775	-0.26	-160.74	0.8	67.05	-8.5	8.5	-84.8
1553776776	-0.21	-161.15	0.6	81.70	-8.3	8.3	-85.7
1555777777	-0.19	-161.57	0.6	92.55	-8.1	8.1	-86.1
1557778778	-0.17	-162.09	0.5	104.51	-7.9	7.9	-86.4
1559779779	-0.12	-162.53	0.3	146.47	-7.7	7.7	-87.4
1561780780	-0.09	-162.96	0.3	201.02	-7.5	7.5	-88.1
1563781781	-0.06	-163.46	0.2	273.06	-7.3	7.3	-88.5
1565782782	-0.01	-163.95	0.0	741.63	-7.0	7.0	-89.8
1567783783	0.00	-164.42	0.0	?	-6.8	6.8	-90.0
1569784784	0.00	-164.85	0.0	?	-6.6	6.6	-90.0
1571785785	0.00	-165.27	0.0	?	-6.5	6.5	-90.0
1573786786	0.00	-165.74	0.0	?	-6.3	6.3	-90.0
1575787787	0.00	-166.19	0.0	?	-6.1	6.1	-90.0
1577788788	0.00	-166.39	0.0	?	-6.0	6.0	-90.0
1579789789	0.00	-167.03	0.0	?	-5.7	5.7	-90.0
1581790790	0.00	-167.45	0.0	?	-5.5	5.5	-90.0
1583791791	0.00	-167.76	0.0	?	-5.4	5.4	-90.0
1585792792	0.00	-168.06	0.0	?	-5.2	5.2	-90.0
1587793793	0.00	-168.68	0.0	?	-5.0	5.0	-90.0
1589794794	0.00	-169.07	0.0	?	-4.8	4.8	-90.0
1591795795	0.00	-169.50	0.0	?	-4.6	4.6	-90.0
1593796796	0.00	-169.90	0.0	?	-4.4	4.4	-90.0
1595797797	0.00	-170.17	0.0	?	-4.3	4.3	-90.0
1597798798	0.00	-170.72	0.0	?	-4.1	4.1	-90.0
1599799799	0.00	-171.06	0.0	?	-3.9	3.9	-90.0
1601800800	0.00	-171.48	0.0	?	-3.7	3.7	-90.0
1603801801	0.00	-171.83	0.0	?	-3.6	3.6	-90.0
1605802802	0.00	-172.00	0.0	?	-3.5	3.5	-90.0
1607803803	0.00	-172.13	0.0	?	-3.4	3.4	-90.0
1609804804	0.00	-172.58	0.0	?	-3.2	3.2	-90.0
1611805805	0.00	-172.92	0.0	?	-3.1	3.1	-90.0
1613806806	0.00	-173.10	0.0	?	-3.0	3.0	-90.0
1615807807	0.00	-173.28	0.0	?	-2.9	2.9	-90.0
1617808808	0.00	-173.55	0.0	?	-2.8	2.8	-90.0
1619809809	0.00	-174.06	0.0	?	-2.6	2.6	-90.0
1621810810	0.00	-174.26	0.0	?	-2.5	2.5	-90.0
1623811811	0.00	-174.08	0.0	?	-2.6	2.6	-90.0
1625812812	0.00	-174.41	0.0	?	-2.4	2.4	-90.0
1627813813	0.00	-174.44	0.0	?	-2.4	2.4	-90.0
1629814814	0.00	-174.50	0.0	?	-2.4	2.4	-90.0
1631815815	0.00	-174.67	0.0	?	-2.3	2.3	-90.0
1633816816	0.00	-174.98	0.0	?	-2.2	2.2	-90.0
1635817817	0.00	-175.15	0.0	?	-2.1	2.1	-90.0
1637818818	0.00	-175.32	0.0	?	-2.0	2.0	-90.0
1639819819	0.00	-175.59	0.0	?	-1.9	1.9	-90.0
1641820820	0.00	-175.67	0.0	?	-1.9	1.9	-90.0
1643821821	0.00	-175.96	0.0	?	-1.8	1.8	-90.0
1645822822	0.00	-176.32	0.0	?	-1.6	1.6	-90.0
1647823823	0.00	-176.42	0.0	?	-1.6	1.6	-90.0
1649824824	0.00	-176.76	0.0	?	-1.4	1.4	-90.0
1651825825	0.00	-176.98	0.0	?	-1.3	1.3	-90.0
1653826826	0.00	-177.32	0.0	?	-1.2	1.2	-90.0
1655827827	0.00	-177.72	0.0	?	-1.0	1.0	-90.0
1657828828	0.00	-178.05	0.0	?	-0.9	0.9	-90.0
1659829829	0.00	-178.40	0.0	?	-0.7	0.7	-90.0
1661830830	0.00	-178.86	0.0	?	-0.5	0.5	-90.0
1663831831	0.00	-178.84	0.0	?	-0.5	0.5	-90.0
1665832832	0.00	-179.39	0.0	?	-0.3	0.3	-90.0
1667833833	0.00	-180.00	0.0	?	-0.0	0.0	-90.0
1669834834	0.00	179.21	0.0	?	0.3	0.3	90.0
1671835835	0.00	178.52	0.0	?	0.6	0.6	90.0
1673836836	0.00	178.22	0.0	?	0.8	0.8	90.0
1675837837	0.00	177.52	0.0	?	1.1	1.1	90.0
1677838838	0.00	176.81	0.0	?	1.4	1.4	90.0
1679839839	0.00	176.49	0.0	?	1.5	1.5	90.0
1681840840	0.00	175.77	0.0	?	1.8	1.8	90.0
1683841841	0.00	175.23	0.0	?	2.1	2.1	90.0
1685842842	0.00	174.23	0.0	?	2.5	2.5	90.0
1687843843	0.00	173.43	0.0	?	2.9	2.9	90.0
1689844844	0.00	172.83	0.0	?	3.1	3.1	90.0
1691845845	0.00	172.26	0.0	?	3.4	3.4	90.0
1693846846	0.00	171.15	0.0	?	3.9	3.9	90.0
1695847847	0.00	170.49	0.0	?	4.2	4.2	90.0
1697848848	0.00	169.61	0.0	?	4.5	4.5	90.0
1699849849	0.00	168.72	0.0	?	4.9	4.9	90.0
1701850850	0.00	167.91	0.0	?	5.3	5.3	90.0
1703851851	0.00	167.10	0.0	?	5.7	5.7	90.0
1705852852	0.00	166.30	0.0	?	6.0	6.0	90.0
1707853853	0.00	165.09	0.0	?	6.5	6.5	90.0
1709854854	0.00	164.11	0.0	?	7.0	7.0	90.0
1711855855	0.00	163.22	0.0	?	7.4	7.4	90.0
1713856856	0.00	161.85	0.0	?	8.0	8.0	90.0
1715857857	0.00	160.61	0.0	?	8.5	8.5	90.0
1717858858	0.00	159.64	0.0	?	9.0	9.0	90.0
1719859859	0.00	158.63	0.0	?	9.4	9.4	90.0
1721860860	0.00	157.52	0.0	?	9.9	9.9	90.0
1723861861	0.00	156.15	0.0	?	10.6	10.6	90.0
1725862862	0.00	155.04	0.0	?	11.1	11.1	90.0
1727863863	0.00	154.03	0.0	?	11.5	11.5	90.0
1729864864	0.00	153.06	0.0	?	12.0	12.0	90.0
1731865865	0.00	152.12	0.0	?	12.4	12.4	90.0
1733866866	0.00	151.18	0.0	?	12.8	12.8	90.0
1735867867	0.00	149.67	0.0	?	13.6	13.6	90.0
1737868868	0.00	148.95	0.0	?	13.9	13.9	90.0
1739869869	0.00	147.95	0.0	?	14.4	14.4	90.0
1741870870	0.00	146.90	0.0	?	14.9	14.9	90.0
1743871871	0.00	145.57	0.0	?	15.5	15.5	90.0
1745872872	0.00	144.64	0.0	?	15.9	15.9	90.0
1747873873	0.00	143.91	0.0	?	16.3	16.3	90.0
1749874874	0.00	143.16	0.0	?	16.7	16.7	90.0
1751875875	0.00	142.08	0.0	?	17.2	17.2	90.0
1753876876	0.00	140.71	0.0	?	17.8	17.8	90.0
1755877877	0.00	139.95	0.0	?	18.2	18.2	90.0
1757878878	0.00	138.74	0.0	?	18.8	18.8	90.0
1759879879	0.00	137.34	0.0	?	19.5	19.5	90.0
1761880880	0.00	136.46	0.0	?	20.0	20.0	90.0
1763881881	0.00	135.18	0.0	?	20.6	20.6	90.0
1765882882	0.00	133.99	0.0	?	21.2	21.2	90.0
1767883883	0.00	132.36	0.0	?	22.1	22.1	90.0
1769884884	0.00	130.70	0.0	?	22.9	22.9	90.0
1771885885	0.00	129.17	0.0	?	23.8	23.8	90.0
1773886886	0.00	127.02	0.0	?	24.9	24.9	90.0
1775887887	0.00	125.33	0.0	?	25.8	25.8	90.0
1777888888	0.00	123.16	0.0	?	27.1	27.1	90.0
1779889889	0.00	120.94	0.0	?	28.3	28.3	90.0
1781890890	0.00	119.61	0.0	?	29.1	29.1	90.0
1783891891	0.00	117.51	0.0	?	30.3	30.3	90.0
1785892892	0.00	115.47	0.0	?	31.6	31.6	90.0
1787893893	0.00	113.72	0.0	?	32.6	32.6	90.0
1789894894	0.00	111.09	0.0	?	34.3	34.3	90.0
1791895895	0.00	108.98	0.0	?	35.7	35.7	90.0
1793896896	0.00	107.20	0.0	?	36.9	36.9	90.0
1795897897	0.00	104.95	0.0	?	38.4	38.4	90.0
1797898898	0.00	102.48	0.0	?	40.1	40.1	90.0
1799899899	0.00	100.63	0.0	?	41.5	41.5	90.0
1801900900	0.00	98.80	0.0	?	42.9	42.9	90.0
1803901901	0.00	96.26	0.0	?	44.8	44.8	90.0
1805902902	0.00	94.38	0.0	?	46.3	46.3	90.0
1807903903	0.00	92.41	0.0	?	47.9	47.9	90.0
1809904904	0.00	89.64	0.0	?	50.3	50.3	90.0
1811905905	0.00	87.51	0.0	?	52.2	52.2	90.0
1813906906	0.00	85.59	0.0	?	54.0	54.0	90.0
1815907907	0.00	83.31	0.0	?	56.2	56.2	90.0
1817908908	0.00	81.31	0.0	?	58.2	58.2	90.0
1819909909	0.00	79.16	0.0	?	60.5	60.5	90.0
1821910910	0.00	76.58	0.0	?	63.3	63.3	90.0
1823911911	-0.27	74.71	2.1	65.01	65.5	65.5	88.2
1825912912	-0.43	72.17	3.6	40.25	68.5	68.6	87.0
1827913913	-0.80	69.35	7.1	21.62	71.8	72.2	84.3
1829914914	-1.01	67.14	9.4	17.29	74.5	75.1	82.8
1831915915	-1.29	65.05	12.7	13.48	76.9	78.0	80.7
1833916916	-1.54	62.64	16.0	11.31	79.8	81.4	78.7
1835917917	-1.81	59.87	20.2	9.64	83.2	85.6	76.4
1837918918	-2.07	57.73	24.3	8.44	85.5	88.9	74.1
1839919919	-2.28	55.46	28.4	7.67	88.1	92.5	72.1
1841920920	-2.51	52.80	33.5	6.98	91.1	97.0	69.8
1843921921	-2.77	50.45	39.1	6.32	93.0	100.9	67.2
1845922922	-3.00	47.99	45.1	5.84	95.0	105.1	64.6
1847923923	-3.26	45.24	52.3	5.40	96.7	110.0	61.6
1849924924	-3.46	42.60	59.4	5.09	98.3	114.9	58.9
1851925925	-3.67	39.74	67.6	4.81	99.4	120.2	55.8
1853926926	-3.89	37.11	76.1	4.54	99.0	124.9	52.5
1855927927	-4.09	34.64	84.1	4.33	98.0	129.2	49.4
1857928928	-4.26	31.63	94.1	4.16	96.7	134.9	45.8
1859929929	-4.44	28.86	103.6	4.00	93.6	139.6	42.1
1861930930	-4.60	26.55	111.4	3.86	89.6	143.0	38.8
1863931931	-4.78	23.55	121.2	3.72	83.6	147.3	34.6
1865932932	-4.96	20.67	129.9	3.60	76.1	150.5	30.4
1867933933	-5.03	18.14	137.7	3.55	70.0	154.5	26.9
1869934934	-5.17	15.09	145.4	3.46	60.0	157.3	22.4
1871935935	-5.29	12.66	150.1	3.38	50.8	158.5	18.7
1873936936	-5.36	10.07	154.9	3.34	41.2	160.3	14.9
1875937937	-5.44	7.43	158.3	3.30	30.6	161.2	11.0
1877938938	-5.53	4.35	160.0	3.24	17.8	161.0	6.4
1879939939	-5.67	1.94	158.2	3.17	7.7	158.4	2.8
1881940940	-5.69	-1.07	158.0	3.16	-4.2	158.1	-1.5
1883941941	-5.81	-3.53	153.9	3.10	-13.2	154.4	-4.9
1885942942	-5.87	-6.40	149.7	3.07	-22.9	151.5	-8.7
1887943943	-5.93	-8.77	145.0	3.04	-30.0	148.1	-11.7
1889944944	-5.95	-11.42	140.2	3.03	-37.5	145.1	-15.0
1891945945	-6.05	-14.03	133.5	2.99	-42.9	140.3	-17.8
1893946946	-6.13	-16.85	126.6	2.95	-48.0	135.4	-20.7
1895947947	-6.16	-19.34	120.9	2.94	-52.0	131.6	-23.3
1897948948	-6.22	-21.56	115.4	2.91	-54.4	127.6	-25.3
1899949949	-6.28	-24.29	109.0	2.89	-56.9	122.9	-27.6
1901950950	-6.29	-26.74	103.6	2.88	-59.1	119.3	-29.7
1903951951	-6.49	-29.28	97.4	2.80	-58.2	113.5	-30.8
1905952952	-6.59	-32.30	91.3	2.76	-58.5	108.4	-32.6
1907953953	-6.67	-34.26	87.5	2.73	-58.3	105.1	-33.7
1909954954	-6.84	-36.33	83.7	2.67	-56.9	101.2	-34.2
1911955955	-7.13	-38.11	80.5	2.57	-54.2	97.0	-34.0
1913956956	-7.33	-40.02	77.4	2.51	-52.5	93.6	-34.2
1915957957	-7.50	-41.12	75.8	2.46	-51.1	91.4	-34.0
1917958958	-7.67	-41.45	75.2	2.41	-49.7	90.1	-33.4
1919959959	-7.84	-41.13	75.5	2.36	-48.2	89.5	-32.6
1921960960	-7.90	-40.49	76.2	2.35	-47.5	89.8	-32.0
1923961961	-7.84	-39.21	77.9	2.36	-47.8	91.4	-31.5
1925962962	-7.67	-38.34	79.4	2.41	-49.1	93.3	-31.7
1927963963	-7.51	-37.73	80.5	2.46	-50.5	95.0	-32.1
1929964964	-7.26	-37.70	80.9	2.53	-52.8	96.6	-33.1
1931965965	-6.96	-38.67	79.8	2.63	-56.0	97.5	-35.1
1933966966	-6.66	-39.01	79.4	2.73	-59.2	99.0	-36.7
1935967967	-6.44	-40.09	77.6	2.82	-61.6	99.1	-38.4
1937968968	-6.20	-41.19	75.6	2.92	-64.1	99.1	-40.3
1939969969	-5.98	-41.98	74.0	3.02	-66.5	99.4	-41.9
1941970970	-5.76	-43.79	70.4	3.13	-68.4	98.2	-44.2
1943971971	-5.54	-45.07	67.6	3.24	-70.3	97.5	-46.1
1945972972	-5.43	-46.01	65.7	3.30	-70.9	96.7	-47.2
1947973973	-5.25	-46.99	63.4	3.41	-72.2	96.1	-48.7
1949974974	-5.13	-48.39	60.7	3.48	-72.5	94.6	-50.1
1951975975	-4.92	-49.68	57.7	3.62	-73.6	93.5	-51.9
1953976976	-4.80	-50.94	55.2	3.71	-73.7	92.1	-53.2
1955977977	-4.69	-51.93	53.1	3.80	-73.9	91.1	-54.3
1957978978	-4.53	-53.51	50.1	3.92	-73.8	89.2	-55.8
1959979979	-4.43	-54.97	47.6	4.01	-73.3	87.4	-57.0
1961980980	-4.32	-55.95	45.8	4.10	-73.1	86.3	-58.0
1963981981	-4.23	-56.60	44.4	4.18	-73.2	85.6	-58.7
1965982982	-4.06	-57.49	42.2	4.36	-73.5	84.8	-60.1
1967983983	-3.96	-58.67	40.3	4.46	-72.9	83.3	-61.1
1969984984	-3.86	-59.34	38.9	4.58	-72.9	82.6	-61.9
1971985985	-3.80	-60.42	37.4	4.65	-72.1	81.2	-62.6
1973986986	-3.71	-61.15	36.1	4.75	-71.8	80.3	-63.3
1975987987	-3.62	-62.13	34.5	4.87	-71.2	79.2	-64.1
1977988988	-3.47	-62.58	33.0	5.08	-71.6	78.8	-65.2
1979989989	-3.42	-63.41	32.0	5.14	-70.9	77.8	-65.7
1981990990	-3.42	-64.33	31.3	5.14	-69.8	76.5	-65.8
1983991991	-3.31	-65.28	29.8	5.32	-69.3	75.4	-66.8
1985992992	-3.23	-66.28	28.5	5.44	-68.6	74.2	-67.4
1987993993	-3.16	-66.68	27.7	5.55	-68.4	73.8	-67.9
1989994994	-3.06	-67.42	26.5	5.74	-68.0	73.0	-68.7
1991995995	-3.04	-67.93	26.1	5.77	-67.5	72.4	-68.9
1993996996	-2.97	-68.53	25.2	5.90	-67.1	71.7	-69.4
1995997997	-2.92	-69.30	24.3	6.00	-66.5	70.8	-69.9
1997998998	-2.88	-70.07	23.6	6.09	-65.8	69.9	-70.2
1999999999	-2.84	-70.82	22.9	6.18	-65.1	69.0	-70.6
