1000000	-0.83	87.06	5.0	20.89	52.4	52.6	84.5
3001001	0.00	81.66	0.0	?	57.9	57.9	90.0
5002002	0.00	76.06	0.0	?	63.9	63.9	90.0
7003003	0.00	71.90	0.0	?	69.0	69.0	90.0
9004004	0.00	68.32	0.0	?	73.7	73.7	90.0
11005005	0.00	66.26	0.0	?	76.6	76.6	90.0
13006006	0.00	64.08	0.0	?	79.9	79.9	90.0
15007007	-0.13	61.23	1.4	138.73	84.5	84.5	89.1
17008008	-0.18	59.55	2.2	94.07	87.3	87.4	88.6
19009009	-0.28	57.86	3.4	62.88	90.4	90.4	87.8
21010010	-0.33	56.24	4.2	52.97	93.4	93.5	87.4
23011011	-0.38	54.69	5.1	46.32	96.5	96.6	87.0
25012012	-0.43	53.24	6.1	40.65	99.5	99.6	86.5
27013013	-0.46	51.84	7.0	37.51	102.5	102.7	86.1
29014014	-0.49	50.49	7.8	35.18	105.6	105.9	85.8
31015015	-0.52	49.24	8.6	33.34	108.5	108.9	85.5
33016016	-0.54	48.09	9.3	32.07	111.4	111.8	85.2
35017017	-0.56	47.04	10.0	31.21	114.2	114.6	85.0
37018018	-0.55	45.93	10.4	31.39	117.2	117.7	84.9
39019019	-0.54	44.82	10.7	31.91	120.4	120.9	84.9
41020020	-0.54	43.71	11.2	32.04	123.8	124.3	84.8
43021021	-0.55	42.71	11.8	31.72	126.9	127.5	84.7
45022022	-0.56	41.73	12.6	31.05	130.1	130.7	84.5
47023023	-0.57	40.80	13.4	30.49	133.3	133.9	84.3
49024024	-0.58	40.02	14.1	29.93	136.0	136.8	84.1
51025025	-0.59	39.18	14.9	29.56	139.1	139.9	83.9
53026026	-0.61	38.40	15.9	28.71	142.0	142.9	83.6
55027027	-0.62	37.64	17.0	28.03	144.9	145.9	83.3
57028028	-0.64	36.93	18.1	27.24	147.8	148.9	83.0
59029029	-0.66	36.26	19.3	26.35	150.5	151.7	82.7
61030030	-0.69	35.58	21.0	25.18	153.2	154.7	82.2
63031031	-0.72	34.92	22.7	24.07	156.0	157.6	81.7
65032032	-0.77	34.25	24.9	22.72	158.7	160.7	81.1
67033033	-0.81	33.58	27.2	21.56	161.5	163.8	80.5
69034034	-0.85	32.93	29.6	20.49	164.3	166.9	79.8
71035035	-0.90	32.21	32.5	19.35	167.3	170.5	79.0
73036036	-0.96	31.50	36.0	18.18	170.3	174.0	78.1
75037037	-1.01	30.80	39.5	17.18	173.2	177.6	77.1
77038038	-1.07	30.01	43.7	16.19	176.4	181.8	76.1
79039039	-1.15	29.25	48.6	15.18	179.3	185.8	74.8
81040040	-1.22	28.49	53.9	14.24	182.1	189.9	73.5
83041041	-1.30	27.67	59.7	13.42	184.9	194.3	72.1
85042042	-1.39	26.92	66.5	12.49	186.7	198.2	70.4
87043043	-1.46	26.22	72.3	11.90	188.7	202.0	69.0
89044044	-1.52	25.46	78.2	11.45	191.1	206.5	67.7
91045045	-1.59	24.46	86.2	10.99	194.5	212.8	66.1
93046046	-1.66	23.52	95.0	10.47	196.6	218.3	64.2
95047047	-1.74	22.65	103.8	10.00	197.8	223.4	62.3
97048048	-1.82	21.72	113.5	9.57	198.8	228.9	60.3
99049049	-1.87	20.75	123.2	9.32	201.0	235.7	58.5
101050050	-1.93	19.68	134.7	9.03	202.3	243.0	56.3
103051051	-1.99	18.50	148.3	8.75	203.0	251.4	53.9
105052052	-2.06	17.24	163.5	8.47	202.4	260.2	51.1
107053053	-2.13	16.05	178.9	8.20	199.9	268.3	48.2
109054054	-2.21	14.75	196.3	7.89	194.0	276.0	44.7
111055055	-2.28	13.53	212.7	7.65	187.1	283.3	41.3
113056056	-2.35	12.21	230.3	7.43	177.6	290.8	37.6
115057057	-2.43	10.89	247.0	7.21	165.1	297.1	33.8
117058058	-2.48	9.41	265.3	7.04	149.8	304.7	29.4
119059059	-2.54	7.97	281.3	6.89	131.4	310.5	25.0
121060060	-2.60	6.46	295.0	6.73	109.2	314.6	20.3
123061061	-2.66	4.82	306.5	6.59	82.9	317.5	15.1
125062062	-2.71	3.24	312.5	6.45	55.7	317.4	10.1
127063063	-2.77	1.54	314.3	6.33	26.1	315.4	4.8
129064064	-2.82	-0.15	310.5	6.21	-2.5	310.5	-0.5
131065065	-2.86	-1.87	303.4	6.13	-29.6	304.8	-5.6
133066066	-2.89	-3.54	292.9	6.06	-53.4	297.8	-10.3
135067067	-2.90	-5.33	280.4	6.04	-76.5	290.6	-15.3
137068068	-2.91	-7.23	264.0	6.02	-97.2	281.4	-20.2
139069069	-2.92	-9.25	244.4	6.00	-114.6	269.9	-25.1
141070070	-2.91	-11.32	224.2	6.02	-128.8	258.5	-29.9
143071071	-2.90	-13.35	204.2	6.04	-138.5	246.7	-34.2
145072072	-2.89	-15.46	184.1	6.06	-144.6	234.1	-38.2
147073073	-2.88	-17.70	164.3	6.10	-148.1	221.1	-42.0
149074074	-2.86	-19.95	146.1	6.14	-148.9	208.6	-45.5
151075075	-2.83	-22.23	129.7	6.19	-147.8	196.6	-48.7
153076076	-2.80	-24.55	114.8	6.26	-145.6	185.4	-51.7
155077077	-2.76	-26.87	101.7	6.35	-142.2	174.8	-54.4
157078078	-2.73	-29.28	89.9	6.42	-137.7	164.5	-56.9
159079079	-2.69	-31.70	79.6	6.51	-133.0	155.0	-59.1
161080080	-2.67	-34.08	71.1	6.57	-127.8	146.3	-60.9
163081081	-2.62	-36.53	63.3	6.67	-122.7	138.1	-62.7
165082082	-2.58	-38.92	56.6	6.77	-117.9	130.8	-64.3
167083083	-2.54	-41.36	50.8	6.88	-112.9	123.8	-65.8
169084084	-2.50	-43.76	45.7	6.99	-108.2	117.5	-67.1
171085085	-2.45	-46.13	41.2	7.13	-103.8	111.7	-68.3
173086086	-2.39	-48.54	37.1	7.31	-99.6	106.3	-69.6
175087087	-2.34	-51.16	33.3	7.47	-95.1	100.8	-70.7
177088088	-2.28	-53.78	30.0	7.65	-90.9	95.7	-71.7
179089089	-2.23	-56.52	26.9	7.84	-86.6	90.7	-72.7
181090090	-2.18	-59.47	24.3	8.00	-82.2	85.7	-73.6
183091091	-2.17	-62.34	22.3	8.05	-78.1	81.2	-74.1
185092092	-2.15	-65.28	20.4	8.13	-74.2	76.9	-74.6
187093093	-2.13	-68.47	18.7	8.18	-70.1	72.6	-75.1
189094094	-2.11	-71.48	17.2	8.27	-66.6	68.8	-75.5
191095095	-2.05	-74.74	15.6	8.50	-63.1	65.0	-76.1
193096096	-1.97	-78.68	13.8	8.84	-59.1	60.7	-76.9
195097097	-1.92	-83.34	12.3	9.08	-54.7	56.0	-77.3
197098098	-1.95	-88.53	11.3	8.93	-50.0	51.3	-77.2
199099099	-2.04	-94.24	10.8	8.55	-45.3	46.5	-76.6
201100100	-2.15	-100.08	10.4	8.12	-40.8	42.1	-75.7
203101101	-2.28	-106.73	10.0	7.68	-36.2	37.6	-74.5
205102102	-2.46	-114.63	9.8	7.11	-31.2	32.7	-72.5
207103103	-2.74	-123.31	10.0	6.39	-26.1	28.0	-69.0
209104104	-3.14	-132.80	10.6	5.60	-21.0	23.5	-63.3
211105105	-3.67	-143.58	11.5	4.81	-15.7	19.4	-53.8
213106106	-4.42	-155.36	13.0	4.01	-10.2	16.5	-38.1
215107107	-5.42	-167.79	15.3	3.31	-4.9	16.0	-17.6
217108108	-6.62	178.96	18.2	2.75	0.4	18.2	1.2
219109109	-7.76	164.68	21.3	2.38	5.5	22.0	14.6
221110110	-8.68	149.32	24.4	2.17	10.6	26.6	23.5
223111111	-9.14	132.46	27.5	2.07	16.2	31.9	30.4
225112112	-8.95	115.07	30.5	2.11	22.6	38.0	36.5
227113113	-8.22	98.35	33.6	2.27	30.4	45.3	42.1
229114114	-7.18	82.72	37.4	2.56	40.2	54.9	47.0
231115115	-6.17	68.38	43.1	2.93	52.0	67.5	50.3
233116116	-5.28	56.23	50.9	3.39	65.5	83.0	52.2
235117117	-4.53	45.85	61.6	3.93	81.1	101.9	52.8
237118118	-3.94	36.96	76.8	4.48	98.3	124.8	52.0
239119119	-3.47	29.21	98.6	5.07	117.2	153.2	49.9
241120120	-3.11	22.37	130.6	5.65	135.9	188.5	46.1
243121121	-2.79	16.08	179.3	6.28	152.0	235.0	40.3
245122122	-2.54	10.27	251.0	6.88	150.7	292.7	31.0
247123123	-2.37	4.95	335.8	7.39	105.1	351.8	17.4
249124124	-2.24	0.01	390.0	7.80	0.4	390.0	0.1
251125125	-2.15	-4.47	369.8	8.13	-115.3	387.4	-17.3
253126126	-2.09	-8.78	297.5	8.34	-186.7	351.3	-32.1
255127127	-2.05	-12.72	226.8	8.53	-210.0	309.1	-42.8
257128128	-2.01	-16.49	171.6	8.69	-208.8	270.2	-50.6
259129129	-1.96	-19.93	133.1	8.91	-199.5	239.8	-56.3
261130130	-1.94	-23.32	105.5	9.00	-185.5	213.4	-60.4
263131131	-1.94	-26.60	86.0	9.00	-171.1	191.5	-63.3
265132132	-1.89	-29.49	71.6	9.21	-160.4	175.7	-65.9
267133133	-1.83	-32.41	59.5	9.54	-150.6	161.9	-68.4
269134134	-1.76	-35.33	49.8	9.91	-141.2	149.7	-70.6
271135135	-1.69	-38.13	42.1	10.33	-132.9	139.4	-72.4
273136136	-1.63	-40.96	35.9	10.69	-124.9	129.9	-73.9
275137137	-1.58	-43.76	31.0	11.06	-117.5	121.5	-75.2
277138138	-1.51	-46.45	26.7	11.55	-111.1	114.3	-76.5
279139139	-1.45	-49.11	23.4	11.97	-105.1	107.7	-77.5
281140140	-1.41	-51.60	20.8	12.34	-99.9	102.1	-78.2
283141141	-1.35	-54.10	18.3	12.88	-95.1	96.9	-79.1
285142142	-1.29	-56.52	16.3	13.46	-90.8	92.2	-79.8
287143143	-1.23	-58.84	14.5	14.10	-86.8	88.0	-80.5
289144144	-1.18	-61.09	13.0	14.74	-83.2	84.2	-81.1
291145145	-1.12	-63.31	11.6	15.50	-79.9	80.7	-81.7
293146146	-1.06	-65.42	10.4	16.34	-76.9	77.6	-82.3
295147147	-1.02	-67.51	9.5	16.99	-74.0	74.6	-82.7
297148148	-0.98	-69.55	8.6	17.68	-71.3	71.8	-83.1
299149149	-0.94	-71.44	7.9	18.50	-68.9	69.4	-83.5
301150150	-0.90	-73.31	7.2	19.36	-66.7	67.1	-83.8
303151151	-0.87	-75.14	6.7	20.10	-64.6	64.9	-84.1
305152152	-0.84	-76.86	6.3	20.61	-62.6	62.9	-84.3
307153153	-0.82	-78.63	5.8	21.28	-60.7	61.0	-84.5
309154154	-0.80	-80.37	5.5	21.81	-58.9	59.2	-84.7
311155155	-0.79	-82.00	5.3	21.88	-57.2	57.5	-84.7
313156156	-0.78	-83.61	5.0	22.39	-55.7	55.9	-84.9
315157157	-0.78	-85.09	4.9	22.35	-54.2	54.5	-84.9
317158158	-0.77	-86.52	4.7	22.60	-52.9	53.1	-84.9
319159159	-0.75	-87.99	4.5	23.22	-51.6	51.8	-85.1
321160160	-0.73	-89.44	4.2	23.85	-50.3	50.5	-85.2
323161161	-0.71	-90.90	4.0	24.57	-49.1	49.2	-85.3
325162162	-0.71	-92.37	3.9	24.56	-47.8	48.0	-85.3
327163163	-0.70	-93.78	3.8	24.77	-46.7	46.8	-85.4
329164164	-0.70	-95.20	3.7	24.82	-45.5	45.7	-85.4
331165165	-0.69	-96.65	3.6	25.15	-44.4	44.5	-85.4
333166166	-0.69	-98.21	3.5	25.29	-43.2	43.3	-85.4
335167167	-0.68	-99.72	3.4	25.43	-42.0	42.2	-85.4
337168168	-0.70	-101.15	3.4	24.94	-41.0	41.1	-85.3
339169169	-0.71	-102.73	3.3	24.47	-39.9	40.0	-85.2
341170170	-0.72	-104.28	3.3	24.19	-38.8	38.9	-85.1
343171171	-0.74	-105.87	3.3	23.65	-37.7	37.8	-85.0
345172172	-0.74	-107.35	3.3	23.37	-36.7	36.8	-84.9
347173173	-0.76	-108.83	3.3	22.81	-35.7	35.8	-84.7
349174174	-0.78	-110.42	3.3	22.36	-34.6	34.8	-84.5
351175175	-0.79	-112.01	3.3	22.11	-33.6	33.8	-84.4
353176176	-0.81	-113.56	3.3	21.56	-32.6	32.8	-84.2
355177177	-0.82	-115.05	3.3	21.15	-31.7	31.9	-84.0
357178178	-0.84	-116.57	3.3	20.67	-30.8	31.0	-83.8
359179179	-0.85	-118.15	3.3	20.54	-29.9	30.0	-83.7
361180180	-0.87	-119.77	3.3	20.03	-28.9	29.1	-83.4
363181181	-0.87	-121.27	3.3	19.87	-28.0	28.2	-83.3
365182182	-0.90	-122.89	3.3	19.38	-27.1	27.3	-83.0
367183183	-0.90	-124.46	3.3	19.42	-26.2	26.4	-82.9
369184184	-0.90	-125.95	3.3	19.29	-25.4	25.6	-82.7
371185185	-0.91	-127.44	3.2	19.17	-24.6	24.8	-82.5
373186186	-0.91	-128.97	3.2	19.10	-23.8	24.0	-82.3
375187187	-0.91	-130.46	3.2	19.12	-23.0	23.2	-82.2
377188188	-0.92	-131.98	3.2	18.97	-22.2	22.4	-81.9
379189189	-0.91	-133.43	3.1	19.14	-21.4	21.7	-81.8
381190190	-0.90	-134.86	3.0	19.25	-20.7	20.9	-81.6
383191191	-0.90	-136.31	3.0	19.36	-20.0	20.2	-81.5
385192192	-0.89	-137.74	2.9	19.58	-19.3	19.5	-81.3
387193193	-0.88	-139.12	2.9	19.82	-18.6	18.8	-81.2
389194194	-0.87	-140.49	2.8	20.01	-17.9	18.1	-81.0
391195195	-0.86	-141.84	2.8	20.29	-17.2	17.5	-80.9
393196196	-0.85	-143.10	2.7	20.37	-16.6	16.9	-80.7
395197197	-0.84	-144.38	2.7	20.71	-16.0	16.2	-80.6
397198198	-0.83	-145.69	2.6	20.99	-15.4	15.6	-80.4
399199199	-0.81	-146.91	2.5	21.34	-14.8	15.0	-80.2
401200200	-0.81	-148.12	2.5	21.46	-14.2	14.5	-80.0
403201201	-0.79	-149.30	2.4	22.03	-13.7	13.9	-79.9
405202202	-0.78	-150.46	2.4	22.19	-13.2	13.4	-79.6
407203203	-0.77	-151.62	2.4	22.51	-12.6	12.8	-79.4
409204204	-0.77	-152.72	2.3	22.67	-12.1	12.3	-79.1
411205205	-0.76	-153.83	2.3	22.93	-11.6	11.8	-78.8
413206206	-0.76	-154.87	2.3	22.87	-11.1	11.4	-78.3
415207207	-0.75	-155.94	2.3	23.05	-10.6	10.9	-78.0
417208208	-0.75	-156.98	2.3	23.13	-10.2	10.4	-77.5
419209209	-0.76	-157.96	2.3	22.89	-9.7	10.0	-76.9
421210210	-0.76	-158.98	2.3	22.79	-9.3	9.5	-76.2
423211211	-0.77	-159.93	2.3	22.66	-8.8	9.1	-75.5
425212212	-0.77	-160.90	2.3	22.46	-8.4	8.7	-74.8
427213213	-0.78	-161.86	2.3	22.24	-8.0	8.3	-73.9
429214214	-0.80	-162.79	2.4	21.74	-7.5	7.9	-72.7
431215215	-0.82	-163.72	2.4	21.32	-7.1	7.5	-71.5
433216216	-0.83	-164.69	2.4	20.96	-6.7	7.1	-70.1
435217217	-0.84	-165.58	2.5	20.64	-6.3	6.8	-68.7
437218218	-0.86	-166.49	2.5	20.17	-5.9	6.4	-66.9
439219219	-0.89	-167.40	2.6	19.64	-5.5	6.1	-64.9
441220220	-0.91	-168.29	2.6	19.12	-5.1	5.8	-62.7
443221221	-0.93	-169.22	2.7	18.67	-4.7	5.4	-60.1
445222222	-0.96	-170.11	2.8	18.16	-4.3	5.1	-57.2
447223223	-0.98	-171.01	2.8	17.71	-3.9	4.8	-54.0
449224224	-1.02	-171.90	2.9	17.10	-3.5	4.6	-50.2
451225225	-1.04	-172.90	3.0	16.66	-3.1	4.3	-45.7
453226226	-1.07	-173.81	3.1	16.27	-2.7	4.1	-41.1
455227227	-1.10	-174.70	3.2	15.83	-2.3	3.9	-36.1
457228228	-1.13	-175.66	3.3	15.40	-1.9	3.8	-30.1
459229229	-1.16	-176.61	3.3	14.99	-1.5	3.6	-23.8
461230230	-1.18	-177.61	3.4	14.69	-1.0	3.6	-16.9
463231231	-1.21	-178.57	3.5	14.35	-0.6	3.5	-10.1
465232232	-1.24	-179.53	3.6	14.05	-0.2	3.6	-3.3
467233233	-1.26	179.49	3.6	13.77	0.2	3.6	3.5
469234234	-1.29	178.50	3.7	13.47	0.7	3.8	10.0
471235235	-1.31	177.48	3.8	13.24	1.1	3.9	16.1
473236236	-1.34	176.47	3.8	13.04	1.5	4.1	21.8
475237237	-1.35	175.47	3.9	12.87	2.0	4.4	26.8
477238238	-1.37	174.45	4.0	12.67	2.4	4.6	31.4
479239239	-1.39	173.46	4.0	12.54	2.8	4.9	35.4
481240240	-1.40	172.39	4.0	12.44	3.3	5.2	39.3
483241241	-1.41	171.35	4.1	12.37	3.8	5.5	42.8
485242242	-1.42	170.27	4.1	12.27	4.2	5.9	45.8
487243243	-1.43	169.31	4.1	12.16	4.6	6.2	48.2
489244244	-1.44	168.21	4.2	12.11	5.1	6.6	50.9
491245245	-1.44	167.16	4.2	12.11	5.6	7.0	53.2
493246246	-1.45	166.12	4.2	12.03	6.0	7.4	55.1
495247247	-1.45	165.05	4.2	12.04	6.5	7.8	57.0
497248248	-1.44	164.06	4.2	12.09	6.9	8.1	58.8
499249249	-1.44	162.95	4.2	12.10	7.4	8.6	60.4
501250250	-1.43	161.89	4.2	12.19	7.9	9.0	62.0
503251251	-1.42	160.85	4.2	12.25	8.4	9.4	63.4
505252252	-1.42	159.76	4.2	12.30	8.9	9.8	64.7
507253253	-1.41	158.79	4.2	12.36	9.3	10.2	65.8
509254254	-1.41	157.70	4.2	12.39	9.8	10.6	66.8
511255255	-1.39	156.61	4.2	12.48	10.3	11.1	67.9
513256256	-1.39	155.57	4.2	12.55	10.8	11.5	68.8
515257257	-1.37	154.47	4.1	12.67	11.3	12.0	69.8
517258258	-1.36	153.47	4.1	12.76	11.7	12.4	70.6
519259259	-1.35	152.46	4.1	12.85	12.2	12.9	71.3
521260260	-1.36	151.35	4.2	12.79	12.7	13.4	71.8
523261261	-1.34	150.26	4.1	12.96	13.2	13.8	72.6
525262262	-1.34	149.24	4.1	12.99	13.7	14.3	73.2
527263263	-1.34	148.18	4.1	13.04	14.2	14.8	73.7
529264264	-1.34	147.12	4.2	13.04	14.7	15.2	74.1
531265265	-1.33	146.00	4.2	13.10	15.2	15.8	74.6
533266266	-1.33	144.86	4.2	13.14	15.7	16.3	75.1
535267267	-1.32	143.76	4.2	13.22	16.3	16.8	75.6
537268268	-1.31	142.71	4.2	13.26	16.8	17.3	75.9
539269269	-1.31	141.59	4.2	13.32	17.3	17.8	76.3
541270270	-1.31	140.39	4.2	13.30	17.9	18.4	76.7
543271271	-1.31	139.31	4.3	13.24	18.4	18.9	76.9
545272272	-1.32	138.15	4.4	13.16	19.0	19.5	77.1
547273273	-1.33	136.90	4.4	13.11	19.6	20.1	77.3
549274274	-1.34	135.70	4.5	12.96	20.2	20.7	77.5
551275275	-1.36	134.48	4.6	12.84	20.8	21.3	77.6
553276276	-1.37	133.22	4.7	12.70	21.5	22.0	77.7
555277277	-1.40	131.96	4.8	12.46	22.1	22.6	77.7
557278278	-1.42	130.74	4.9	12.30	22.7	23.3	77.8
559279279	-1.43	129.42	5.0	12.20	23.4	24.0	77.9
561280280	-1.45	128.14	5.1	12.02	24.1	24.6	78.0
563281281	-1.47	126.76	5.3	11.82	24.8	25.4	78.0
565282282	-1.51	125.42	5.5	11.55	25.6	26.1	77.9
567283283	-1.55	124.10	5.7	11.23	26.3	26.9	77.8
569284284	-1.59	122.78	5.9	10.96	27.0	27.6	77.7
571285285	-1.62	121.34	6.1	10.74	27.8	28.4	77.6
573286286	-1.67	119.92	6.4	10.46	28.6	29.3	77.4
575287287	-1.70	118.51	6.6	10.27	29.4	30.1	77.4
577288288	-1.76	117.05	6.9	9.91	30.2	31.0	77.1
579289289	-1.81	115.56	7.2	9.63	31.0	31.9	76.9
581290290	-1.88	114.03	7.6	9.30	31.9	32.8	76.6
583291291	-1.93	112.59	7.9	9.04	32.8	33.7	76.4
585292292	-2.01	111.13	8.4	8.70	33.6	34.7	76.0
587293293	-2.09	109.53	8.9	8.35	34.6	35.7	75.5
589294294	-2.17	108.05	9.4	8.06	35.5	36.7	75.2
591295295	-2.26	106.69	9.9	7.74	36.3	37.6	74.7
593296296	-2.37	105.26	10.6	7.39	37.1	38.6	74.0
595297297	-2.48	104.12	11.2	7.06	37.7	39.4	73.4
597298298	-2.60	102.96	12.0	6.74	38.4	40.2	72.7
599299299	-2.71	102.02	12.6	6.46	38.9	40.9	72.0
601300300	-2.83	101.24	13.3	6.19	39.3	41.5	71.3
603301301	-2.94	100.70	13.9	5.97	39.5	41.9	70.7
605302302	-3.04	100.27	14.4	5.78	39.7	42.2	70.1
607303303	-3.08	100.15	14.6	5.71	39.7	42.3	69.8
609304304	-3.09	99.99	14.7	5.68	39.8	42.4	69.7
611305305	-3.06	99.88	14.6	5.74	39.9	42.5	69.9
613306306	-3.00	99.50	14.4	5.85	40.2	42.7	70.4
615307307	-2.92	99.06	14.1	6.01	40.7	43.0	70.9
617308308	-2.81	98.48	13.7	6.23	41.2	43.4	71.6
619309309	-2.71	97.61	13.4	6.45	41.9	44.0	72.2
621310310	-2.61	96.79	13.1	6.71	42.7	44.6	72.9
623311311	-2.50	95.70	12.8	6.99	43.6	45.4	73.6
625312312	-2.43	94.67	12.6	7.21	44.5	46.2	74.2
627313313	-2.33	93.37	12.4	7.51	45.6	47.2	74.8
629314314	-2.24	92.13	12.2	7.79	46.7	48.2	75.4
631315315	-2.16	91.02	12.0	8.09	47.7	49.1	75.9
633316316	-2.09	89.74	11.8	8.37	48.8	50.2	76.4
635317317	-2.03	88.64	11.7	8.60	49.8	51.2	76.7
637318318	-1.96	87.45	11.6	8.89	50.9	52.2	77.2
639319319	-1.91	86.27	11.6	9.11	52.0	53.3	77.4
641320320	-1.86	84.94	11.6	9.37	53.3	54.5	77.8
643321321	-1.83	83.79	11.6	9.55	54.4	55.6	78.0
645322322	-1.79	82.64	11.6	9.72	55.5	56.7	78.2
647323323	-1.75	81.41	11.6	9.97	56.8	57.9	78.4
649324324	-1.70	80.34	11.6	10.26	57.9	59.0	78.7
651325325	-1.67	79.11	11.7	10.40	59.2	60.3	78.8
653326326	-1.65	77.99	11.8	10.54	60.4	61.5	78.9
655327327	-1.62	76.86	11.9	10.73	61.6	62.8	79.1
657328328	-1.60	75.65	12.0	10.89	63.0	64.1	79.2
659329329	-1.60	74.41	12.4	10.91	64.4	65.5	79.1
661330330	-1.57	72.89	12.6	11.08	66.2	67.4	79.2
663331331	-1.56	71.60	12.9	11.19	67.7	68.9	79.2
665332332	-1.55	70.37	13.2	11.20	69.2	70.5	79.2
667333333	-1.57	69.18	13.7	11.11	70.7	72.0	79.0
669334334	-1.56	67.90	14.1	11.14	72.4	73.8	78.9
671335335	-1.56	66.61	14.6	11.16	74.1	75.5	78.9
673336336	-1.55	65.34	15.0	11.23	75.9	77.4	78.8
675337337	-1.57	64.14	15.6	11.12	77.6	79.1	78.6
677338338	-1.61	62.85	16.6	10.85	79.3	81.0	78.2
679339339	-1.62	61.59	17.3	10.76	81.2	83.0	78.0
681340340	-1.64	60.42	18.1	10.62	82.9	84.9	77.7
683341341	-1.67	59.13	19.1	10.46	84.9	87.0	77.3
685342342	-1.68	57.70	20.1	10.35	87.2	89.5	77.0
687343343	-1.72	56.22	21.5	10.13	89.6	92.2	76.5
689344344	-1.75	54.97	22.7	9.97	91.7	94.5	76.1
691345345	-1.76	53.48	24.0	9.91	94.4	97.4	75.8
693346346	-1.79	51.95	25.6	9.76	97.3	100.6	75.3
695347347	-1.83	50.28	27.7	9.53	100.4	104.1	74.6
697348348	-1.86	48.49	30.0	9.37	103.9	108.2	73.9
699349349	-1.89	46.83	32.3	9.22	107.4	112.1	73.2
701350350	-1.95	45.09	35.4	8.95	110.9	116.4	72.3
703351351	-1.98	43.31	38.6	8.80	114.9	121.2	71.4
705352352	-2.01	41.48	42.0	8.69	119.3	126.5	70.6
707353353	-2.05	39.72	46.0	8.51	123.4	131.8	69.5
709354354	-2.10	37.77	51.1	8.31	128.2	138.0	68.3
711355355	-2.15	35.80	56.9	8.12	133.1	144.7	66.8
713356356	-2.19	33.75	63.7	7.96	138.5	152.4	65.3
715357357	-2.24	31.87	70.7	7.81	143.4	159.9	63.8
717358358	-2.28	29.94	79.0	7.65	148.3	168.1	61.9
719359359	-2.33	28.15	87.8	7.51	152.8	176.2	60.1
721360360	-2.38	26.01	99.7	7.35	157.8	186.7	57.7
723361361	-2.40	24.07	111.7	7.27	162.5	197.2	55.5
725362362	-2.43	22.17	125.1	7.19	166.4	208.2	53.1
727363363	-2.46	20.18	141.1	7.10	169.3	220.4	50.2
729364364	-2.48	18.29	158.0	7.05	171.3	233.1	47.3
731365365	-2.49	16.37	177.4	7.01	171.8	246.9	44.1
733366366	-2.51	14.57	197.4	6.97	169.5	260.2	40.7
735367367	-2.51	12.56	222.1	6.97	164.9	276.7	36.6
737368368	-2.50	10.63	247.9	7.00	156.7	293.2	32.3
739369369	-2.49	8.62	275.9	7.02	142.2	310.3	27.3
741370370	-2.48	6.62	303.6	7.06	121.0	326.8	21.7
743371371	-2.46	4.67	328.6	7.11	93.3	341.6	15.9
745372372	-2.45	2.64	347.4	7.13	56.0	351.8	9.2
747373373	-2.44	0.60	357.5	7.16	13.2	357.8	2.1
749374374	-2.40	-1.42	361.5	7.29	-32.0	362.9	-5.1
751375375	-2.39	-3.53	347.9	7.30	-76.7	356.2	-12.4
753376376	-2.38	-5.56	326.4	7.34	-114.0	345.7	-19.2
755377377	-2.38	-7.62	297.7	7.35	-142.3	330.0	-25.5
757378378	-2.35	-9.71	267.6	7.42	-164.4	314.1	-31.6
759379379	-2.35	-11.68	237.9	7.43	-175.7	295.7	-36.4
761380380	-2.35	-13.82	208.1	7.43	-181.3	276.0	-41.1
763381381	-2.37	-15.73	184.4	7.38	-181.1	258.4	-44.5
765382382	-2.36	-17.80	161.8	7.40	-179.6	241.8	-48.0
767383383	-2.37	-19.88	142.4	7.37	-175.0	225.6	-50.9
769384384	-2.39	-21.93	126.1	7.31	-169.0	210.9	-53.3
771385385	-2.42	-23.88	113.3	7.21	-162.2	197.8	-55.1
773386386	-2.48	-25.94	102.1	7.05	-154.2	184.9	-56.5
775387387	-2.51	-28.00	92.1	6.96	-147.5	173.9	-58.0
777388388	-2.57	-29.92	84.6	6.82	-140.7	164.2	-59.0
779389389	-2.62	-31.89	77.9	6.67	-134.1	155.1	-59.9
781390390	-2.67	-33.83	72.0	6.55	-128.2	147.1	-60.7
783391391	-2.77	-35.79	67.6	6.31	-121.7	139.2	-60.9
785392392	-2.85	-37.66	63.6	6.15	-116.3	132.6	-61.3
787393393	-2.94	-39.47	60.3	5.97	-111.2	126.5	-61.5
789394394	-3.03	-41.33	57.4	5.78	-106.3	120.8	-61.6
791395395	-3.12	-43.16	54.7	5.63	-101.8	115.6	-61.8
793396396	-3.24	-44.78	53.0	5.42	-97.6	111.1	-61.5
795397397	-3.33	-46.28	51.3	5.27	-94.2	107.3	-61.4
797398398	-3.41	-47.69	49.7	5.16	-91.3	104.0	-61.4
799399399	-3.48	-49.10	48.3	5.05	-88.6	100.9	-61.4
801400400	-3.56	-50.33	47.2	4.95	-86.2	98.2	-61.3
803401401	-3.60	-51.33	46.1	4.89	-84.4	96.2	-61.4
805402402	-3.59	-52.61	44.3	4.91	-82.9	94.0	-61.9
807403403	-3.56	-53.69	42.8	4.94	-81.7	92.2	-62.4
809404404	-3.47	-54.88	40.5	5.08	-80.9	90.5	-63.4
811405405	-3.34	-56.50	37.6	5.27	-79.8	88.2	-64.7
813406406	-3.21	-58.45	34.6	5.48	-78.1	85.4	-66.1
815407407	-3.07	-60.68	31.5	5.71	-76.0	82.3	-67.5
817408408	-2.95	-63.09	28.6	5.94	-73.6	79.0	-68.8
819409409	-2.85	-65.79	25.9	6.14	-70.8	75.4	-69.9
821410410	-2.78	-68.59	23.7	6.30	-67.8	71.8	-70.7
823411411	-2.72	-71.57	21.7	6.43	-64.7	68.2	-71.4
825412412	-2.68	-74.44	20.1	6.52	-61.8	65.0	-72.0
827413413	-2.65	-77.29	18.7	6.61	-59.0	61.9	-72.4
829414414	-2.64	-80.14	17.6	6.63	-56.3	59.0	-72.6
831415415	-2.63	-82.90	16.7	6.65	-53.8	56.3	-72.8
833416416	-2.65	-85.61	16.0	6.61	-51.4	53.8	-72.7
835417417	-2.64	-88.39	15.2	6.62	-49.1	51.4	-72.8
837418418	-2.65	-90.96	14.5	6.62	-47.0	49.2	-72.8
839419419	-2.65	-93.46	14.0	6.60	-45.1	47.2	-72.7
841420420	-2.65	-95.98	13.5	6.60	-43.2	45.2	-72.7
843421421	-2.65	-98.42	13.0	6.62	-41.5	43.4	-72.6
845422422	-2.65	-100.77	12.6	6.60	-39.8	41.7	-72.5
847423423	-2.68	-102.96	12.3	6.53	-38.3	40.2	-72.2
849424424	-2.68	-105.19	12.0	6.53	-36.8	38.7	-72.0
851425425	-2.68	-107.41	11.7	6.52	-35.4	37.3	-71.8
853426426	-2.68	-109.57	11.3	6.53	-34.1	35.9	-71.6
855427427	-2.70	-111.66	11.1	6.50	-32.8	34.6	-71.3
857428428	-2.71	-113.71	10.9	6.47	-31.5	33.4	-70.9
859429429	-2.73	-115.66	10.8	6.42	-30.4	32.2	-70.5
861430430	-2.74	-117.72	10.6	6.39	-29.2	31.1	-70.1
863431431	-2.75	-119.63	10.4	6.37	-28.1	30.0	-69.7
865432432	-2.75	-121.59	10.2	6.36	-27.1	28.9	-69.3
867433433	-2.78	-123.51	10.1	6.31	-26.0	27.9	-68.7
869434434	-2.82	-125.40	10.1	6.22	-25.0	26.9	-68.0
871435435	-2.83	-127.28	10.0	6.19	-24.0	26.0	-67.4
873436436	-2.86	-129.17	9.9	6.14	-23.0	25.0	-66.7
875437437	-2.89	-131.02	9.9	6.07	-22.0	24.2	-65.8
877438438	-2.91	-132.93	9.8	6.02	-21.1	23.2	-65.0
879439439	-2.95	-134.76	9.8	5.95	-20.1	22.4	-64.0
881440440	-2.99	-136.55	9.8	5.87	-19.3	21.6	-63.0
883441441	-3.01	-138.33	9.8	5.83	-18.4	20.8	-62.0
885442442	-3.02	-140.11	9.7	5.82	-17.5	20.0	-61.1
887443443	-3.03	-141.81	9.6	5.79	-16.7	19.3	-60.1
889444444	-3.05	-143.66	9.6	5.75	-15.9	18.5	-58.8
891445445	-3.07	-145.52	9.6	5.71	-15.0	17.8	-57.5
893446446	-3.08	-147.30	9.5	5.70	-14.2	17.1	-56.2
895447447	-3.09	-149.04	9.5	5.68	-13.4	16.4	-54.7
897448448	-3.11	-150.80	9.4	5.65	-12.6	15.7	-53.2
899449449	-3.12	-152.53	9.4	5.63	-11.8	15.1	-51.5
901450450	-3.13	-154.26	9.4	5.61	-11.0	14.5	-49.7
903451451	-3.12	-155.98	9.3	5.62	-10.3	13.9	-47.9
905452452	-3.11	-157.60	9.2	5.64	-9.6	13.3	-46.1
907453453	-3.10	-159.25	9.1	5.67	-8.9	12.7	-44.2
909454454	-3.07	-160.87	9.0	5.71	-8.2	12.1	-42.2
911455455	-3.06	-162.44	8.9	5.73	-7.5	11.6	-40.0
913456456	-3.02	-164.00	8.8	5.82	-6.8	11.1	-37.9
915457457	-2.98	-165.54	8.6	5.89	-6.2	10.6	-35.5
917458458	-2.94	-166.98	8.5	5.96	-5.5	10.1	-33.1
919459459	-2.91	-168.45	8.4	6.03	-4.9	9.7	-30.4
921460460	-2.86	-169.95	8.2	6.13	-4.3	9.3	-27.5
923461461	-2.81	-171.38	8.0	6.25	-3.7	8.8	-24.5
925462462	-2.75	-172.74	7.9	6.37	-3.1	8.5	-21.4
927463463	-2.69	-174.12	7.7	6.51	-2.5	8.1	-18.1
929464464	-2.64	-175.45	7.5	6.64	-1.9	7.8	-14.4
931465465	-2.57	-176.81	7.3	6.82	-1.4	7.5	-10.5
933466466	-2.51	-178.10	7.2	6.96	-0.8	7.2	-6.5
935467467	-2.45	-179.33	7.0	7.14	-0.3	7.0	-2.4
937468468	-2.37	179.39	6.8	7.37	0.3	6.8	2.2
939469469	-2.31	178.09	6.6	7.56	0.8	6.7	7.0
941470470	-2.24	176.80	6.4	7.79	1.4	6.6	12.1
943471471	-2.19	175.60	6.3	7.96	1.9	6.6	16.7
945472472	-2.13	174.49	6.1	8.20	2.4	6.6	21.2
947473473	-2.07	173.29	5.9	8.44	2.9	6.6	25.9
949474474	-2.00	172.16	5.7	8.74	3.4	6.7	30.5
951475475	-1.93	170.99	5.6	9.04	3.9	6.8	35.0
953476476	-1.87	169.79	5.4	9.33	4.4	7.0	39.2
955477477	-1.81	168.64	5.2	9.64	4.9	7.2	43.2
957478478	-1.75	167.59	5.1	9.95	5.4	7.4	46.6
959479479	-1.70	166.48	5.0	10.23	5.9	7.7	49.8
961480480	-1.64	165.33	4.8	10.63	6.4	8.0	53.2
963481481	-1.59	164.23	4.6	10.98	6.9	8.3	55.9
965482482	-1.53	163.15	4.5	11.39	7.3	8.6	58.6
967483483	-1.48	161.98	4.3	11.79	7.9	9.0	61.1
969484484	-1.42	160.80	4.2	12.26	8.4	9.4	63.5
971485485	-1.36	159.69	4.0	12.82	8.9	9.8	65.7
973486486	-1.31	158.51	3.9	13.30	9.4	10.2	67.6
975487487	-1.24	157.48	3.7	14.04	9.9	10.6	69.5
977488488	-1.20	156.25	3.6	14.49	10.5	11.1	71.0
979489489	-1.15	154.98	3.5	15.13	11.0	11.6	72.6
981490490	-1.10	153.90	3.3	15.85	11.5	12.0	73.9
983491491	-1.05	152.74	3.2	16.62	12.1	12.5	75.2
985492492	-0.98	151.46	3.0	17.69	12.7	13.0	76.6
987493493	-0.93	150.22	2.9	18.69	13.3	13.6	77.8
989494494	-0.88	148.94	2.7	19.70	13.9	14.1	78.8
991495495	-0.81	147.70	2.5	21.36	14.4	14.7	80.0
993496496	-0.75	146.32	2.4	23.12	15.1	15.3	81.1
995497497	-0.72	145.06	2.3	24.27	15.7	15.9	81.8
997498498	-0.65	143.72	2.1	26.65	16.4	16.5	82.8
999499499	-0.61	142.36	2.0	28.60	17.0	17.1	83.5
1001500500	-0.56	141.06	1.8	31.25	17.7	17.7	84.2
1003501501	-0.49	139.67	1.6	35.67	18.3	18.4	85.0
1005502502	-0.44	138.29	1.4	39.93	19.0	19.1	85.7
1007503503	-0.38	136.88	1.3	45.93	19.7	19.8	86.4
1009504504	-0.31	135.38	1.0	55.96	20.5	20.5	87.1
1011505505	-0.25	133.95	0.8	70.58	21.2	21.3	87.7
1013506506	-0.17	132.49	0.6	101.16	22.0	22.0	88.5
1015507507	-0.13	131.10	0.4	138.40	22.7	22.7	88.9
1017508508	-0.07	129.58	0.2	253.43	23.5	23.5	89.4
1019509509	-0.01	127.97	0.0	021.47	24.4	24.4	90.0
1021510510	0.00	126.55	0.0	?	25.2	25.2	90.0
1023511511	0.00	125.19	0.0	?	25.9	25.9	90.0
1025512512	0.00	123.51	0.0	?	26.9	26.9	90.0
1027513513	0.00	121.84	0.0	?	27.8	27.8	90.0
1029514514	0.00	120.36	0.0	?	28.7	28.7	90.0
1031515515	0.00	119.05	0.0	?	29.4	29.4	90.0
1033516516	0.00	117.39	0.0	?	30.4	30.4	90.0
1035517517	0.00	115.79	0.0	?	31.4	31.4	90.0
1037518518	0.00	114.37	0.0	?	32.2	32.2	90.0
1039519519	0.00	112.80	0.0	?	33.2	33.2	90.0
1041520520	0.00	111.23	0.0	?	34.2	34.2	90.0
1043521521	0.00	109.76	0.0	?	35.2	35.2	90.0
1045522522	-1.17	167.58	3.4	14.84	5.4	6.4	57.8
1047523523	0.00	153.66	0.0	?	11.7	11.7	90.0
1049524524	0.00	104.48	0.0	?	38.7	38.7	90.0
1051525525	-0.26	97.41	1.3	65.93	43.9	43.9	88.2
1053526526	-0.26	95.48	1.4	66.01	45.4	45.4	88.3
1055527527	-0.24	93.36	1.3	72.87	47.1	47.2	88.4
1057528528	-0.22	91.14	1.2	78.91	49.0	49.0	88.5
1059529529	-0.21	88.88	1.2	84.56	51.0	51.0	88.6
1061530530	-0.20	86.86	1.2	87.67	52.8	52.8	88.7
1063531531	-0.20	84.32	1.3	88.65	55.2	55.2	88.7
1065532532	-0.19	81.77	1.3	89.21	57.7	57.8	88.7
1067533533	-0.20	79.56	1.4	87.49	60.0	60.1	88.7
1069534534	-0.21	77.10	1.5	83.21	62.7	62.7	88.6
1071535535	-0.25	74.44	2.0	68.94	65.8	65.8	88.3
1073536536	-0.32	71.86	2.6	55.14	68.9	69.0	87.8
1075537537	-0.32	69.13	2.9	54.17	72.5	72.5	87.7
1077538538	-0.39	66.38	3.8	44.02	76.3	76.4	87.2
1079539539	-0.48	63.81	5.0	36.03	80.1	80.3	86.5
1081540540	-0.56	61.20	6.2	30.87	84.2	84.4	85.8
1083541541	-0.68	58.31	8.2	25.70	89.1	89.4	84.8
1085542542	-0.81	55.50	10.6	21.58	94.1	94.7	83.6
1087543543	-0.97	52.61	14.0	17.90	99.6	100.6	82.0
1089544544	-1.14	49.68	18.2	15.27	105.4	107.0	80.2
1091545545	-1.32	46.73	23.5	13.14	111.6	114.0	78.1
1093546546	-1.55	43.80	30.5	11.23	117.6	121.5	75.5
1095547547	-1.79	40.79	39.3	9.75	123.6	129.7	72.4
1097548548	-2.06	37.53	50.9	8.48	129.5	139.1	68.6
1099549549	-2.37	34.18	65.7	7.37	133.6	148.9	63.8
1101550550	-2.75	30.93	83.4	6.38	133.4	157.4	58.0
1103551551	-3.17	27.37	104.1	5.54	128.2	165.1	50.9
1105552552	-3.63	23.93	123.2	4.86	116.3	169.4	43.3
1107553553	-4.07	20.52	138.6	4.34	99.9	170.8	35.8
1109554554	-4.60	16.53	150.1	3.87	77.1	168.7	27.2
1111555555	-5.15	12.75	152.7	3.47	53.6	161.8	19.3
1113556556	-5.76	8.57	149.1	3.13	31.2	152.3	11.8
1115557557	-6.40	4.27	140.4	2.84	13.0	141.0	5.3
1117558558	-7.03	-0.47	130.2	2.60	-1.2	130.2	-0.5
1119559559	-7.73	-5.60	118.4	2.40	-11.4	119.0	-5.5
1121560560	-8.44	-11.37	106.7	2.22	-18.6	108.3	-9.9
1123561561	-9.25	-17.28	95.7	2.05	-22.3	98.3	-13.1
1125562562	-10.01	-24.15	86.0	1.92	-24.7	89.5	-16.0
1127563563	-10.74	-31.92	77.4	1.82	-26.0	81.7	-18.5
1129564564	-11.54	-40.01	70.0	1.72	-25.6	74.5	-20.1
1131565565	-12.22	-48.91	63.7	1.65	-25.0	68.4	-21.4
1133566566	-12.76	-58.86	58.1	1.60	-24.2	62.9	-22.6
1135567567	-13.26	-69.29	53.3	1.56	-22.7	58.0	-23.1
1137568568	-13.42	-80.54	48.9	1.54	-21.6	53.5	-23.8
1139569569	-13.55	-91.44	45.3	1.53	-19.9	49.5	-23.7
1141570570	-13.38	-102.12	42.0	1.55	-18.5	45.9	-23.7
1143571571	-13.14	-112.13	39.2	1.56	-16.8	42.6	-23.2
1145572572	-12.75	-121.84	36.5	1.60	-15.1	39.5	-22.5
1147573573	-12.28	-130.42	34.2	1.64	-13.5	36.8	-21.5
1149574574	-11.77	-138.56	32.1	1.69	-11.7	34.2	-20.1
1151575575	-11.23	-146.14	30.2	1.76	-10.0	31.8	-18.3
1153576576	-10.67	-152.51	28.5	1.83	-8.4	29.7	-16.5
1155577577	-10.11	-158.74	26.9	1.91	-6.7	27.7	-14.1
1157578578	-9.60	-164.79	25.5	1.99	-5.0	25.9	-11.0
1159579579	-9.04	-170.04	24.0	2.09	-3.4	24.3	-7.9
1161580580	-8.52	-175.08	22.8	2.20	-1.7	22.8	-4.3
1163581581	-8.08	-179.79	21.7	2.30	-0.1	21.7	-0.2
1165582582	-7.60	175.66	20.6	2.43	1.6	20.7	4.4
1167583583	-7.19	171.18	19.7	2.55	3.3	20.0	9.4
1169584584	-6.81	167.29	18.9	2.68	4.8	19.5	14.2
1171585585	-6.44	163.23	18.1	2.82	6.4	19.2	19.6
1173586586	-6.12	159.40	17.4	2.96	8.0	19.2	24.7
1175587587	-5.81	155.68	16.8	3.10	9.6	19.4	29.8
1177588588	-5.54	152.12	16.3	3.24	11.2	19.7	34.5
1179589589	-5.28	148.39	15.8	3.39	12.8	20.4	39.0
1181590590	-5.05	145.12	15.4	3.53	14.3	21.1	42.9
1183591591	-4.90	141.62	15.3	3.64	15.9	22.1	46.2
1185592592	-4.77	138.04	15.2	3.74	17.6	23.3	49.2
1187593593	-4.64	134.60	15.2	3.83	19.3	24.5	51.8
1189594594	-4.60	131.39	15.4	3.87	20.8	25.8	53.5
1191595595	-4.53	127.87	15.6	3.92	22.5	27.4	55.3
1193596596	-4.52	124.75	15.9	3.93	24.0	28.8	56.5
1195597597	-4.55	121.52	16.5	3.90	25.6	30.5	57.3
1197598598	-4.60	118.17	17.2	3.86	27.3	32.2	57.8
1199599599	-4.74	114.91	18.2	3.75	28.8	34.1	57.7
1201600600	-4.86	111.99	19.2	3.67	30.2	35.8	57.6
1203601601	-5.07	109.04	20.6	3.52	31.5	37.6	56.8
1205602602	-5.24	105.95	21.9	3.42	32.9	39.5	56.4
1207603603	-5.56	103.19	23.8	3.23	33.8	41.3	54.9
1209604604	-5.85	100.72	25.5	3.08	34.6	43.0	53.5
1211605605	-6.17	98.61	27.3	2.93	35.0	44.4	52.0
1213606606	-6.50	96.39	29.2	2.80	35.4	45.9	50.5
1215607607	-6.92	94.78	31.2	2.64	35.1	47.0	48.4
1217608608	-7.35	94.41	32.6	2.50	34.2	47.3	46.3
1219609609	-7.72	94.50	33.7	2.40	33.2	47.3	44.6
1221610610	-7.98	95.52	34.0	2.33	32.1	46.8	43.4
1223611611	-8.21	97.06	34.0	2.27	30.9	46.0	42.3
1225612612	-8.29	98.74	33.6	2.25	30.1	45.1	41.8
1227613613	-8.21	101.51	32.5	2.27	29.2	43.7	41.9
1229614614	-7.97	103.51	31.2	2.33	28.8	42.5	42.7
1231615615	-7.59	104.99	29.7	2.43	29.0	41.5	44.3
1233616616	-7.04	106.27	27.7	2.60	29.5	40.5	46.8
1235617617	-6.52	106.31	26.1	2.79	30.5	40.1	49.4
1237618618	-5.89	105.17	24.4	3.06	32.2	40.3	52.9
1239619619	-5.30	103.64	22.7	3.38	34.0	40.9	56.3
1241620620	-4.73	101.51	21.2	3.76	36.2	42.0	59.7
1243621621	-4.16	98.65	19.6	4.25	39.0	43.7	63.3
1245622622	-3.65	94.98	18.4	4.83	42.3	46.2	66.5
1247623623	-3.16	91.24	17.1	5.56	45.9	49.0	69.6
1249624624	-2.72	86.73	16.1	6.43	50.3	52.8	72.3
1251625625	-2.28	81.90	14.8	7.67	55.4	57.3	75.0
1253626626	-1.92	76.87	14.0	9.10	61.1	62.6	77.1
1255627627	-1.62	71.74	13.3	10.77	67.4	68.7	78.8
1257628628	-1.36	66.53	12.8	12.82	74.7	75.8	80.3
1259629629	-1.15	61.07	12.6	15.17	83.4	84.3	81.4
1261630630	-0.92	55.39	12.1	18.90	94.0	94.8	82.7
1263631631	-0.77	49.58	12.6	22.44	107.0	107.8	83.3
1265632632	-0.69	44.20	13.9	25.13	121.8	122.6	83.5
1267633633	-0.68	39.31	17.0	25.63	138.1	139.2	83.0
1269634634	-0.68	33.59	22.9	25.71	162.7	164.3	82.0
1271635635	-0.68	28.54	31.3	25.64	191.8	194.3	80.7
1273636636	-0.75	23.58	49.7	23.11	229.3	234.6	77.8
1275637637	-0.83	18.92	81.3	21.06	276.9	288.6	73.6
1277638638	-0.95	14.43	145.8	18.35	332.2	362.8	66.3
1279639639	-1.08	9.99	272.4	16.08	378.4	466.3	54.2
1281640640	-1.21	5.65	479.3	14.37	337.3	586.1	35.1
1283641641	-1.36	1.53	621.0	12.78	105.0	629.8	9.6
1285642642	-1.55	-2.52	528.5	11.21	-129.0	544.0	-13.7
1287643643	-1.77	-6.54	374.8	9.83	-207.6	428.5	-29.0
1289644644	-1.94	-10.34	272.7	8.97	-216.7	348.3	-38.5
1291645645	-2.15	-14.32	202.2	8.11	-199.7	284.2	-44.7
1293646646	-2.36	-17.94	160.3	7.42	-179.9	241.0	-48.3
1295647647	-2.57	-21.43	132.6	6.80	-161.2	208.8	-50.6
1297648648	-2.77	-24.90	112.5	6.32	-145.8	184.1	-52.4
1299649649	-2.98	-28.66	96.1	5.88	-131.7	163.1	-53.9
1301650650	-3.19	-32.16	84.8	5.50	-120.0	146.9	-54.8
1303651651	-3.37	-35.51	75.9	5.21	-110.7	134.2	-55.6
1305652652	-3.52	-39.11	67.8	5.00	-102.7	123.0	-56.6
1307653653	-3.69	-42.60	61.5	4.78	-95.3	113.4	-57.1
1309654654	-3.82	-46.06	56.2	4.62	-89.0	105.2	-57.7
1311655655	-3.97	-49.23	52.2	4.45	-83.5	98.5	-58.0
1313656656	-4.15	-52.82	48.4	4.27	-77.8	91.7	-58.1
1315657657	-4.21	-55.74	45.2	4.21	-74.2	86.9	-58.6
1317658658	-4.29	-58.87	42.3	4.13	-70.5	82.2	-59.0
1319659659	-4.39	-62.16	39.7	4.04	-66.6	77.6	-59.2
1321660660	-4.42	-65.11	37.3	4.02	-63.8	73.9	-59.7
1323661661	-4.46	-68.09	35.2	3.98	-60.9	70.4	-59.9
1325662662	-4.47	-70.93	33.2	3.97	-58.4	67.2	-60.4
1327663663	-4.49	-73.55	31.7	3.95	-56.2	64.5	-60.6
1329664664	-4.53	-76.42	30.2	3.92	-53.7	61.6	-60.7
1331665665	-4.53	-78.99	28.7	3.92	-51.8	59.2	-61.0
1333666666	-4.52	-81.44	27.5	3.93	-50.0	57.0	-61.2
1335667667	-4.51	-83.71	26.4	3.94	-48.3	55.1	-61.4
1337668668	-4.46	-85.98	25.2	3.98	-46.8	53.2	-61.7
1339669669	-4.43	-88.29	24.2	4.00	-45.3	51.3	-61.9
1341670670	-4.41	-90.45	23.3	4.02	-43.9	49.7	-62.1
1343671671	-4.38	-92.65	22.4	4.05	-42.5	48.0	-62.2
1345672672	-4.34	-94.63	21.5	4.09	-41.3	46.5	-62.4
1347673673	-4.28	-96.51	20.7	4.14	-40.1	45.2	-62.7
1349674674	-4.23	-98.17	20.1	4.18	-39.2	44.0	-62.9
1351675675	-4.19	-99.86	19.4	4.23	-38.2	42.9	-63.0
1353676676	-4.17	-101.60	18.9	4.24	-37.1	41.7	-63.0
1355677677	-4.10	-103.32	18.2	4.32	-36.2	40.5	-63.3
1357678678	-4.05	-104.92	17.7	4.37	-35.3	39.5	-63.4
1359679679	-4.00	-106.72	17.1	4.42	-34.3	38.3	-63.5
1361680680	-3.96	-108.10	16.7	4.46	-33.6	37.5	-63.6
1363681681	-3.91	-109.46	16.2	4.52	-32.8	36.6	-63.7
1365682682	-3.86	-110.79	15.8	4.57	-32.1	35.8	-63.8
1367683683	-3.80	-112.32	15.3	4.65	-31.3	34.8	-64.0
1369684684	-3.76	-113.72	14.9	4.69	-30.6	34.0	-64.0
1371685685	-3.68	-115.02	14.4	4.79	-29.9	33.2	-64.3
1373686686	-3.64	-116.11	14.1	4.84	-29.4	32.6	-64.3
1375687687	-3.61	-117.51	13.8	4.89	-28.6	31.8	-64.3
1377688688	-3.55	-118.77	13.4	4.96	-28.0	31.0	-64.4
1379689689	-3.45	-119.97	12.9	5.09	-27.4	30.3	-64.8
1381690690	-3.43	-121.11	12.7	5.13	-26.8	29.7	-64.7
1383691691	-3.37	-122.20	12.4	5.22	-26.3	29.1	-64.8
1385692692	-3.31	-123.36	12.0	5.31	-25.7	28.4	-65.0
1387693693	-3.26	-124.53	11.7	5.39	-25.1	27.7	-65.0
1389694694	-3.23	-125.57	11.5	5.44	-24.6	27.2	-64.9
1391695695	-3.16	-126.55	11.2	5.56	-24.2	26.6	-65.2
1393696696	-3.09	-127.69	10.8	5.69	-23.6	26.0	-65.4
1395697697	-3.02	-128.65	10.5	5.81	-23.2	25.4	-65.6
1397698698	-2.96	-129.68	10.2	5.92	-22.7	24.9	-65.7
1399699699	-2.89	-130.57	9.9	6.07	-22.3	24.4	-66.0
1401700700	-2.81	-131.47	9.6	6.23	-21.8	23.9	-66.3
1403701701	-2.75	-132.36	9.3	6.37	-21.4	23.4	-66.5
1405702702	-2.67	-133.22	9.0	6.56	-21.0	22.9	-66.8
1407703703	-2.61	-133.91	8.8	6.70	-20.7	22.5	-67.0
1409704704	-2.54	-134.85	8.5	6.88	-20.3	22.0	-67.3
1411705705	-2.50	-135.60	8.3	7.01	-19.9	21.6	-67.4
1413706706	-2.42	-136.31	8.0	7.23	-19.6	21.2	-67.8
1415707707	-2.35	-137.10	7.7	7.43	-19.2	20.7	-68.1
1417708708	-2.28	-137.67	7.5	7.66	-19.0	20.4	-68.5
1419709709	-2.18	-138.43	7.1	8.01	-18.6	20.0	-69.1
1421710710	-2.14	-139.05	7.0	8.16	-18.3	19.6	-69.2
1423711711	-2.05	-139.72	6.6	8.52	-18.1	19.2	-69.8
1425712712	-1.98	-140.30	6.4	8.81	-17.8	18.9	-70.2
1427713713	-1.92	-140.76	6.2	9.10	-17.6	18.6	-70.6
1429714714	-1.84	-141.33	5.9	9.50	-17.3	18.3	-71.2
1431715715	-1.77	-141.97	5.7	9.84	-17.0	18.0	-71.6
1433716716	-1.71	-142.28	5.5	10.21	-16.9	17.8	-72.1
1435717717	-1.64	-142.77	5.2	10.65	-16.7	17.5	-72.6
1437718718	-1.58	-143.26	5.0	11.01	-16.5	17.2	-73.0
1439719719	-1.52	-143.85	4.8	11.43	-16.2	16.9	-73.4
1441720720	-1.42	-144.08	4.5	12.28	-16.1	16.7	-74.4
1443721721	-1.35	-144.32	4.3	12.94	-16.0	16.5	-75.1
1445722722	-1.29	-144.67	4.1	13.48	-15.8	16.3	-75.5
1447723723	-1.25	-145.05	3.9	13.97	-15.7	16.1	-75.9
1449724724	-1.19	-145.42	3.8	14.62	-15.5	15.9	-76.4
1451725725	-1.14	-145.78	3.6	15.25	-15.3	15.7	-76.8
1453726726	-1.08	-145.98	3.4	16.05	-15.2	15.6	-77.4
1455727727	-1.04	-146.29	3.3	16.76	-15.1	15.4	-77.8
1457728728	-0.99	-146.47	3.1	17.54	-15.0	15.3	-78.3
1459729729	-0.96	-146.72	3.0	18.11	-14.9	15.2	-78.6
1461730730	-0.92	-146.99	2.9	18.92	-14.8	15.0	-79.0
1463731731	-0.87	-147.20	2.7	20.05	-14.7	14.9	-79.5
1465732732	-0.83	-147.38	2.6	20.84	-14.6	14.8	-79.9
1467733733	-0.78	-147.60	2.4	22.17	-14.5	14.7	-80.4
1469734734	-0.74	-147.81	2.3	23.57	-14.4	14.6	-80.9
1471735735	-0.75	-147.90	2.3	23.27	-14.4	14.5	-80.8
1473736736	-0.72	-148.06	2.2	24.07	-14.3	14.5	-81.1
1475737737	-0.69	-148.17	2.2	25.03	-14.2	14.4	-81.4
1477738738	-0.66	-148.27	2.1	26.34	-14.2	14.3	-81.8
1479739739	-0.63	-148.50	1.9	27.71	-14.1	14.2	-82.1
1481740740	-0.60	-148.73	1.9	28.84	-14.0	14.1	-82.4
1483741741	-0.59	-148.74	1.8	29.46	-14.0	14.1	-82.5
1485742742	-0.61	-149.02	1.9	28.38	-13.8	14.0	-82.2
1487743743	-0.57	-149.16	1.8	30.30	-13.8	13.9	-82.7
1489744744	-0.57	-149.52	1.7	30.69	-13.6	13.7	-82.7
1491745745	-0.58	-149.57	1.8	30.01	-13.6	13.7	-82.5
1493746746	-0.56	-149.87	1.7	30.87	-13.4	13.6	-82.6
1495747747	-0.56	-149.98	1.7	30.86	-13.4	13.5	-82.6
1497748748	-0.57	-150.08	1.8	30.25	-13.3	13.5	-82.4
1499749749	-0.57	-150.22	1.7	30.66	-13.3	13.4	-82.5
1501750750	-0.55	-150.44	1.7	31.83	-13.2	13.3	-82.7
1503751751	-0.53	-150.75	1.6	32.91	-13.0	13.1	-82.9
1505752752	-0.54	-151.18	1.7	32.24	-12.8	12.9	-82.7
1507753753	-0.55	-151.45	1.7	31.46	-12.7	12.8	-82.4
1509754754	-0.57	-151.67	1.7	30.74	-12.6	12.7	-82.2
1511755755	-0.57	-151.78	1.7	30.52	-12.6	12.7	-82.1
1513756756	-0.59	-152.12	1.8	29.69	-12.4	12.5	-81.8
1515757757	-0.59	-152.58	1.8	29.54	-12.2	12.3	-81.6
1517758758	-0.57	-152.71	1.7	30.73	-12.1	12.2	-81.9
1519759759	-0.58	-153.03	1.8	29.96	-12.0	12.1	-81.6
1521760760	-0.57	-153.48	1.7	30.27	-11.8	11.9	-81.6
1523761761	-0.58	-153.70	1.8	30.12	-11.7	11.8	-81.5
1525762762	-0.51	-154.66	1.6	33.78	-11.2	11.3	-82.1
1527763763	-0.48	-156.17	1.4	36.47	-10.5	10.6	-82.3
1529764764	-0.51	-155.05	1.6	33.76	-11.1	11.2	-82.0
1531765765	-0.58	-154.81	1.7	30.06	-11.2	11.3	-81.1
1533766766	-0.58	-155.28	1.7	30.17	-10.9	11.1	-81.0
1535767767	-0.57	-155.33	1.7	30.47	-10.9	11.1	-81.1
1537768768	-0.53	-155.84	1.6	32.50	-10.7	10.8	-81.4
1539769769	-0.53	-156.47	1.6	33.01	-10.4	10.5	-81.4
1541770770	-0.53	-156.94	1.6	32.67	-10.2	10.3	-81.1
1543771771	-0.55	-157.26	1.6	31.61	-10.0	10.2	-80.7
1545772772	-0.53	-157.57	1.6	32.95	-9.9	10.0	-81.0
1547773773	-0.50	-158.09	1.5	34.62	-9.7	9.8	-81.2
1549774774	-0.49	-158.44	1.5	35.14	-9.5	9.6	-81.2
1551775775	-0.50	-159.01	1.5	34.59	-9.3	9.4	-80.8
1553776776	-0.49	-159.21	1.4	35.78	-9.2	9.3	-81.0
1555777777	-0.45	-159.72	1.3	38.84	-8.9	9.0	-81.5
1557778778	-0.47	-160.19	1.4	37.14	-8.7	8.8	-81.0
1559779779	-0.43	-160.59	1.3	40.48	-8.5	8.6	-81.5
1561780780	-0.40	-160.84	1.2	43.45	-8.4	8.5	-82.0
1563781781	-0.38	-161.37	1.1	45.36	-8.2	8.3	-82.1
1565782782	-0.35	-161.82	1.0	50.29	-8.0	8.1	-82.7
1567783783	-0.31	-162.18	0.9	55.69	-7.8	7.9	-83.3
1569784784	-0.28	-162.46	0.8	62.50	-7.7	7.8	-83.9
1571785785	-0.24	-162.83	0.7	70.91	-7.5	7.6	-84.5
1573786786	-0.21	-163.28	0.6	82.26	-7.3	7.4	-85.2
1575787787	-0.17	-163.61	0.5	101.57	-7.2	7.2	-86.0
1577788788	-0.10	-163.90	0.3	169.37	-7.1	7.1	-87.6
1579789789	-0.04	-164.34	0.1	402.94	-6.9	6.9	-88.9
1581790790	-0.03	-164.99	0.1	688.67	-6.6	6.6	-89.4
1583791791	0.00	-165.06	0.0	?	-6.6	6.6	-90.0
1585792792	0.00	-165.43	0.0	?	-6.4	6.4	-90.0
1587793793	0.00	-166.06	0.0	?	-6.1	6.1	-90.0
1589794794	0.00	-166.21	0.0	?	-6.0	6.0	-90.0
1591795795	0.00	-166.76	0.0	?	-5.8	5.8	-90.0
1593796796	0.00	-167.14	0.0	?	-5.6	5.6	-90.0
1595797797	0.00	-167.51	0.0	?	-5.5	5.5	-90.0
1597798798	0.00	-167.93	0.0	?	-5.3	5.3	-90.0
1599799799	0.00	-168.32	0.0	?	-5.1	5.1	-90.0
1601800800	0.00	-168.76	0.0	?	-4.9	4.9	-90.0
1603801801	0.00	-169.07	0.0	?	-4.8	4.8	-90.0
1605802802	0.00	-169.34	0.0	?	-4.7	4.7	-90.0
1607803803	0.00	-169.82	0.0	?	-4.5	4.5	-90.0
1609804804	0.00	-170.35	0.0	?	-4.2	4.2	-90.0
1611805805	0.00	-170.75	0.0	?	-4.0	4.0	-90.0
1613806806	0.00	-170.97	0.0	?	-3.9	3.9	-90.0
1615807807	0.00	-171.51	0.0	?	-3.7	3.7	-90.0
1617808808	0.00	-172.01	0.0	?	-3.5	3.5	-90.0
1619809809	0.00	-172.65	0.0	?	-3.2	3.2	-90.0
1621810810	0.00	-173.10	0.0	?	-3.0	3.0	-90.0
1623811811	0.00	-173.23	0.0	?	-3.0	3.0	-90.0
1625812812	0.00	-173.80	0.0	?	-2.7	2.7	-90.0
1627813813	0.00	-174.03	0.0	?	-2.6	2.6	-90.0
1629814814	0.00	-174.50	0.0	?	-2.4	2.4	-90.0
1631815815	0.00	-174.81	0.0	?	-2.3	2.3	-90.0
1633816816	0.00	-175.37	0.0	?	-2.0	2.0	-90.0
1635817817	0.00	-175.50	0.0	?	-2.0	2.0	-90.0
1637818818	0.00	-176.18	0.0	?	-1.7	1.7	-90.0
1639819819	0.00	-176.59	0.0	?	-1.5	1.5	-90.0
1641820820	0.00	-177.06	0.0	?	-1.3	1.3	-90.0
1643821821	0.00	-177.32	0.0	?	-1.2	1.2	-90.0
1645822822	0.00	-177.97	0.0	?	-0.9	0.9	-90.0
1647823823	0.00	-178.31	0.0	?	-0.7	0.7	-90.0
1649824824	0.00	-178.86	0.0	?	-0.5	0.5	-90.0
1651825825	0.00	-179.15	0.0	?	-0.4	0.4	-90.0
1653826826	0.00	-179.58	0.0	?	-0.2	0.2	-90.0
1655827827	0.00	179.88	0.0	?	0.1	0.1	90.0
1657828828	0.00	179.42	0.0	?	0.3	0.3	90.0
1659829829	0.00	178.88	0.0	?	0.5	0.5	90.0
1661830830	0.00	178.64	0.0	?	0.6	0.6	90.0
1663831831	0.00	178.05	0.0	?	0.9	0.9	90.0
1665832832	0.00	177.67	0.0	?	1.0	1.0	90.0
1667833833	0.00	177.11	0.0	?	1.3	1.3	90.0
1669834834	0.00	176.15	0.0	?	1.7	1.7	90.0
1671835835	0.00	175.45	0.0	?	2.0	2.0	90.0
1673836836	0.00	175.05	0.0	?	2.2	2.2	90.0
1675837837	0.00	174.42	0.0	?	2.4	2.4	90.0
1677838838	0.00	173.66	0.0	?	2.8	2.8	90.0
1679839839	0.00	172.99	0.0	?	3.1	3.1	90.0
1681840840	0.00	172.44	0.0	?	3.3	3.3	90.0
1683841841	0.00	171.58	0.0	?	3.7	3.7	90.0
1685842842	0.00	170.87	0.0	?	4.0	4.0	90.0
1687843843	0.00	169.87	0.0	?	4.4	4.4	90.0
1689844844	0.00	169.37	0.0	?	4.7	4.7	90.0
1691845845	0.00	168.81	0.0	?	4.9	4.9	90.0
1693846846	0.00	167.76	0.0	?	5.4	5.4	90.0
1695847847	0.00	166.96	0.0	?	5.7	5.7	90.0
1697848848	0.00	166.60	0.0	?	5.9	5.9	90.0
1699849849	0.00	165.57	0.0	?	6.3	6.3	90.0
1701850850	0.00	164.72	0.0	?	6.7	6.7	90.0
1703851851	0.00	163.61	0.0	?	7.2	7.2	90.0
1705852852	0.00	163.03	0.0	?	7.5	7.5	90.0
1707853853	0.00	161.90	0.0	?	8.0	8.0	90.0
1709854854	0.00	161.23	0.0	?	8.3	8.3	90.0
1711855855	0.00	160.28	0.0	?	8.7	8.7	90.0
1713856856	0.00	159.40	0.0	?	9.1	9.1	90.0
1715857857	0.00	158.25	0.0	?	9.6	9.6	90.0
1717858858	0.00	157.31	0.0	?	10.0	10.0	90.0
1719859859	0.00	156.98	0.0	?	10.2	10.2	90.0
1721860860	0.00	155.82	0.0	?	10.7	10.7	90.0
1723861861	0.00	154.74	0.0	?	11.2	11.2	90.0
1725862862	0.00	154.48	0.0	?	11.3	11.3	90.0
1727863863	0.00	153.56	0.0	?	11.7	11.7	90.0
1729864864	0.00	152.85	0.0	?	12.1	12.1	90.0
1731865865	0.00	152.37	0.0	?	12.3	12.3	90.0
1733866866	0.00	151.23	0.0	?	12.8	12.8	90.0
1735867867	0.00	150.41	0.0	?	13.2	13.2	90.0
1737868868	0.00	149.77	0.0	?	13.5	13.5	90.0
1739869869	0.00	149.35	0.0	?	13.7	13.7	90.0
1741870870	0.00	148.98	0.0	?	13.9	13.9	90.0
1743871871	0.00	148.03	0.0	?	14.3	14.3	90.0
1745872872	0.00	146.74	0.0	?	14.9	14.9	90.0
1747873873	0.00	146.17	0.0	?	15.2	15.2	90.0
1749874874	0.00	145.70	0.0	?	15.4	15.4	90.0
1751875875	0.00	144.61	0.0	?	16.0	16.0	90.0
1753876876	0.00	143.37	0.0	?	16.6	16.6	90.0
1755877877	0.00	142.15	0.0	?	17.1	17.1	90.0
1757878878	0.00	140.44	0.0	?	18.0	18.0	90.0
1759879879	0.00	139.16	0.0	?	18.6	18.6	90.0
1761880880	0.00	137.76	0.0	?	19.3	19.3	90.0
1763881881	0.00	136.41	0.0	?	20.0	20.0	90.0
1765882882	0.00	134.74	0.0	?	20.8	20.8	90.0
1767883883	0.00	132.99	0.0	?	21.7	21.7	90.0
1769884884	0.00	131.65	0.0	?	22.4	22.4	90.0
1771885885	0.00	129.83	0.0	?	23.4	23.4	90.0
1773886886	0.00	127.90	0.0	?	24.4	24.4	90.0
1775887887	0.00	126.20	0.0	?	25.4	25.4	90.0
1777888888	0.00	124.43	0.0	?	26.3	26.3	90.0
1779889889	0.00	122.09	0.0	?	27.7	27.7	90.0
1781890890	0.00	120.61	0.0	?	28.5	28.5	90.0
1783891891	0.00	118.86	0.0	?	29.5	29.5	90.0
1785892892	0.00	117.12	0.0	?	30.6	30.6	90.0
1787893893	0.00	115.08	0.0	?	31.8	31.8	90.0
1789894894	0.00	113.29	0.0	?	32.9	32.9	90.0
1791895895	0.00	111.05	0.0	?	34.3	34.3	90.0
1793896896	0.00	109.10	0.0	?	35.6	35.6	90.0
1795897897	0.00	107.42	0.0	?	36.7	36.7	90.0
1797898898	0.00	105.50	0.0	?	38.0	38.0	90.0
1799899899	0.00	103.81	0.0	?	39.2	39.2	90.0
1801900900	0.00	102.05	0.0	?	40.5	40.5	90.0
1803901901	0.00	99.90	0.0	?	42.0	42.0	90.0
1805902902	0.00	98.36	0.0	?	43.2	43.2	90.0
1807903903	0.00	96.26	0.0	?	44.8	44.8	90.0
1809904904	0.00	93.76	0.0	?	46.8	46.8	90.0
1811905905	0.00	92.00	0.0	?	48.3	48.3	90.0
1813906906	0.00	90.31	0.0	?	49.7	49.7	90.0
1815907907	0.00	88.54	0.0	?	51.3	51.3	90.0
1817908908	0.00	86.39	0.0	?	53.3	53.3	90.0
1819909909	0.00	84.34	0.0	?	55.2	55.2	90.0
1821910910	0.00	82.38	0.0	?	57.1	57.1	90.0
1823911911	0.00	80.54	0.0	?	59.0	59.0	90.0
1825912912	-0.07	78.23	0.5	257.26	61.5	61.5	89.5
1827913913	-0.28	76.05	2.1	62.22	63.9	63.9	88.1
1829914914	-0.54	74.19	4.2	32.36	66.0	66.1	86.3
1831915915	-0.81	71.80	6.7	21.46	68.6	69.0	84.4
1833916916	-1.06	69.54	9.3	16.38	71.2	71.8	82.5
1835917917	-1.42	67.37	13.0	12.27	73.4	74.6	79.9
1837918918	-1.64	64.99	16.0	10.60	76.1	77.8	78.1
1839919919	-1.86	62.78	19.1	9.36	78.6	80.9	76.3
1841920920	-2.18	60.63	23.4	8.02	80.5	83.8	73.8
1843921921	-2.42	58.21	27.5	7.23	83.0	87.4	71.7
1845922922	-2.70	56.00	32.2	6.49	84.7	90.6	69.2
1847923923	-2.99	53.44	37.8	5.87	86.5	94.4	66.4
1849924924	-3.24	50.60	43.8	5.43	88.7	98.9	63.7
1851925925	-3.45	48.30	49.2	5.10	90.0	102.6	61.3
1853926926	-3.74	45.51	56.4	4.72	90.7	106.8	58.1
1855927927	-3.99	42.86	63.5	4.43	90.9	110.9	55.1
1857928928	-4.19	40.00	71.1	4.22	91.1	115.6	52.0
1859929929	-4.38	37.02	79.3	4.05	90.9	120.6	48.9
1861930930	-4.58	34.62	86.4	3.88	89.0	124.1	45.9
1863931931	-4.82	31.79	94.8	3.70	85.6	127.7	42.1
1865932932	-5.00	28.89	103.1	3.57	81.9	131.7	38.5
1867933933	-5.19	26.38	110.0	3.45	77.2	134.4	35.1
1869934934	-5.31	23.47	118.0	3.37	72.3	138.4	31.5
1871935935	-5.46	20.46	125.5	3.29	65.4	141.5	27.5
1873936936	-5.58	17.44	132.4	3.22	57.7	144.5	23.6
1875937937	-5.70	14.46	138.1	3.15	48.9	146.5	19.5
1877938938	-5.81	11.84	142.0	3.10	40.5	147.7	15.9
1879939939	-5.92	8.70	145.3	3.04	29.8	148.4	11.6
1881940940	-6.04	5.94	146.4	2.99	20.1	147.8	7.8
1883941941	-6.15	2.72	146.4	2.94	9.0	146.7	3.5
1885942942	-6.20	-0.11	146.0	2.92	-0.4	146.0	-0.1
1887943943	-6.23	-3.37	144.4	2.91	-10.9	144.8	-4.3
1889944944	-6.32	-5.85	140.8	2.87	-18.1	142.0	-7.3
1891945945	-6.40	-8.91	136.0	2.84	-26.2	138.5	-10.9
1893946946	-6.52	-11.37	130.7	2.79	-31.3	134.4	-13.5
1895947947	-6.52	-14.23	126.3	2.79	-37.7	131.8	-16.6
1897948948	-6.59	-16.96	120.7	2.76	-42.2	127.8	-19.3
1899949949	-6.66	-19.92	114.6	2.74	-46.2	123.5	-22.0
1901950950	-6.76	-22.32	109.2	2.70	-48.2	119.4	-23.8
1903951951	-6.81	-24.72	104.4	2.68	-50.4	116.0	-25.8
1905952952	-6.94	-27.87	98.0	2.63	-51.6	110.7	-27.8
1907953953	-7.08	-29.94	93.7	2.59	-51.5	106.9	-28.8
1909954954	-7.19	-31.38	90.9	2.55	-51.1	104.3	-29.4
1911955955	-7.42	-33.41	87.0	2.48	-49.8	100.2	-29.8
1913956956	-7.58	-35.21	83.9	2.44	-49.0	97.2	-30.3
1915957957	-7.72	-36.15	82.3	2.40	-48.0	95.2	-30.3
1917958958	-7.74	-36.69	81.5	2.39	-48.0	94.6	-30.5
1919959959	-7.83	-37.04	80.8	2.37	-47.3	93.7	-30.4
1921960960	-7.85	-36.95	80.9	2.36	-47.1	93.6	-30.2
1923961961	-7.81	-36.31	81.8	2.37	-47.2	94.5	-30.0
1925962962	-7.61	-36.15	82.5	2.43	-49.0	96.0	-30.7
1927963963	-7.48	-35.62	83.6	2.46	-50.1	97.4	-30.9
1929964964	-7.17	-35.85	83.9	2.56	-53.2	99.3	-32.4
1931965965	-7.02	-36.44	83.2	2.61	-54.9	99.7	-33.4
1933966966	-6.78	-37.33	82.1	2.69	-57.7	100.3	-35.1
1935967967	-6.47	-38.21	80.8	2.81	-61.3	101.4	-37.2
1937968968	-6.23	-38.80	79.8	2.91	-64.1	102.3	-38.8
1939969969	-6.06	-40.00	77.5	2.98	-65.9	101.8	-40.4
1941970970	-5.81	-41.79	74.0	3.10	-68.5	100.8	-42.8
1943971971	-5.65	-42.36	72.6	3.18	-70.1	100.9	-44.0
1945972972	-5.49	-43.29	70.5	3.27	-71.7	100.5	-45.5
1947973973	-5.33	-44.76	67.4	3.36	-72.7	99.2	-47.2
1949974974	-5.16	-45.43	65.6	3.47	-74.2	99.1	-48.5
1951975975	-5.01	-46.93	62.4	3.56	-74.8	97.4	-50.1
1953976976	-4.83	-47.94	59.9	3.69	-75.9	96.7	-51.8
1955977977	-4.72	-49.09	57.4	3.77	-76.2	95.4	-53.0
1957978978	-4.58	-50.30	54.8	3.88	-76.4	94.0	-54.3
1959979979	-4.37	-51.60	51.7	4.05	-77.1	92.8	-56.2
1961980980	-4.32	-52.60	49.9	4.10	-76.5	91.4	-56.9
1963981981	-4.19	-53.09	48.4	4.22	-77.2	91.1	-57.9
1965982982	-4.07	-54.41	45.8	4.35	-76.8	89.4	-59.2
1967983983	-3.91	-55.25	43.7	4.52	-77.1	88.6	-60.5
1969984984	-3.78	-55.95	41.9	4.66	-77.2	87.9	-61.5
1971985985	-3.74	-56.70	40.8	4.71	-76.6	86.8	-62.0
1973986986	-3.67	-57.52	39.3	4.80	-76.2	85.7	-62.7
1975987987	-3.54	-58.42	37.4	4.97	-76.0	84.7	-63.8
1977988988	-3.38	-58.86	35.7	5.20	-76.5	84.4	-65.0
1979989989	-3.35	-59.52	34.8	5.24	-75.8	83.5	-65.3
1981990990	-3.28	-60.57	33.3	5.35	-75.0	82.0	-66.0
1983991991	-3.25	-61.62	32.1	5.41	-73.9	80.6	-66.5
1985992992	-3.14	-62.32	30.7	5.59	-73.6	79.8	-67.4
1987993993	-3.09	-62.62	30.1	5.69	-73.5	79.4	-67.8
1989994994	-3.00	-63.35	28.8	5.85	-73.1	78.5	-68.5
1991995995	-2.96	-63.80	28.2	5.92	-72.7	78.0	-68.8
1993996996	-2.88	-64.50	27.0	6.08	-72.2	77.1	-69.5
1995997997	-2.86	-65.32	26.3	6.14	-71.3	76.0	-69.8
1997998998	-2.81	-65.95	25.5	6.24	-70.8	75.2	-70.2
1999999999	-2.75	-66.38	24.8	6.37	-70.5	74.7	-70.7
