1000000	-0.82	87.06	5.0	21.20	52.4	52.6	84.6
3001001	0.00	81.67	0.0	?	57.9	57.9	90.0
5002002	0.00	76.09	0.0	?	63.9	63.9	90.0
7003003	0.00	71.92	0.0	?	68.9	68.9	90.0
9004004	0.00	68.38	0.0	?	73.6	73.6	90.0
11005005	0.00	66.28	0.0	?	76.6	76.6	90.0
13006006	0.00	64.10	0.0	?	79.9	79.9	90.0
15007007	-0.13	61.30	1.4	136.16	84.4	84.4	89.0
17008008	-0.18	59.57	2.1	95.00	87.3	87.3	88.6
19009009	-0.28	57.87	3.5	61.22	90.3	90.4	87.8
21010010	-0.33	56.26	4.3	52.50	93.4	93.5	87.4
23011011	-0.38	54.72	5.2	45.46	96.4	96.5	86.9
25012012	-0.44	53.25	6.2	39.82	99.4	99.6	86.4
27013013	-0.47	51.86	7.0	37.20	102.4	102.7	86.1
29014014	-0.50	50.50	7.9	34.63	105.5	105.8	85.7
31015015	-0.53	49.27	8.7	33.05	108.5	108.8	85.4
33016016	-0.55	48.11	9.6	31.35	111.3	111.7	85.1
35017017	-0.56	47.08	10.1	31.00	114.0	114.5	85.0
37018018	-0.56	45.94	10.4	31.25	117.2	117.6	84.9
39019019	-0.54	44.87	10.7	31.90	120.3	120.8	84.9
41020020	-0.55	43.80	11.3	31.62	123.5	124.0	84.8
43021021	-0.55	42.71	11.9	31.44	126.9	127.5	84.6
45022022	-0.56	41.78	12.7	30.76	129.9	130.6	84.4
47023023	-0.57	40.86	13.5	30.24	133.0	133.7	84.2
49024024	-0.59	40.03	14.3	29.68	135.9	136.7	84.0
51025025	-0.59	39.19	15.0	29.42	139.0	139.8	83.9
53026026	-0.60	38.43	15.9	28.74	141.9	142.7	83.6
55027027	-0.63	37.68	17.2	27.56	144.7	145.7	83.2
57028028	-0.64	36.97	18.2	27.06	147.6	148.7	83.0
59029029	-0.66	36.27	19.5	26.17	150.4	151.6	82.6
61030030	-0.70	35.60	21.1	24.95	153.1	154.5	82.1
63031031	-0.73	34.94	22.8	23.87	155.8	157.5	81.7
65032032	-0.77	34.28	24.9	22.69	158.6	160.5	81.1
67033033	-0.81	33.60	27.3	21.41	161.4	163.7	80.4
69034034	-0.85	32.94	29.7	20.36	164.2	166.8	79.7
71035035	-0.91	32.22	32.8	19.20	167.2	170.4	78.9
73036036	-0.97	31.50	36.3	17.97	170.1	174.0	77.9
75037037	-1.02	30.81	39.8	17.02	173.0	177.5	77.0
77038038	-1.08	30.02	44.0	16.06	176.2	181.7	76.0
79039039	-1.15	29.29	48.7	15.09	179.0	185.5	74.8
81040040	-1.22	28.50	53.9	14.22	182.0	189.8	73.5
83041041	-1.30	27.70	59.8	13.35	184.6	194.1	72.0
85042042	-1.40	26.91	66.7	12.44	186.6	198.2	70.3
87043043	-1.47	26.28	72.3	11.84	188.1	201.5	69.0
89044044	-1.52	25.51	78.1	11.42	190.7	206.1	67.7
91045045	-1.59	24.53	85.8	10.98	194.1	212.2	66.1
93046046	-1.67	23.58	94.6	10.46	196.2	217.8	64.3
95047047	-1.75	22.67	103.8	9.97	197.5	223.1	62.3
97048048	-1.82	21.81	112.7	9.58	198.4	228.2	60.4
99049049	-1.87	20.82	122.6	9.30	200.4	235.0	58.5
101050050	-1.94	19.72	134.5	8.99	201.6	242.4	56.3
103051051	-2.01	18.55	148.0	8.70	202.0	250.4	53.8
105052052	-2.07	17.27	163.3	8.44	201.7	259.5	51.0
107053053	-2.14	16.07	178.8	8.16	199.0	267.5	48.1
109054054	-2.22	14.84	195.1	7.87	193.6	274.8	44.8
111055055	-2.29	13.55	212.3	7.63	186.5	282.6	41.3
113056056	-2.36	12.22	230.1	7.42	177.4	290.6	37.6
115057057	-2.43	10.87	247.2	7.19	164.3	296.8	33.6
117058058	-2.49	9.45	264.4	7.02	149.3	303.7	29.5
119059059	-2.55	7.96	280.6	6.86	130.4	309.5	24.9
121060060	-2.62	6.46	293.8	6.69	108.1	313.1	20.2
123061061	-2.67	4.84	304.9	6.55	82.2	315.7	15.1
125062062	-2.72	3.23	311.8	6.44	55.2	316.6	10.0
127063063	-2.78	1.54	312.6	6.29	25.8	313.6	4.7
129064064	-2.83	-0.18	309.2	6.18	-3.0	309.2	-0.6
131065065	-2.87	-1.85	302.6	6.11	-29.0	303.9	-5.5
133066066	-2.90	-3.52	292.5	6.05	-52.9	297.3	-10.2
135067067	-2.92	-5.41	278.7	6.01	-76.7	289.1	-15.4
137068068	-2.92	-7.28	263.3	6.01	-97.6	280.8	-20.3
139069069	-2.93	-9.23	244.1	5.98	-113.8	269.3	-25.0
141070070	-2.92	-11.30	224.0	6.00	-128.0	258.0	-29.7
143071071	-2.92	-13.42	203.1	6.01	-137.6	245.3	-34.1
145072072	-2.91	-15.59	182.7	6.02	-143.6	232.4	-38.2
147073073	-2.89	-17.76	163.7	6.07	-147.5	220.4	-42.0
149074074	-2.87	-20.00	145.8	6.11	-148.1	207.8	-45.5
151075075	-2.85	-22.29	129.4	6.16	-147.1	195.9	-48.7
153076076	-2.81	-24.61	114.5	6.24	-145.1	184.9	-51.7
155077077	-2.77	-27.02	101.0	6.33	-141.7	174.0	-54.5
157078078	-2.74	-29.37	89.7	6.39	-137.2	163.9	-56.8
159079079	-2.71	-31.81	79.6	6.45	-132.2	154.3	-58.9
161080080	-2.68	-34.22	70.9	6.54	-127.2	145.6	-60.9
163081081	-2.65	-36.63	63.4	6.61	-122.1	137.6	-62.6
165082082	-2.60	-39.08	56.4	6.74	-117.3	130.2	-64.3
167083083	-2.56	-41.43	50.9	6.83	-112.5	123.5	-65.7
169084084	-2.52	-43.83	45.8	6.95	-107.9	117.2	-67.0
171085085	-2.47	-46.20	41.3	7.08	-103.5	111.5	-68.2
173086086	-2.41	-48.67	37.2	7.25	-99.2	106.0	-69.5
175087087	-2.35	-51.24	33.4	7.42	-94.9	100.6	-70.6
177088088	-2.29	-53.90	29.9	7.62	-90.6	95.4	-71.7
179089089	-2.23	-56.65	26.9	7.82	-86.4	90.5	-72.7
181090090	-2.20	-59.55	24.4	7.93	-82.0	85.6	-73.4
183091091	-2.18	-62.44	22.3	8.02	-77.9	81.0	-74.1
185092092	-2.16	-65.43	20.4	8.07	-73.9	76.7	-74.5
187093093	-2.15	-68.69	18.8	8.11	-69.8	72.3	-74.9
189094094	-2.14	-71.88	17.3	8.14	-66.0	68.3	-75.3
191095095	-2.12	-75.20	15.9	8.25	-62.4	64.4	-75.7
193096096	-2.08	-78.94	14.4	8.41	-58.6	60.4	-76.2
195097097	-2.04	-83.10	13.0	8.56	-54.7	56.2	-76.6
197098098	-2.00	-87.99	11.7	8.74	-50.4	51.7	-76.9
199099099	-2.01	-93.94	10.7	8.68	-45.5	46.8	-76.8
201100100	-2.12	-100.35	10.2	8.23	-40.7	41.9	-75.9
203101101	-2.29	-107.20	10.0	7.62	-35.9	37.3	-74.4
205102102	-2.52	-115.11	10.0	6.95	-30.9	32.5	-72.0
207103103	-2.83	-123.68	10.3	6.20	-25.9	27.8	-68.3
209104104	-3.23	-133.10	10.8	5.44	-20.8	23.5	-62.5
211105105	-3.77	-143.65	11.8	4.68	-15.6	19.5	-52.9
213106106	-4.53	-155.43	13.3	3.92	-10.1	16.7	-37.3
215107107	-5.51	-167.82	15.5	3.26	-4.8	16.2	-17.3
217108108	-6.70	178.70	18.4	2.72	0.5	18.4	1.5
219109109	-7.82	164.16	21.4	2.37	5.7	22.2	14.9
221110110	-8.75	148.45	24.7	2.15	10.9	27.0	23.8
223111111	-9.19	131.49	27.8	2.06	16.4	32.3	30.6
225112112	-9.00	114.07	30.9	2.10	22.9	38.4	36.5
227113113	-8.30	97.20	34.2	2.25	30.7	46.0	41.9
229114114	-7.26	81.96	38.1	2.53	40.3	55.4	46.6
231115115	-6.25	68.16	43.6	2.90	51.7	67.6	49.8
233116116	-5.34	56.02	51.5	3.35	65.2	83.0	51.7
235117117	-4.57	45.81	61.9	3.89	80.7	101.7	52.5
237118118	-3.97	36.87	77.2	4.46	98.0	124.8	51.8
239119119	-3.47	29.06	99.2	5.07	117.5	153.8	49.8
241120120	-3.10	22.07	132.4	5.66	136.4	190.1	45.9
243121121	-2.81	15.79	181.8	6.24	150.3	235.9	39.6
245122122	-2.58	10.05	252.1	6.78	146.0	291.4	30.1
247123123	-2.41	4.73	333.8	7.26	98.0	347.9	16.4
249124124	-2.28	-0.19	382.8	7.66	-4.9	382.8	-0.7
251125125	-2.21	-4.69	357.7	7.89	-113.5	375.3	-17.6
253126126	-2.15	-8.88	292.3	8.12	-180.4	343.5	-31.7
255127127	-2.09	-12.87	224.1	8.35	-205.5	304.0	-42.5
257128128	-2.06	-16.49	172.4	8.48	-204.7	267.6	-49.9
259129129	-2.02	-19.97	134.4	8.64	-195.7	237.4	-55.5
261130130	-1.99	-23.35	106.7	8.78	-183.2	212.0	-59.8
263131131	-1.97	-26.51	87.2	8.87	-170.5	191.5	-62.9
265132132	-1.92	-29.48	72.5	9.07	-159.7	175.3	-65.6
267133133	-1.86	-32.33	60.7	9.36	-150.1	161.9	-68.0
269134134	-1.79	-35.19	50.9	9.73	-141.2	150.1	-70.2
271135135	-1.72	-38.00	43.1	10.12	-132.8	139.6	-72.0
273136136	-1.66	-40.82	36.7	10.53	-125.0	130.3	-73.7
275137137	-1.59	-43.54	31.6	10.94	-118.0	122.1	-75.0
277138138	-1.52	-46.26	27.2	11.45	-111.5	114.7	-76.3
279139139	-1.47	-48.95	23.8	11.83	-105.4	108.1	-77.3
281140140	-1.42	-51.51	21.0	12.28	-100.1	102.3	-78.2
283141141	-1.35	-53.95	18.5	12.85	-95.4	97.2	-79.0
285142142	-1.29	-56.37	16.3	13.47	-91.0	92.5	-79.8
287143143	-1.24	-58.74	14.6	14.01	-87.0	88.2	-80.5
289144144	-1.19	-60.98	13.1	14.65	-83.4	84.4	-81.1
291145145	-1.13	-63.22	11.6	15.46	-80.0	80.9	-81.7
293146146	-1.07	-65.33	10.5	16.24	-77.0	77.7	-82.3
295147147	-1.03	-67.43	9.5	16.90	-74.1	74.7	-82.7
297148148	-0.99	-69.43	8.7	17.56	-71.5	72.0	-83.0
299149149	-0.95	-71.41	8.0	18.32	-69.0	69.4	-83.4
301150150	-0.91	-73.23	7.3	19.10	-66.8	67.2	-83.7
303151151	-0.88	-75.02	6.8	19.76	-64.7	65.0	-84.0
305152152	-0.85	-76.78	6.3	20.38	-62.7	63.0	-84.2
307153153	-0.83	-78.57	5.9	21.05	-60.8	61.1	-84.5
309154154	-0.81	-80.26	5.6	21.49	-59.0	59.3	-84.6
311155155	-0.80	-81.90	5.4	21.62	-57.3	57.6	-84.7
313156156	-0.78	-83.50	5.1	22.24	-55.8	56.0	-84.8
315157157	-0.78	-84.98	4.9	22.26	-54.3	54.6	-84.8
317158158	-0.78	-86.48	4.8	22.22	-52.9	53.2	-84.8
319159159	-0.76	-87.91	4.5	22.95	-51.7	51.9	-85.0
321160160	-0.74	-89.36	4.3	23.51	-50.4	50.6	-85.1
323161161	-0.72	-90.80	4.1	24.23	-49.1	49.3	-85.3
325162162	-0.71	-92.24	3.9	24.33	-47.9	48.1	-85.3
327163163	-0.71	-93.72	3.8	24.55	-46.7	46.9	-85.3
329164164	-0.72	-95.16	3.8	24.23	-45.5	45.7	-85.3
331165165	-0.70	-96.60	3.6	24.92	-44.4	44.6	-85.4
333166166	-0.68	-98.12	3.4	25.41	-43.3	43.4	-85.4
335167167	-0.69	-99.68	3.4	25.12	-42.1	42.2	-85.4
337168168	-0.70	-101.12	3.4	24.81	-41.0	41.2	-85.3
339169169	-0.71	-102.68	3.4	24.36	-39.9	40.0	-85.2
341170170	-0.72	-104.24	3.3	24.16	-38.8	38.9	-85.1
343171171	-0.74	-105.83	3.3	23.46	-37.7	37.8	-84.9
345172172	-0.75	-107.34	3.3	23.10	-36.7	36.8	-84.8
347173173	-0.77	-108.86	3.3	22.61	-35.6	35.8	-84.6
349174174	-0.78	-110.41	3.3	22.41	-34.6	34.8	-84.6
351175175	-0.80	-111.99	3.3	21.78	-33.6	33.8	-84.3
353176176	-0.81	-113.56	3.3	21.47	-32.6	32.8	-84.2
355177177	-0.83	-115.04	3.3	21.02	-31.7	31.9	-84.0
357178178	-0.84	-116.57	3.3	20.73	-30.8	31.0	-83.8
359179179	-0.86	-118.15	3.3	20.30	-29.9	30.0	-83.6
361180180	-0.87	-119.74	3.3	19.98	-28.9	29.1	-83.4
363181181	-0.88	-121.26	3.3	19.78	-28.0	28.2	-83.2
365182182	-0.89	-122.87	3.3	19.48	-27.1	27.3	-83.0
367183183	-0.91	-124.43	3.3	19.19	-26.3	26.5	-82.8
369184184	-0.91	-125.97	3.3	19.13	-25.4	25.6	-82.6
371185185	-0.91	-127.45	3.3	19.05	-24.6	24.8	-82.4
373186186	-0.91	-129.00	3.2	19.04	-23.8	24.0	-82.3
375187187	-0.92	-130.48	3.2	18.99	-23.0	23.2	-82.1
377188188	-0.91	-131.97	3.1	19.02	-22.2	22.4	-81.9
379189189	-0.91	-133.47	3.1	19.11	-21.4	21.7	-81.8
381190190	-0.91	-134.88	3.1	19.15	-20.7	20.9	-81.6
383191191	-0.90	-136.29	3.0	19.31	-20.0	20.2	-81.5
385192192	-0.89	-137.71	2.9	19.50	-19.3	19.5	-81.3
387193193	-0.88	-139.11	2.9	19.74	-18.6	18.8	-81.2
389194194	-0.88	-140.48	2.8	19.83	-17.9	18.1	-81.0
391195195	-0.87	-141.76	2.8	19.96	-17.3	17.5	-80.8
393196196	-0.86	-143.06	2.7	20.31	-16.7	16.9	-80.7
395197197	-0.85	-144.33	2.7	20.47	-16.0	16.3	-80.5
397198198	-0.83	-145.71	2.6	20.83	-15.4	15.6	-80.3
399199199	-0.82	-146.88	2.6	21.18	-14.8	15.1	-80.2
401200200	-0.82	-148.09	2.5	21.24	-14.3	14.5	-79.9
403201201	-0.80	-149.26	2.5	21.65	-13.7	13.9	-79.7
405202202	-0.80	-150.46	2.4	21.86	-13.2	13.4	-79.5
407203203	-0.78	-151.64	2.4	22.24	-12.6	12.8	-79.3
409204204	-0.77	-152.75	2.3	22.54	-12.1	12.3	-79.0
411205205	-0.77	-153.80	2.3	22.58	-11.6	11.8	-78.6
413206206	-0.76	-154.83	2.3	22.75	-11.1	11.4	-78.3
415207207	-0.76	-155.93	2.3	22.85	-10.6	10.9	-77.9
417208208	-0.76	-156.97	2.3	22.96	-10.2	10.4	-77.4
419209209	-0.76	-157.96	2.3	22.77	-9.7	10.0	-76.8
421210210	-0.77	-158.97	2.3	22.45	-9.3	9.5	-76.0
423211211	-0.77	-159.92	2.3	22.49	-8.8	9.1	-75.5
425212212	-0.78	-160.89	2.3	22.39	-8.4	8.7	-74.7
427213213	-0.79	-161.87	2.3	22.05	-8.0	8.3	-73.7
429214214	-0.81	-162.81	2.4	21.52	-7.5	7.9	-72.5
431215215	-0.82	-163.76	2.4	21.26	-7.1	7.5	-71.4
433216216	-0.83	-164.66	2.4	20.92	-6.7	7.1	-70.1
435217217	-0.85	-165.55	2.5	20.34	-6.3	6.8	-68.4
437218218	-0.87	-166.47	2.5	20.02	-5.9	6.4	-66.8
439219219	-0.89	-167.40	2.6	19.60	-5.5	6.1	-64.9
441220220	-0.91	-168.29	2.6	19.09	-5.1	5.8	-62.6
443221221	-0.93	-169.24	2.7	18.66	-4.7	5.4	-60.1
445222222	-0.96	-170.14	2.8	18.07	-4.3	5.1	-57.0
447223223	-0.99	-171.01	2.9	17.51	-3.9	4.9	-53.7
449224224	-1.02	-171.95	3.0	17.02	-3.5	4.6	-49.9
451225225	-1.05	-172.87	3.0	16.60	-3.1	4.3	-45.7
453226226	-1.07	-173.78	3.1	16.20	-2.7	4.1	-41.1
455227227	-1.11	-174.68	3.2	15.74	-2.3	3.9	-36.0
457228228	-1.14	-175.65	3.3	15.29	-1.9	3.8	-30.0
459229229	-1.17	-176.61	3.4	14.93	-1.5	3.7	-23.7
461230230	-1.19	-177.55	3.4	14.58	-1.1	3.6	-17.2
463231231	-1.22	-178.55	3.5	14.21	-0.6	3.6	-10.2
465232232	-1.25	-179.53	3.6	13.94	-0.2	3.6	-3.3
467233233	-1.27	179.53	3.7	13.68	0.2	3.7	3.2
469234234	-1.30	178.50	3.7	13.40	0.7	3.8	9.9
471235235	-1.32	177.49	3.8	13.17	1.1	4.0	16.0
473236236	-1.35	176.47	3.9	12.90	1.5	4.2	21.5
475237237	-1.37	175.49	3.9	12.75	2.0	4.4	26.5
477238238	-1.38	174.49	4.0	12.62	2.4	4.6	31.1
479239239	-1.39	173.46	4.0	12.52	2.8	4.9	35.3
481240240	-1.41	172.37	4.1	12.37	3.3	5.2	39.2
483241241	-1.41	171.31	4.1	12.33	3.8	5.6	42.8
485242242	-1.43	170.31	4.1	12.19	4.2	5.9	45.5
487243243	-1.43	169.25	4.2	12.13	4.7	6.3	48.4
489244244	-1.44	168.17	4.2	12.09	5.1	6.6	50.9
491245245	-1.44	167.16	4.2	12.06	5.6	7.0	53.1
493246246	-1.45	166.09	4.2	12.00	6.1	7.4	55.1
495247247	-1.45	165.10	4.2	12.02	6.5	7.7	56.9
497248248	-1.45	164.05	4.3	11.99	7.0	8.2	58.6
499249249	-1.45	162.99	4.2	12.04	7.4	8.6	60.2
501250250	-1.43	161.89	4.2	12.20	7.9	9.0	62.0
503251251	-1.43	160.85	4.2	12.21	8.4	9.4	63.3
505252252	-1.42	159.83	4.2	12.26	8.8	9.8	64.5
507253253	-1.41	158.78	4.2	12.31	9.3	10.2	65.7
509254254	-1.42	157.76	4.2	12.27	9.8	10.6	66.6
511255255	-1.41	156.63	4.2	12.39	10.3	11.1	67.7
513256256	-1.39	155.57	4.2	12.50	10.8	11.5	68.7
515257257	-1.38	154.44	4.2	12.62	11.3	12.0	69.7
517258258	-1.37	153.45	4.2	12.70	11.7	12.4	70.5
519259259	-1.36	152.43	4.2	12.77	12.2	12.9	71.2
521260260	-1.36	151.35	4.2	12.81	12.7	13.3	71.9
523261261	-1.35	150.28	4.1	12.92	13.2	13.8	72.6
525262262	-1.34	149.25	4.1	13.00	13.7	14.3	73.2
527263263	-1.33	148.17	4.1	13.05	14.2	14.8	73.7
529264264	-1.34	147.10	4.2	12.99	14.7	15.3	74.1
531265265	-1.33	145.96	4.2	13.11	15.2	15.8	74.7
533266266	-1.32	144.80	4.2	13.16	15.8	16.3	75.1
535267267	-1.32	143.79	4.2	13.16	16.2	16.8	75.5
537268268	-1.31	142.65	4.2	13.27	16.8	17.3	76.0
539269269	-1.31	141.55	4.2	13.31	17.3	17.8	76.3
541270270	-1.31	140.36	4.3	13.25	17.9	18.4	76.6
543271271	-1.32	139.25	4.3	13.17	18.4	18.9	76.8
545272272	-1.33	138.04	4.4	13.08	19.0	19.5	77.0
547273273	-1.33	136.90	4.4	13.06	19.6	20.1	77.3
549274274	-1.35	135.67	4.5	12.86	20.2	20.7	77.4
551275275	-1.37	134.44	4.6	12.75	20.8	21.3	77.5
553276276	-1.39	133.17	4.7	12.57	21.5	22.0	77.6
555277277	-1.40	131.92	4.8	12.43	22.1	22.6	77.7
557278278	-1.42	130.69	4.9	12.29	22.8	23.3	77.8
559279279	-1.43	129.35	5.0	12.15	23.5	24.0	77.9
561280280	-1.46	128.00	5.2	11.95	24.2	24.7	77.9
563281281	-1.49	126.69	5.3	11.70	24.9	25.4	77.9
565282282	-1.52	125.33	5.5	11.46	25.6	26.2	77.8
567283283	-1.56	124.04	5.7	11.18	26.3	26.9	77.7
569284284	-1.60	122.70	6.0	10.86	27.0	27.7	77.6
571285285	-1.64	121.24	6.2	10.64	27.8	28.5	77.5
573286286	-1.68	119.81	6.4	10.40	28.6	29.3	77.4
575287287	-1.73	118.43	6.7	10.09	29.4	30.1	77.2
577288288	-1.77	117.01	6.9	9.87	30.2	31.0	77.1
579289289	-1.83	115.47	7.3	9.53	31.1	31.9	76.8
581290290	-1.88	113.98	7.6	9.26	31.9	32.8	76.5
583291291	-1.96	112.51	8.1	8.89	32.8	33.8	76.1
585292292	-2.03	111.03	8.5	8.59	33.7	34.7	75.8
587293293	-2.11	109.57	9.0	8.27	34.5	35.7	75.4
589294294	-2.19	108.08	9.5	7.99	35.4	36.7	75.0
591295295	-2.29	106.66	10.1	7.62	36.2	37.6	74.4
593296296	-2.40	105.31	10.7	7.28	37.0	38.6	73.8
595297297	-2.51	104.20	11.4	6.97	37.7	39.3	73.2
597298298	-2.62	103.13	12.0	6.67	38.2	40.1	72.5
599299299	-2.73	102.24	12.7	6.42	38.7	40.7	71.9
601300300	-2.84	101.45	13.3	6.17	39.1	41.3	71.2
603301301	-2.94	100.92	13.8	5.97	39.4	41.7	70.7
605302302	-3.02	100.52	14.2	5.82	39.5	42.0	70.2
607303303	-3.05	100.29	14.5	5.75	39.6	42.2	70.0
609304304	-3.06	100.09	14.5	5.74	39.8	42.3	70.0
611305305	-3.02	99.85	14.4	5.80	40.0	42.5	70.2
613306306	-2.96	99.51	14.2	5.92	40.3	42.7	70.6
615307307	-2.87	98.93	13.9	6.11	40.8	43.1	71.2
617308308	-2.78	98.21	13.6	6.31	41.4	43.6	71.8
619309309	-2.69	97.42	13.4	6.50	42.1	44.2	72.4
621310310	-2.58	96.50	13.0	6.78	42.9	44.8	73.1
623311311	-2.50	95.48	12.8	7.00	43.8	45.6	73.7
625312312	-2.41	94.44	12.6	7.26	44.7	46.4	74.3
627313313	-2.32	93.15	12.4	7.54	45.8	47.4	74.9
629314314	-2.24	91.90	12.2	7.81	46.9	48.4	75.4
631315315	-2.16	90.77	12.0	8.08	47.9	49.4	75.9
633316316	-2.09	89.55	11.9	8.34	49.0	50.4	76.3
635317317	-2.05	88.33	11.9	8.51	50.0	51.4	76.6
637318318	-1.98	87.20	11.8	8.80	51.1	52.4	77.0
639319319	-1.94	85.87	11.8	9.01	52.3	53.6	77.3
641320320	-1.88	84.68	11.7	9.29	53.5	54.8	77.7
643321321	-1.84	83.58	11.7	9.48	54.6	55.8	77.9
645322322	-1.81	82.41	11.8	9.65	55.7	56.9	78.1
647323323	-1.76	81.14	11.8	9.91	57.0	58.2	78.3
649324324	-1.72	80.03	11.7	10.15	58.2	59.4	78.6
651325325	-1.70	78.91	11.9	10.28	59.3	60.5	78.7
653326326	-1.68	77.76	12.1	10.38	60.6	61.8	78.7
655327327	-1.64	76.57	12.1	10.61	61.9	63.1	78.9
657328328	-1.62	75.39	12.2	10.78	63.2	64.4	79.1
659329329	-1.61	74.19	12.5	10.85	64.6	65.8	79.1
661330330	-1.59	72.70	12.8	10.94	66.4	67.6	79.1
663331331	-1.57	71.38	13.0	11.09	68.0	69.2	79.1
665332332	-1.56	70.19	13.3	11.17	69.5	70.7	79.1
667333333	-1.57	69.00	13.9	11.06	70.9	72.3	78.9
669334334	-1.58	67.77	14.3	11.05	72.5	73.9	78.8
671335335	-1.57	66.40	14.8	11.09	74.4	75.8	78.8
673336336	-1.57	65.19	15.2	11.12	76.1	77.6	78.7
675337337	-1.58	63.91	15.8	11.05	77.9	79.5	78.5
677338338	-1.61	62.69	16.7	10.84	79.6	81.3	78.2
679339339	-1.63	61.37	17.5	10.71	81.5	83.4	77.9
681340340	-1.65	60.24	18.4	10.53	83.2	85.2	77.6
683341341	-1.67	58.89	19.3	10.45	85.3	87.5	77.3
685342342	-1.70	57.49	20.5	10.23	87.5	89.9	76.8
687343343	-1.73	56.08	21.7	10.09	89.8	92.4	76.4
689344344	-1.75	54.72	23.0	9.93	92.2	95.0	76.0
691345345	-1.76	53.25	24.2	9.89	94.9	97.9	75.7
693346346	-1.80	51.68	26.0	9.68	97.7	101.1	75.1
695347347	-1.84	50.04	28.1	9.47	100.8	104.6	74.4
697348348	-1.88	48.33	30.4	9.27	104.1	108.5	73.7
699349349	-1.92	46.55	33.1	9.10	107.8	112.8	73.0
701350350	-1.95	44.83	35.8	8.94	111.5	117.1	72.2
703351351	-1.99	43.11	39.1	8.75	115.3	121.7	71.3
705352352	-2.03	41.25	42.8	8.59	119.6	127.0	70.3
707353353	-2.08	39.45	47.0	8.41	123.9	132.5	69.2
709354354	-2.12	37.48	52.1	8.25	128.8	138.9	68.0
711355355	-2.16	35.52	57.8	8.09	133.8	145.7	66.6
713356356	-2.22	33.48	64.9	7.88	138.9	153.3	64.9
715357357	-2.24	31.62	71.6	7.81	144.2	161.0	63.6
717358358	-2.29	29.66	80.3	7.63	149.1	169.4	61.7
719359359	-2.34	27.82	89.7	7.46	153.3	177.6	59.7
721360360	-2.37	25.71	101.3	7.36	158.8	188.4	57.5
723361361	-2.43	23.75	114.1	7.21	162.5	198.6	54.9
725362362	-2.45	21.75	128.5	7.14	166.5	210.4	52.3
727363363	-2.48	19.80	144.5	7.04	168.8	222.2	49.4
729364364	-2.51	17.83	162.7	6.98	170.1	235.4	46.3
731365365	-2.53	15.88	182.6	6.92	169.3	249.0	42.8
733366366	-2.55	14.01	203.5	6.85	165.2	262.1	39.1
735367367	-2.56	12.14	226.3	6.85	159.4	276.8	35.2
737368368	-2.55	10.14	252.3	6.86	149.0	293.0	30.6
739369369	-2.55	8.14	278.7	6.87	132.8	308.7	25.5
741370370	-2.53	6.27	303.0	6.91	112.0	323.0	20.3
743371371	-2.52	4.31	324.9	6.93	82.8	335.3	14.3
745372372	-2.51	2.24	341.6	6.96	45.5	344.7	7.6
747373373	-2.51	0.34	348.8	6.98	7.0	348.9	1.2
749374374	-2.48	-1.85	348.7	7.06	-39.0	350.9	-6.4
751375375	-2.48	-3.81	334.3	7.04	-76.6	342.9	-12.9
753376376	-2.46	-5.87	314.4	7.10	-112.0	333.8	-19.6
755377377	-2.45	-7.88	288.9	7.14	-138.7	320.5	-25.7
757378378	-2.45	-9.82	261.4	7.14	-155.9	304.3	-30.8
759379379	-2.45	-11.90	232.4	7.15	-167.8	286.6	-35.8
761380380	-2.45	-13.93	205.7	7.13	-173.0	268.8	-40.1
763381381	-2.46	-15.86	183.0	7.10	-174.0	252.5	-43.6
765382382	-2.46	-17.89	161.7	7.12	-173.3	237.0	-47.0
767383383	-2.47	-19.88	143.6	7.09	-169.6	222.3	-49.7
769384384	-2.48	-22.06	126.7	7.05	-164.3	207.5	-52.4
771385385	-2.51	-24.01	114.0	6.96	-158.1	194.9	-54.2
773386386	-2.57	-25.98	103.3	6.82	-151.0	183.0	-55.6
775387387	-2.62	-27.92	94.4	6.68	-144.2	172.4	-56.8
777388388	-2.67	-29.79	86.8	6.57	-138.3	163.3	-57.9
779389389	-2.73	-31.73	80.2	6.41	-131.9	154.3	-58.7
781390390	-2.80	-33.67	74.5	6.26	-125.9	146.3	-59.4
783391391	-2.87	-35.65	69.4	6.10	-120.1	138.8	-60.0
785392392	-2.95	-37.40	65.6	5.94	-115.1	132.5	-60.3
787393393	-3.04	-39.12	62.4	5.78	-110.3	126.7	-60.5
789394394	-3.12	-40.88	59.3	5.63	-105.9	121.4	-60.7
791395395	-3.22	-42.55	57.0	5.46	-101.6	116.5	-60.7
793396396	-3.30	-44.10	54.9	5.32	-98.0	112.3	-60.8
795397397	-3.39	-45.59	53.1	5.18	-94.6	108.5	-60.7
797398398	-3.45	-46.91	51.4	5.10	-92.0	105.4	-60.8
799399399	-3.48	-48.29	49.5	5.05	-89.7	102.4	-61.1
801400400	-3.53	-49.39	48.2	4.99	-87.7	100.1	-61.2
803401401	-3.54	-50.69	46.5	4.98	-85.8	97.6	-61.6
805402402	-3.51	-51.91	44.6	5.02	-84.5	95.5	-62.2
807403403	-3.43	-53.33	42.1	5.13	-83.2	93.3	-63.2
809404404	-3.35	-54.89	39.5	5.25	-81.8	90.8	-64.2
811405405	-3.23	-56.51	36.7	5.44	-80.5	88.4	-65.5
813406406	-3.12	-58.76	33.5	5.63	-78.2	85.1	-66.8
815407407	-3.01	-61.15	30.6	5.83	-75.8	81.7	-68.0
817408408	-2.90	-63.66	27.7	6.06	-73.2	78.3	-69.2
819409409	-2.82	-66.31	25.4	6.21	-70.3	74.7	-70.2
821410410	-2.78	-69.00	23.5	6.31	-67.3	71.3	-70.8
823411411	-2.72	-72.03	21.5	6.43	-64.2	67.7	-71.5
825412412	-2.70	-74.85	20.1	6.49	-61.3	64.5	-71.9
827413413	-2.68	-77.59	18.8	6.53	-58.6	61.6	-72.2
829414414	-2.67	-80.45	17.7	6.56	-55.9	58.7	-72.4
831415415	-2.66	-83.12	16.8	6.57	-53.5	56.1	-72.6
833416416	-2.66	-85.83	15.9	6.59	-51.2	53.6	-72.7
835417417	-2.67	-88.47	15.3	6.56	-49.0	51.3	-72.7
837418418	-2.67	-91.12	14.6	6.55	-46.8	49.1	-72.6
839419419	-2.68	-93.55	14.1	6.54	-45.0	47.1	-72.6
841420420	-2.66	-96.10	13.5	6.57	-43.1	45.2	-72.6
843421421	-2.67	-98.47	13.1	6.55	-41.4	43.4	-72.5
845422422	-2.67	-100.80	12.6	6.56	-39.8	41.7	-72.4
847423423	-2.69	-102.97	12.4	6.50	-38.3	40.2	-72.1
849424424	-2.70	-105.18	12.1	6.48	-36.8	38.7	-71.9
851425425	-2.70	-107.43	11.7	6.48	-35.4	37.3	-71.7
853426426	-2.69	-109.51	11.4	6.50	-34.1	35.9	-71.5
855427427	-2.70	-111.65	11.2	6.48	-32.8	34.6	-71.2
857428428	-2.73	-113.65	11.0	6.42	-31.6	33.4	-70.8
859429429	-2.75	-115.62	10.8	6.38	-30.4	32.3	-70.4
861430430	-2.75	-117.63	10.6	6.37	-29.3	31.1	-70.0
863431431	-2.76	-119.57	10.5	6.35	-28.2	30.0	-69.6
865432432	-2.75	-121.51	10.2	6.37	-27.1	29.0	-69.3
867433433	-2.77	-123.45	10.1	6.33	-26.0	27.9	-68.8
869434434	-2.81	-125.34	10.1	6.23	-25.0	27.0	-68.0
871435435	-2.82	-127.30	10.0	6.21	-24.0	26.0	-67.4
873436436	-2.84	-129.11	9.9	6.16	-23.0	25.1	-66.7
875437437	-2.88	-131.07	9.9	6.08	-22.0	24.1	-65.8
877438438	-2.90	-132.91	9.8	6.05	-21.1	23.2	-65.1
879439439	-2.93	-134.73	9.8	5.98	-20.2	22.4	-64.2
881440440	-2.96	-136.55	9.7	5.92	-19.3	21.6	-63.2
883441441	-2.97	-138.33	9.7	5.90	-18.4	20.8	-62.3
885442442	-3.00	-140.08	9.6	5.85	-17.6	20.0	-61.3
887443443	-3.01	-141.91	9.6	5.84	-16.7	19.2	-60.2
889444444	-3.02	-143.74	9.5	5.80	-15.8	18.5	-59.0
891445445	-3.05	-145.62	9.5	5.76	-15.0	17.7	-57.6
893446446	-3.06	-147.38	9.4	5.74	-14.2	17.0	-56.3
895447447	-3.07	-149.16	9.4	5.72	-13.3	16.3	-54.9
897448448	-3.08	-150.97	9.3	5.70	-12.5	15.6	-53.3
899449449	-3.08	-152.67	9.3	5.69	-11.8	15.0	-51.7
901450450	-3.08	-154.42	9.2	5.70	-11.0	14.3	-50.0
903451451	-3.08	-156.13	9.1	5.71	-10.2	13.7	-48.2
905452452	-3.06	-157.93	9.0	5.73	-9.4	13.1	-46.2
907453453	-3.04	-159.52	8.9	5.77	-8.8	12.5	-44.4
909454454	-3.03	-161.20	8.9	5.80	-8.0	11.9	-42.2
911455455	-3.00	-162.82	8.7	5.84	-7.3	11.4	-39.9
913456456	-2.96	-164.50	8.6	5.93	-6.6	10.8	-37.6
915457457	-2.93	-166.06	8.5	5.98	-5.9	10.4	-35.0
917458458	-2.90	-167.57	8.4	6.04	-5.3	9.9	-32.3
919459459	-2.87	-169.04	8.3	6.10	-4.7	9.5	-29.5
921460460	-2.83	-170.44	8.1	6.20	-4.1	9.1	-26.6
923461461	-2.78	-171.97	8.0	6.30	-3.4	8.7	-23.2
925462462	-2.73	-173.38	7.8	6.42	-2.8	8.3	-19.8
927463463	-2.68	-174.71	7.7	6.54	-2.3	8.0	-16.4
929464464	-2.63	-176.06	7.5	6.66	-1.7	7.7	-12.6
931465465	-2.57	-177.36	7.4	6.80	-1.1	7.4	-8.7
933466466	-2.52	-178.72	7.2	6.94	-0.5	7.2	-4.3
935467467	-2.47	-179.90	7.1	7.08	-0.0	7.1	-0.4
937468468	-2.40	178.88	6.9	7.27	0.5	6.9	4.0
939469469	-2.34	177.59	6.7	7.46	1.0	6.8	8.7
941470470	-2.29	176.39	6.5	7.65	1.5	6.7	13.3
943471471	-2.22	175.23	6.4	7.85	2.0	6.7	17.8
945472472	-2.16	174.17	6.2	8.08	2.5	6.7	22.0
947473473	-2.10	172.93	6.0	8.30	3.0	6.8	26.7
949474474	-2.04	171.84	5.9	8.54	3.5	6.9	30.9
951475475	-1.97	170.70	5.7	8.84	4.0	7.0	35.2
953476476	-1.92	169.54	5.5	9.10	4.5	7.2	39.2
955477477	-1.86	168.46	5.4	9.39	5.0	7.3	42.9
957478478	-1.80	167.33	5.2	9.68	5.5	7.6	46.4
959479479	-1.74	166.22	5.1	10.03	6.0	7.8	49.8
961480480	-1.68	165.14	4.9	10.36	6.5	8.1	52.8
963481481	-1.63	163.98	4.8	10.70	7.0	8.4	55.7
965482482	-1.58	162.97	4.6	11.02	7.4	8.8	58.0
967483483	-1.52	161.82	4.5	11.42	7.9	9.1	60.5
969484484	-1.47	160.59	4.3	11.87	8.5	9.5	62.9
971485485	-1.40	159.57	4.2	12.40	9.0	9.9	65.1
973486486	-1.35	158.48	4.0	12.91	9.4	10.3	67.0
975487487	-1.30	157.33	3.9	13.35	10.0	10.7	68.6
977488488	-1.25	156.14	3.7	13.97	10.5	11.2	70.4
979489489	-1.20	154.94	3.6	14.52	11.1	11.6	71.9
981490490	-1.15	153.80	3.5	15.09	11.6	12.1	73.2
983491491	-1.11	152.64	3.4	15.72	12.1	12.6	74.5
985492492	-1.05	151.49	3.2	16.53	12.7	13.1	75.7
987493493	-1.00	150.26	3.1	17.43	13.2	13.6	76.9
989494494	-0.94	148.97	2.9	18.50	13.8	14.1	78.1
991495495	-0.88	147.78	2.7	19.82	14.4	14.7	79.3
993496496	-0.83	146.37	2.6	21.06	15.1	15.3	80.2
995497497	-0.78	145.06	2.5	22.33	15.7	15.9	81.1
997498498	-0.72	143.75	2.3	24.21	16.3	16.5	82.0
999499499	-0.67	142.47	2.1	26.02	17.0	17.1	82.8
1001500500	-0.61	141.19	2.0	28.65	17.6	17.7	83.6
1003501501	-0.57	139.82	1.8	30.69	18.3	18.4	84.2
1005502502	-0.52	138.42	1.7	33.34	19.0	19.0	84.8
1007503503	-0.45	136.95	1.5	38.72	19.7	19.8	85.7
1009504504	-0.38	135.66	1.3	46.24	20.4	20.4	86.5
1011505505	-0.31	134.10	1.1	55.29	21.2	21.2	87.1
1013506506	-0.25	132.72	0.9	68.50	21.9	21.9	87.7
1015507507	-0.19	131.39	0.7	92.15	22.6	22.6	88.3
1017508508	-0.13	129.70	0.5	133.61	23.5	23.5	88.9
1019509509	-0.06	128.34	0.2	275.69	24.2	24.2	89.5
1021510510	-0.01	127.06	0.0	008.17	24.9	24.9	89.9
1023511511	0.00	125.51	0.0	?	25.7	25.7	90.0
1025512512	0.00	124.02	0.0	?	26.6	26.6	90.0
1027513513	0.00	122.41	0.0	?	27.5	27.5	90.0
1029514514	0.00	120.87	0.0	?	28.4	28.4	90.0
1031515515	0.00	119.37	0.0	?	29.2	29.2	90.0
1033516516	0.00	117.92	0.0	?	30.1	30.1	90.0
1035517517	0.00	116.45	0.0	?	31.0	31.0	90.0
1037518518	0.00	115.03	0.0	?	31.8	31.8	90.0
1039519519	0.00	113.29	0.0	?	32.9	32.9	90.0
1041520520	0.00	111.78	0.0	?	33.9	33.9	90.0
1043521521	0.00	110.28	0.0	?	34.8	34.8	90.0
1045522522	-1.19	167.93	3.5	14.63	5.3	6.3	56.7
1047523523	0.00	154.04	0.0	?	11.5	11.5	90.0
1049524524	0.00	104.91	0.0	?	38.4	38.4	90.0
1051525525	-0.27	98.03	1.3	65.38	43.4	43.4	88.2
1053526526	-0.27	95.87	1.4	64.24	45.1	45.1	88.2
1055527527	-0.25	93.95	1.3	69.33	46.6	46.7	88.3
1057528528	-0.23	91.61	1.3	76.91	48.6	48.6	88.5
1059529529	-0.22	89.39	1.3	79.60	50.5	50.5	88.6
1061530530	-0.21	87.30	1.3	81.40	52.4	52.4	88.6
1063531531	-0.19	84.80	1.2	89.90	54.7	54.8	88.7
1065532532	-0.21	82.20	1.4	84.32	57.3	57.3	88.6
1067533533	-0.20	79.87	1.4	86.78	59.7	59.7	88.7
1069534534	-0.22	77.35	1.6	80.20	62.4	62.5	88.5
1071535535	-0.24	74.87	1.9	71.14	65.3	65.3	88.3
1073536536	-0.29	72.24	2.4	59.76	68.5	68.5	88.0
1075537537	-0.33	69.62	2.9	52.47	71.8	71.9	87.7
1077538538	-0.40	66.89	3.8	43.21	75.6	75.7	87.1
1079539539	-0.48	64.13	4.9	36.38	79.6	79.8	86.5
1081540540	-0.59	61.50	6.5	29.52	83.7	83.9	85.6
1083541541	-0.66	58.62	7.9	26.17	88.5	88.9	84.9
1085542542	-0.80	55.96	10.4	21.67	93.2	93.8	83.6
1087543543	-0.97	53.06	13.8	17.96	98.6	99.6	82.0
1089544544	-1.13	50.25	17.6	15.43	104.2	105.7	80.4
1091545545	-1.31	47.31	22.7	13.28	110.2	112.6	78.4
1093546546	-1.52	44.31	29.2	11.49	116.5	120.2	75.9
1095547547	-1.76	41.13	38.1	9.91	123.0	128.8	72.8
1097548548	-2.05	38.07	49.4	8.52	128.1	137.3	68.9
1099549549	-2.35	34.89	63.2	7.45	132.1	146.5	64.5
1101550550	-2.69	31.53	80.4	6.50	133.3	155.6	58.9
1103551551	-3.12	28.05	100.4	5.63	128.8	163.3	52.1
1105552552	-3.53	24.60	119.7	4.99	119.3	169.0	44.9
1107553553	-4.00	21.17	136.0	4.42	103.0	170.6	37.1
1109554554	-4.53	17.42	147.5	3.92	81.0	168.3	28.8
1111555555	-5.04	13.64	152.3	3.54	58.6	163.2	21.0
1113556556	-5.68	9.56	149.1	3.17	35.3	153.2	13.3
1115557557	-6.27	5.43	142.2	2.89	17.1	143.2	6.9
1117558558	-6.91	0.62	132.2	2.65	1.6	132.2	0.7
1119559559	-7.59	-4.37	120.8	2.43	-9.3	121.2	-4.4
1121560560	-8.29	-9.85	109.4	2.25	-16.9	110.7	-8.8
1123561561	-9.00	-16.03	98.5	2.10	-22.1	100.9	-12.6
1125562562	-9.82	-22.38	88.3	1.95	-24.3	91.6	-15.4
1127563563	-10.61	-30.04	79.2	1.84	-25.6	83.2	-17.9
1129564564	-11.32	-38.12	71.7	1.75	-26.0	76.2	-19.9
1131565565	-12.10	-47.10	64.8	1.66	-25.1	69.5	-21.2
1133566566	-12.62	-56.97	59.1	1.61	-24.5	64.0	-22.5
1135567567	-13.02	-67.63	54.0	1.58	-23.5	58.9	-23.5
1137568568	-13.37	-78.60	49.6	1.55	-21.9	54.2	-23.8
1139569569	-13.38	-89.61	45.7	1.55	-20.5	50.1	-24.2
1141570570	-13.33	-100.06	42.5	1.55	-18.9	46.5	-24.0
1143571571	-13.13	-110.41	39.6	1.57	-17.2	43.1	-23.5
1145572572	-12.82	-120.30	36.9	1.59	-15.4	40.0	-22.6
1147573573	-12.34	-129.12	34.5	1.64	-13.7	37.2	-21.7
1149574574	-11.78	-137.23	32.3	1.69	-12.1	34.5	-20.5
1151575575	-11.29	-144.61	30.5	1.75	-10.4	32.2	-18.8
1153576576	-10.72	-151.29	28.7	1.82	-8.8	30.0	-17.0
1155577577	-10.20	-157.61	27.1	1.89	-7.1	28.0	-14.6
1157578578	-9.60	-163.62	25.5	1.99	-5.4	26.1	-11.8
1159579579	-9.06	-168.98	24.1	2.09	-3.7	24.4	-8.7
1161580580	-8.57	-173.97	22.9	2.19	-2.1	23.0	-5.2
1163581581	-8.09	-178.76	21.7	2.30	-0.4	21.7	-1.2
1165582582	-7.59	176.69	20.6	2.43	1.2	20.6	3.3
1167583583	-7.18	172.33	19.6	2.56	2.8	19.8	8.2
1169584584	-6.77	168.29	18.7	2.69	4.4	19.2	13.3
1171585585	-6.42	164.16	18.0	2.83	6.1	19.0	18.7
1173586586	-6.10	160.34	17.3	2.96	7.7	18.9	23.8
1175587587	-5.79	156.52	16.7	3.11	9.3	19.1	29.1
1177588588	-5.48	152.94	16.1	3.28	10.9	19.4	34.1
1179589589	-5.23	149.40	15.6	3.42	12.4	20.0	38.5
1181590590	-5.02	145.87	15.3	3.56	14.0	20.7	42.6
1183591591	-4.81	142.24	14.9	3.70	15.7	21.7	46.4
1185592592	-4.70	138.94	14.9	3.78	17.2	22.8	49.1
1187593593	-4.57	135.52	14.8	3.89	18.9	24.0	51.9
1189594594	-4.50	132.17	15.0	3.94	20.5	25.4	53.8
1191595595	-4.44	128.92	15.2	4.00	22.1	26.8	55.5
1193596596	-4.43	125.64	15.5	4.01	23.7	28.3	56.8
1195597597	-4.44	122.36	16.0	3.99	25.3	29.9	57.7
1197598598	-4.50	119.13	16.7	3.95	26.9	31.6	58.2
1199599599	-4.61	115.42	17.7	3.85	28.7	33.7	58.4
1201600600	-4.77	112.77	18.7	3.73	29.9	35.3	58.0
1203601601	-4.95	109.64	20.0	3.60	31.3	37.2	57.4
1205602602	-5.11	106.90	21.2	3.49	32.6	38.9	56.9
1207603603	-5.37	104.00	22.9	3.34	33.7	40.7	55.8
1209604604	-5.65	101.59	24.5	3.18	34.5	42.3	54.6
1211605605	-5.96	99.29	26.3	3.03	35.1	43.9	53.1
1213606606	-6.28	97.07	28.2	2.89	35.5	45.4	51.6
1215607607	-6.72	95.48	30.2	2.71	35.3	46.5	49.4
1217608608	-7.11	95.17	31.6	2.58	34.5	46.8	47.5
1219609609	-7.43	94.87	32.7	2.48	33.8	47.0	46.0
1221610610	-7.73	95.35	33.4	2.39	32.8	46.8	44.5
1223611611	-7.99	97.26	33.4	2.33	31.4	45.8	43.2
1225612612	-7.98	98.82	32.8	2.33	30.8	45.0	43.1
1227613613	-7.92	100.91	31.9	2.34	30.0	43.8	43.2
1229614614	-7.74	103.06	30.7	2.39	29.5	42.6	43.8
1231615615	-7.33	104.64	29.1	2.51	29.7	41.5	45.6
1233616616	-6.81	105.37	27.3	2.68	30.4	40.8	48.1
1235617617	-6.32	105.27	25.8	2.87	31.3	40.6	50.6
1237618618	-5.73	104.01	24.1	3.14	33.1	40.9	53.9
1239619619	-5.16	102.71	22.5	3.46	34.8	41.4	57.1
1241620620	-4.60	100.44	20.9	3.87	37.1	42.6	60.6
1243621621	-4.09	97.31	19.7	4.33	40.0	44.6	63.8
1245622622	-3.57	93.89	18.3	4.94	43.2	47.0	67.0
1247623623	-3.10	89.94	17.1	5.66	47.0	50.1	70.0
1249624624	-2.64	85.61	15.9	6.63	51.4	53.8	72.8
1251625625	-2.23	80.87	14.8	7.83	56.5	58.4	75.3
1253626626	-1.87	75.79	14.0	9.31	62.3	63.9	77.4
1255627627	-1.60	70.83	13.4	10.92	68.6	69.9	78.9
1257628628	-1.37	65.58	13.2	12.69	76.0	77.1	80.1
1259629629	-1.10	60.16	12.5	15.78	85.0	85.9	81.7
1261630630	-0.93	54.70	12.5	18.68	95.4	96.2	82.5
1263631631	-0.81	49.14	13.3	21.57	108.0	108.8	83.0
1265632632	-0.72	43.87	14.6	24.25	122.7	123.5	83.2
1267633633	-0.67	38.56	17.4	26.05	141.0	142.1	83.0
1269634634	-0.65	33.26	22.5	26.67	164.6	166.1	82.2
1271635635	-0.70	28.07	33.5	24.75	194.6	197.4	80.2
1273636636	-0.78	23.32	52.3	22.34	231.0	236.8	77.2
1275637637	-0.86	18.63	86.6	20.20	278.7	291.8	72.7
1277638638	-0.98	14.08	154.7	17.83	334.5	368.6	65.2
1279639639	-1.09	9.75	281.6	16.00	380.0	473.0	53.5
1281640640	-1.24	5.40	489.0	14.01	320.4	584.6	33.2
1283641641	-1.40	1.17	612.5	12.45	77.4	617.4	7.2
1285642642	-1.60	-2.65	513.3	10.91	-128.4	529.1	-14.0
1287643643	-1.79	-6.60	371.4	9.74	-205.8	424.7	-29.0
1289644644	-1.97	-10.67	265.3	8.87	-215.2	341.6	-39.0
1291645645	-2.15	-14.39	201.1	8.13	-200.0	283.7	-44.8
1293646646	-2.38	-18.28	157.2	7.36	-178.0	237.5	-48.6
1295647647	-2.57	-21.46	132.3	6.82	-161.5	208.8	-50.7
1297648648	-2.78	-25.04	111.7	6.31	-145.5	183.4	-52.5
1299649649	-2.99	-28.59	96.5	5.88	-131.8	163.3	-53.8
1301650650	-3.19	-32.30	84.3	5.50	-119.8	146.4	-54.9
1303651651	-3.39	-35.76	75.4	5.19	-110.0	133.3	-55.6
1305652652	-3.53	-39.23	67.5	4.99	-102.4	122.6	-56.6
1307653653	-3.70	-42.63	61.6	4.77	-95.1	113.3	-57.1
1309654654	-3.83	-46.10	56.1	4.61	-88.9	105.1	-57.7
1311655655	-3.97	-49.30	52.1	4.45	-83.4	98.4	-58.0
1313656656	-4.13	-52.86	48.3	4.29	-77.9	91.7	-58.2
1315657657	-4.24	-55.88	45.3	4.18	-73.8	86.6	-58.5
1317658658	-4.30	-59.09	42.1	4.13	-70.2	81.9	-59.0
1319659659	-4.39	-62.24	39.7	4.04	-66.6	77.5	-59.2
1321660660	-4.44	-65.25	37.4	3.99	-63.5	73.7	-59.5
1323661661	-4.47	-67.93	35.4	3.97	-61.0	70.5	-59.9
1325662662	-4.49	-71.01	33.3	3.96	-58.3	67.1	-60.3
1327663663	-4.52	-73.65	31.7	3.93	-56.0	64.4	-60.5
1329664664	-4.54	-76.39	30.2	3.91	-53.7	61.7	-60.6
1331665665	-4.51	-79.13	28.6	3.93	-51.7	59.1	-61.0
1333666666	-4.51	-81.51	27.4	3.94	-49.9	57.0	-61.2
1335667667	-4.49	-83.71	26.3	3.96	-48.4	55.1	-61.5
1337668668	-4.48	-86.02	25.3	3.97	-46.8	53.2	-61.6
1339669669	-4.44	-88.23	24.2	4.00	-45.3	51.4	-61.9
1341670670	-4.43	-90.40	23.3	4.01	-43.9	49.7	-62.0
1343671671	-4.38	-92.65	22.4	4.05	-42.5	48.0	-62.2
1345672672	-4.33	-94.65	21.5	4.09	-41.2	46.5	-62.4
1347673673	-4.29	-96.52	20.7	4.14	-40.1	45.2	-62.7
1349674674	-4.22	-98.23	20.0	4.19	-39.2	44.0	-62.9
1351675675	-4.18	-99.93	19.4	4.24	-38.2	42.8	-63.1
1353676676	-4.17	-101.60	18.9	4.24	-37.1	41.7	-63.0
1355677677	-4.10	-103.22	18.2	4.32	-36.3	40.6	-63.3
1357678678	-4.05	-104.86	17.7	4.36	-35.3	39.5	-63.4
1359679679	-4.00	-106.68	17.1	4.41	-34.3	38.4	-63.5
1361680680	-3.98	-108.09	16.8	4.44	-33.5	37.5	-63.4
1363681681	-3.91	-109.39	16.2	4.52	-32.9	36.7	-63.7
1365682682	-3.85	-110.81	15.7	4.58	-32.1	35.8	-63.9
1367683683	-3.80	-112.28	15.3	4.64	-31.3	34.9	-64.0
1369684684	-3.74	-113.68	14.9	4.71	-30.6	34.0	-64.1
1371685685	-3.70	-114.89	14.5	4.77	-30.0	33.3	-64.2
1373686686	-3.63	-116.06	14.1	4.86	-29.4	32.6	-64.4
1375687687	-3.61	-117.45	13.8	4.89	-28.7	31.8	-64.3
1377688688	-3.56	-118.69	13.5	4.94	-28.0	31.1	-64.3
1379689689	-3.46	-120.01	13.0	5.08	-27.4	30.3	-64.7
1381690690	-3.41	-121.08	12.6	5.16	-26.9	29.7	-64.8
1383691691	-3.37	-122.13	12.4	5.21	-26.3	29.1	-64.8
1385692692	-3.32	-123.43	12.1	5.29	-25.7	28.4	-64.8
1387693693	-3.28	-124.55	11.8	5.36	-25.1	27.8	-64.9
1389694694	-3.23	-125.54	11.5	5.45	-24.6	27.2	-65.0
1391695695	-3.17	-126.52	11.2	5.55	-24.2	26.6	-65.1
1393696696	-3.08	-127.60	10.8	5.69	-23.7	26.0	-65.4
1395697697	-3.02	-128.53	10.5	5.80	-23.2	25.5	-65.6
1397698698	-2.96	-129.62	10.2	5.92	-22.7	24.9	-65.7
1399699699	-2.89	-130.54	9.9	6.06	-22.3	24.4	-66.0
1401700700	-2.82	-131.31	9.6	6.21	-21.9	23.9	-66.2
1403701701	-2.75	-132.39	9.3	6.36	-21.4	23.4	-66.4
1405702702	-2.69	-133.13	9.1	6.50	-21.1	22.9	-66.6
1407703703	-2.62	-134.04	8.8	6.69	-20.6	22.4	-67.0
1409704704	-2.55	-134.75	8.5	6.86	-20.3	22.0	-67.2
1411705705	-2.50	-135.54	8.3	7.01	-20.0	21.6	-67.4
1413706706	-2.42	-136.38	8.0	7.22	-19.6	21.1	-67.7
1415707707	-2.36	-136.96	7.8	7.42	-19.3	20.8	-68.1
1417708708	-2.27	-137.67	7.4	7.71	-19.0	20.4	-68.6
1419709709	-2.20	-138.24	7.2	7.96	-18.7	20.1	-69.0
1421710710	-2.12	-139.10	6.9	8.22	-18.3	19.6	-69.3
1423711711	-2.04	-139.72	6.6	8.54	-18.1	19.2	-69.8
1425712712	-1.99	-140.25	6.4	8.77	-17.8	18.9	-70.1
1427713713	-1.92	-140.83	6.2	9.09	-17.5	18.6	-70.6
1429714714	-1.84	-141.38	5.9	9.47	-17.3	18.3	-71.1
1431715715	-1.76	-141.93	5.6	9.90	-17.1	18.0	-71.7
1433716716	-1.71	-142.26	5.5	10.21	-16.9	17.8	-72.1
1435717717	-1.64	-142.71	5.2	10.60	-16.7	17.5	-72.6
1437718718	-1.60	-143.26	5.1	10.92	-16.4	17.2	-72.8
1439719719	-1.52	-143.75	4.8	11.44	-16.2	16.9	-73.4
1441720720	-1.44	-144.08	4.6	12.07	-16.1	16.7	-74.1
1443721721	-1.37	-144.31	4.3	12.74	-16.0	16.6	-74.8
1445722722	-1.30	-144.58	4.1	13.38	-15.9	16.4	-75.5
1447723723	-1.25	-145.11	3.9	13.91	-15.6	16.1	-75.8
1449724724	-1.21	-145.36	3.8	14.43	-15.5	16.0	-76.2
1451725725	-1.14	-145.71	3.6	15.28	-15.4	15.8	-76.9
1453726726	-1.08	-145.98	3.4	16.06	-15.2	15.6	-77.4
1455727727	-1.04	-146.22	3.3	16.74	-15.1	15.5	-77.8
1457728728	-0.99	-146.50	3.1	17.51	-15.0	15.3	-78.3
1459729729	-0.96	-146.61	3.0	18.07	-14.9	15.2	-78.6
1461730730	-0.92	-146.97	2.9	18.83	-14.8	15.1	-78.9
1463731731	-0.88	-147.17	2.8	19.74	-14.7	14.9	-79.4
1465732732	-0.83	-147.37	2.6	21.06	-14.6	14.8	-80.0
1467733733	-0.78	-147.63	2.4	22.35	-14.5	14.7	-80.5
1469734734	-0.75	-147.73	2.3	23.16	-14.4	14.6	-80.8
1471735735	-0.75	-147.91	2.3	23.29	-14.4	14.5	-80.8
1473736736	-0.73	-148.05	2.3	23.88	-14.3	14.5	-81.0
1475737737	-0.71	-148.10	2.2	24.57	-14.3	14.4	-81.2
1477738738	-0.67	-148.30	2.1	26.10	-14.2	14.3	-81.7
1479739739	-0.63	-148.54	1.9	27.79	-14.1	14.2	-82.1
1481740740	-0.61	-148.60	1.9	28.64	-14.0	14.2	-82.4
1483741741	-0.60	-148.80	1.9	28.90	-13.9	14.1	-82.4
1485742742	-0.61	-149.03	1.9	28.29	-13.8	14.0	-82.2
1487743743	-0.58	-149.15	1.8	29.99	-13.8	13.9	-82.6
1489744744	-0.57	-149.33	1.8	30.49	-13.7	13.8	-82.7
1491745745	-0.59	-149.55	1.8	29.32	-13.6	13.7	-82.3
1493746746	-0.57	-149.81	1.8	30.54	-13.5	13.6	-82.6
1495747747	-0.55	-149.85	1.7	31.45	-13.5	13.6	-82.8
1497748748	-0.59	-150.03	1.8	29.56	-13.4	13.5	-82.3
1499749749	-0.57	-150.25	1.7	30.61	-13.3	13.4	-82.5
1501750750	-0.56	-150.55	1.7	31.23	-13.1	13.2	-82.6
1503751751	-0.55	-150.74	1.7	31.86	-13.0	13.1	-82.7
1505752752	-0.55	-151.17	1.7	31.43	-12.8	13.0	-82.5
1507753753	-0.57	-151.39	1.7	30.72	-12.7	12.9	-82.3
1509754754	-0.58	-151.71	1.8	30.15	-12.6	12.7	-82.0
1511755755	-0.58	-151.92	1.8	30.05	-12.5	12.6	-81.9
1513756756	-0.58	-152.16	1.8	29.87	-12.4	12.5	-81.8
1515757757	-0.60	-152.54	1.8	28.81	-12.2	12.3	-81.4
1517758758	-0.57	-152.76	1.7	30.42	-12.1	12.2	-81.8
1519759759	-0.58	-152.96	1.8	29.96	-12.0	12.1	-81.6
1521760760	-0.57	-153.39	1.7	30.67	-11.8	11.9	-81.7
1523761761	-0.59	-153.64	1.8	29.43	-11.7	11.8	-81.3
1525762762	-0.52	-154.68	1.6	33.13	-11.2	11.3	-82.0
1527763763	-0.49	-156.13	1.5	35.69	-10.6	10.7	-82.1
1529764764	-0.53	-154.99	1.6	32.59	-11.1	11.2	-81.7
1531765765	-0.55	-154.84	1.7	31.51	-11.1	11.3	-81.5
1533766766	-0.58	-155.14	1.7	30.16	-11.0	11.1	-81.0
1535767767	-0.56	-155.48	1.7	30.79	-10.9	11.0	-81.1
1537768768	-0.54	-155.84	1.6	32.05	-10.7	10.8	-81.3
1539769769	-0.54	-156.38	1.6	32.19	-10.4	10.6	-81.2
1541770770	-0.56	-156.85	1.7	31.30	-10.2	10.4	-80.8
1543771771	-0.54	-157.21	1.6	32.22	-10.1	10.2	-80.9
1545772772	-0.51	-157.50	1.5	34.09	-9.9	10.1	-81.3
1547773773	-0.52	-158.01	1.5	33.59	-9.7	9.8	-81.0
1549774774	-0.48	-158.49	1.4	36.54	-9.5	9.6	-81.5
1551775775	-0.52	-158.95	1.5	33.55	-9.3	9.4	-80.6
1553776776	-0.48	-159.27	1.4	36.23	-9.1	9.3	-81.1
1555777777	-0.46	-159.69	1.4	37.41	-8.9	9.1	-81.2
1557778778	-0.46	-160.28	1.4	38.13	-8.7	8.8	-81.2
1559779779	-0.43	-160.54	1.3	39.98	-8.6	8.7	-81.5
1561780780	-0.41	-160.97	1.2	42.12	-8.4	8.5	-81.7
1563781781	-0.39	-161.39	1.2	44.09	-8.2	8.3	-81.9
1565782782	-0.35	-161.90	1.0	49.13	-8.0	8.0	-82.5
1567783783	-0.32	-162.16	1.0	53.73	-7.8	7.9	-83.1
1569784784	-0.28	-162.46	0.8	62.05	-7.7	7.8	-83.9
1571785785	-0.26	-163.02	0.8	67.00	-7.5	7.5	-84.2
1573786786	-0.20	-163.18	0.6	86.28	-7.4	7.4	-85.4
1575787787	-0.18	-163.45	0.5	98.75	-7.3	7.3	-85.9
1577788788	-0.11	-163.87	0.3	157.47	-7.1	7.1	-87.4
1579789789	-0.04	-164.30	0.1	400.02	-6.9	6.9	-88.9
1581790790	-0.02	-164.67	0.1	968.37	-6.7	6.7	-89.6
1583791791	0.00	-165.05	0.0	?	-6.6	6.6	-90.0
1585792792	0.00	-165.33	0.0	?	-6.4	6.4	-90.0
1587793793	0.00	-165.89	0.0	?	-6.2	6.2	-90.0
1589794794	0.00	-166.30	0.0	?	-6.0	6.0	-90.0
1591795795	0.00	-166.60	0.0	?	-5.9	5.9	-90.0
1593796796	0.00	-167.00	0.0	?	-5.7	5.7	-90.0
1595797797	0.00	-167.48	0.0	?	-5.5	5.5	-90.0
1597798798	0.00	-167.86	0.0	?	-5.3	5.3	-90.0
1599799799	0.00	-168.35	0.0	?	-5.1	5.1	-90.0
1601800800	0.00	-168.85	0.0	?	-4.9	4.9	-90.0
1603801801	0.00	-169.14	0.0	?	-4.8	4.8	-90.0
1605802802	0.00	-169.51	0.0	?	-4.6	4.6	-90.0
1607803803	0.00	-169.97	0.0	?	-4.4	4.4	-90.0
1609804804	0.00	-170.17	0.0	?	-4.3	4.3	-90.0
1611805805	0.00	-170.65	0.0	?	-4.1	4.1	-90.0
1613806806	0.00	-171.12	0.0	?	-3.9	3.9	-90.0
1615807807	0.00	-171.51	0.0	?	-3.7	3.7	-90.0
1617808808	0.00	-171.99	0.0	?	-3.5	3.5	-90.0
1619809809	0.00	-172.70	0.0	?	-3.2	3.2	-90.0
1621810810	0.00	-172.87	0.0	?	-3.1	3.1	-90.0
1623811811	0.00	-173.23	0.0	?	-3.0	3.0	-90.0
1625812812	0.00	-173.58	0.0	?	-2.8	2.8	-90.0
1627813813	0.00	-173.94	0.0	?	-2.6	2.6	-90.0
1629814814	0.00	-174.42	0.0	?	-2.4	2.4	-90.0
1631815815	0.00	-174.91	0.0	?	-2.2	2.2	-90.0
1633816816	0.00	-175.21	0.0	?	-2.1	2.1	-90.0
1635817817	0.00	-175.66	0.0	?	-1.9	1.9	-90.0
1637818818	0.00	-176.01	0.0	?	-1.7	1.7	-90.0
1639819819	0.00	-176.57	0.0	?	-1.5	1.5	-90.0
1641820820	0.00	-177.00	0.0	?	-1.3	1.3	-90.0
1643821821	0.00	-177.65	0.0	?	-1.0	1.0	-90.0
1645822822	0.00	-178.09	0.0	?	-0.8	0.8	-90.0
1647823823	0.00	-178.24	0.0	?	-0.8	0.8	-90.0
1649824824	0.00	-178.71	0.0	?	-0.6	0.6	-90.0
1651825825	0.00	-179.12	0.0	?	-0.4	0.4	-90.0
1653826826	0.00	-179.53	0.0	?	-0.2	0.2	-90.0
1655827827	0.00	179.99	0.0	?	0.0	0.0	90.0
1657828828	0.00	179.30	0.0	?	0.3	0.3	90.0
1659829829	0.00	178.97	0.0	?	0.4	0.4	90.0
1661830830	0.00	178.46	0.0	?	0.7	0.7	90.0
1663831831	0.00	178.13	0.0	?	0.8	0.8	90.0
1665832832	0.00	177.57	0.0	?	1.1	1.1	90.0
1667833833	0.00	176.95	0.0	?	1.3	1.3	90.0
1669834834	0.00	176.29	0.0	?	1.6	1.6	90.0
1671835835	0.00	175.54	0.0	?	1.9	1.9	90.0
1673836836	0.00	175.08	0.0	?	2.1	2.1	90.0
1675837837	0.00	174.36	0.0	?	2.5	2.5	90.0
1677838838	0.00	173.63	0.0	?	2.8	2.8	90.0
1679839839	0.00	173.26	0.0	?	2.9	2.9	90.0
1681840840	0.00	172.56	0.0	?	3.3	3.3	90.0
1683841841	0.00	171.82	0.0	?	3.6	3.6	90.0
1685842842	0.00	170.87	0.0	?	4.0	4.0	90.0
1687843843	0.00	170.12	0.0	?	4.3	4.3	90.0
1689844844	0.00	169.44	0.0	?	4.6	4.6	90.0
1691845845	0.00	168.84	0.0	?	4.9	4.9	90.0
1693846846	0.00	167.96	0.0	?	5.3	5.3	90.0
1695847847	0.00	167.20	0.0	?	5.6	5.6	90.0
1697848848	0.00	166.58	0.0	?	5.9	5.9	90.0
1699849849	0.00	165.73	0.0	?	6.3	6.3	90.0
1701850850	0.00	164.98	0.0	?	6.6	6.6	90.0
1703851851	0.00	163.93	0.0	?	7.1	7.1	90.0
1705852852	0.00	163.06	0.0	?	7.4	7.4	90.0
1707853853	0.00	162.42	0.0	?	7.7	7.7	90.0
1709854854	0.00	161.59	0.0	?	8.1	8.1	90.0
1711855855	0.00	160.82	0.0	?	8.4	8.4	90.0
1713856856	0.00	159.56	0.0	?	9.0	9.0	90.0
1715857857	0.00	158.91	0.0	?	9.3	9.3	90.0
1717858858	0.00	157.57	0.0	?	9.9	9.9	90.0
1719859859	0.00	157.48	0.0	?	10.0	10.0	90.0
1721860860	0.00	156.64	0.0	?	10.3	10.3	90.0
1723861861	0.00	155.50	0.0	?	10.9	10.9	90.0
1725862862	0.00	154.79	0.0	?	11.2	11.2	90.0
1727863863	0.00	154.20	0.0	?	11.5	11.5	90.0
1729864864	0.00	153.42	0.0	?	11.8	11.8	90.0
1731865865	0.00	152.79	0.0	?	12.1	12.1	90.0
1733866866	0.00	151.86	0.0	?	12.5	12.5	90.0
1735867867	0.00	150.95	0.0	?	13.0	13.0	90.0
1737868868	0.00	150.27	0.0	?	13.3	13.3	90.0
1739869869	0.00	149.95	0.0	?	13.4	13.4	90.0
1741870870	0.00	149.30	0.0	?	13.7	13.7	90.0
1743871871	0.00	148.24	0.0	?	14.2	14.2	90.0
1745872872	0.00	147.11	0.0	?	14.8	14.8	90.0
1747873873	0.00	146.19	0.0	?	15.2	15.2	90.0
1749874874	0.00	145.71	0.0	?	15.4	15.4	90.0
1751875875	0.00	144.38	0.0	?	16.1	16.1	90.0
1753876876	0.00	142.99	0.0	?	16.7	16.7	90.0
1755877877	0.00	142.01	0.0	?	17.2	17.2	90.0
1757878878	0.00	140.46	0.0	?	18.0	18.0	90.0
1759879879	0.00	138.91	0.0	?	18.7	18.7	90.0
1761880880	0.00	137.56	0.0	?	19.4	19.4	90.0
1763881881	0.00	136.24	0.0	?	20.1	20.1	90.0
1765882882	0.00	134.66	0.0	?	20.9	20.9	90.0
1767883883	0.00	132.66	0.0	?	21.9	21.9	90.0
1769884884	0.00	131.27	0.0	?	22.6	22.6	90.0
1771885885	0.00	129.52	0.0	?	23.6	23.6	90.0
1773886886	0.00	127.43	0.0	?	24.7	24.7	90.0
1775887887	0.00	125.85	0.0	?	25.6	25.6	90.0
1777888888	0.00	124.05	0.0	?	26.6	26.6	90.0
1779889889	0.00	121.92	0.0	?	27.8	27.8	90.0
1781890890	0.00	120.50	0.0	?	28.6	28.6	90.0
1783891891	0.00	118.70	0.0	?	29.6	29.6	90.0
1785892892	0.00	116.90	0.0	?	30.7	30.7	90.0
1787893893	0.00	115.02	0.0	?	31.8	31.8	90.0
1789894894	0.00	113.20	0.0	?	33.0	33.0	90.0
1791895895	0.00	111.02	0.0	?	34.4	34.4	90.0
1793896896	0.00	109.05	0.0	?	35.6	35.6	90.0
1795897897	0.00	107.24	0.0	?	36.8	36.8	90.0
1797898898	0.00	105.44	0.0	?	38.1	38.1	90.0
1799899899	0.00	104.19	0.0	?	38.9	38.9	90.0
1801900900	0.00	102.20	0.0	?	40.3	40.3	90.0
1803901901	0.00	99.86	0.0	?	42.1	42.1	90.0
1805902902	0.00	98.48	0.0	?	43.1	43.1	90.0
1807903903	0.00	96.28	0.0	?	44.8	44.8	90.0
1809904904	0.00	93.93	0.0	?	46.7	46.7	90.0
1811905905	0.00	92.20	0.0	?	48.1	48.1	90.0
1813906906	0.00	90.35	0.0	?	49.7	49.7	90.0
1815907907	0.00	88.73	0.0	?	51.1	51.1	90.0
1817908908	0.00	86.80	0.0	?	52.9	52.9	90.0
1819909909	0.00	84.66	0.0	?	54.9	54.9	90.0
1821910910	0.00	82.26	0.0	?	57.3	57.3	90.0
1823911911	0.00	80.63	0.0	?	58.9	58.9	90.0
1825912912	-0.02	78.44	0.2	742.69	61.3	61.3	89.8
1827913913	-0.34	76.07	2.6	51.17	63.9	63.9	87.7
1829914914	-0.56	74.03	4.5	30.89	66.1	66.3	86.1
1831915915	-0.82	71.78	6.8	21.16	68.7	69.0	84.3
1833916916	-1.10	69.76	9.6	15.76	70.8	71.5	82.3
1835917917	-1.34	67.48	12.3	12.99	73.4	74.5	80.5
1837918918	-1.66	64.92	16.2	10.49	76.2	77.9	78.0
1839919919	-1.88	62.99	19.2	9.26	78.2	80.5	76.2
1841920920	-2.19	60.75	23.5	7.96	80.3	83.6	73.7
1843921921	-2.46	58.28	27.9	7.11	82.6	87.2	71.4
1845922922	-2.71	56.15	32.2	6.46	84.4	90.3	69.1
1847923923	-3.01	53.60	37.8	5.83	86.1	94.1	66.3
1849924924	-3.26	51.12	43.3	5.39	87.7	97.8	63.7
1851925925	-3.47	48.39	49.2	5.08	89.7	102.3	61.3
1853926926	-3.69	45.76	55.6	4.77	90.9	106.5	58.5
1855927927	-3.93	43.33	62.1	4.49	91.1	110.3	55.7
1857928928	-4.20	40.49	70.1	4.22	90.5	114.5	52.3
1859929929	-4.43	37.50	78.4	4.00	89.6	119.1	48.8
1861930930	-4.58	34.86	85.8	3.88	88.8	123.5	46.0
1863931931	-4.84	32.25	93.5	3.68	85.1	126.4	42.3
1865932932	-5.01	29.13	102.4	3.56	81.9	131.1	38.6
1867933933	-5.18	26.20	110.6	3.45	77.3	134.9	34.9
1869934934	-5.24	23.55	118.2	3.41	73.7	139.3	31.9
1871935935	-5.46	20.79	124.5	3.28	65.8	140.8	27.9
1873936936	-5.54	17.82	132.0	3.24	59.2	144.7	24.2
1875937937	-5.73	15.03	136.4	3.14	49.9	145.2	20.1
1877938938	-5.80	11.98	141.9	3.10	40.9	147.6	16.1
1879939939	-5.96	9.00	144.2	3.03	30.4	147.4	11.9
1881940940	-6.08	6.24	145.4	2.98	20.9	146.9	8.2
1883941941	-6.14	3.04	146.4	2.94	10.1	146.8	4.0
1885942942	-6.21	0.01	145.9	2.92	0.0	145.9	0.0
1887943943	-6.30	-3.45	142.9	2.88	-10.9	143.3	-4.4
1889944944	-6.29	-5.62	141.7	2.88	-17.6	142.8	-7.1
1891945945	-6.41	-8.40	136.4	2.83	-24.7	138.6	-10.3
1893946946	-6.52	-11.22	130.9	2.79	-30.9	134.5	-13.3
1895947947	-6.55	-13.85	126.5	2.78	-36.6	131.6	-16.1
1897948948	-6.64	-16.83	120.3	2.74	-41.4	127.2	-19.0
1899949949	-6.67	-19.26	115.6	2.73	-45.1	124.1	-21.3
1901950950	-6.70	-21.88	110.6	2.72	-48.5	120.7	-23.7
1903951951	-6.84	-24.56	104.5	2.67	-49.8	115.7	-25.5
1905952952	-7.00	-27.61	98.1	2.62	-50.8	110.5	-27.4
1907953953	-7.06	-29.50	94.6	2.60	-51.5	107.7	-28.6
1909954954	-7.18	-30.94	91.7	2.55	-51.0	104.9	-29.1
1911955955	-7.44	-33.19	87.3	2.48	-49.5	100.3	-29.6
1913956956	-7.52	-34.81	84.6	2.45	-49.4	98.0	-30.3
1915957957	-7.66	-35.75	83.0	2.41	-48.4	96.1	-30.3
1917958958	-7.76	-36.88	81.2	2.39	-47.9	94.3	-30.6
1919959959	-7.90	-36.98	80.8	2.35	-46.7	93.3	-30.1
1921960960	-7.86	-36.64	81.3	2.36	-46.9	93.9	-30.0
1923961961	-7.71	-36.00	82.5	2.40	-48.0	95.4	-30.2
1925962962	-7.63	-35.73	83.1	2.42	-48.7	96.3	-30.4
1927963963	-7.45	-36.13	82.9	2.47	-50.5	97.1	-31.4
1929964964	-7.20	-36.30	83.1	2.55	-53.0	98.6	-32.5
1931965965	-7.02	-36.39	83.3	2.61	-55.0	99.8	-33.4
1933966966	-6.77	-37.51	81.8	2.69	-57.9	100.2	-35.3
1935967967	-6.49	-38.05	81.1	2.80	-61.0	101.5	-37.0
1937968968	-6.30	-39.11	79.2	2.88	-63.3	101.4	-38.6
1939969969	-6.10	-40.24	77.1	2.96	-65.4	101.1	-40.3
1941970970	-5.84	-41.58	74.4	3.09	-68.2	100.9	-42.5
1943971971	-5.66	-42.22	72.9	3.18	-70.1	101.1	-43.9
1945972972	-5.51	-43.40	70.4	3.26	-71.4	100.2	-45.4
1947973973	-5.36	-44.45	68.1	3.34	-72.5	99.5	-46.8
1949974974	-5.18	-45.38	65.8	3.45	-74.1	99.0	-48.4
1951975975	-5.02	-46.63	63.0	3.55	-74.9	97.9	-49.9
1953976976	-4.83	-47.88	60.0	3.69	-76.0	96.8	-51.7
1955977977	-4.70	-49.12	57.3	3.79	-76.3	95.4	-53.1
1957978978	-4.58	-50.19	55.0	3.88	-76.5	94.2	-54.3
1959979979	-4.46	-51.55	52.3	3.98	-76.3	92.5	-55.6
1961980980	-4.29	-52.17	50.3	4.13	-77.3	92.2	-56.9
1963981981	-4.20	-53.12	48.4	4.21	-77.0	91.0	-57.8
1965982982	-4.03	-54.36	45.6	4.38	-77.1	89.6	-59.4
1967983983	-3.91	-55.05	43.9	4.52	-77.3	88.9	-60.4
1969984984	-3.83	-55.88	42.3	4.61	-76.9	87.8	-61.2
1971985985	-3.78	-56.56	41.2	4.66	-76.5	86.9	-61.7
1973986986	-3.68	-57.49	39.4	4.80	-76.2	85.8	-62.7
1975987987	-3.54	-58.23	37.6	4.98	-76.2	85.0	-63.8
1977988988	-3.43	-58.74	36.1	5.14	-76.3	84.5	-64.7
1979989989	-3.34	-59.65	34.6	5.26	-75.7	83.3	-65.4
1981990990	-3.31	-60.37	33.7	5.31	-75.1	82.3	-65.8
1983991991	-3.24	-61.43	32.3	5.42	-74.1	80.9	-66.5
1985992992	-3.14	-62.13	30.9	5.59	-73.8	80.0	-67.3
1987993993	-3.06	-62.56	29.8	5.74	-73.7	79.6	-68.0
1989994994	-3.03	-63.20	29.1	5.80	-73.1	78.7	-68.3
1991995995	-2.96	-63.43	28.4	5.92	-73.1	78.5	-68.8
1993996996	-2.89	-64.34	27.2	6.07	-72.4	77.3	-69.4
1995997997	-2.85	-65.31	26.2	6.15	-71.4	76.0	-69.8
1997998998	-2.81	-65.74	25.6	6.24	-71.0	75.5	-70.2
1999999999	-2.76	-66.32	24.8	6.36	-70.5	74.8	-70.6
