1000000	-0.83	87.04	5.0	20.93	52.4	52.6	84.5
3001001	0.00	81.61	0.0	?	57.9	57.9	90.0
5002002	0.00	76.05	0.0	?	63.9	63.9	90.0
7003003	0.00	71.93	0.0	?	68.9	68.9	90.0
9004004	0.00	68.36	0.0	?	73.6	73.6	90.0
11005005	0.00	66.31	0.0	?	76.5	76.5	90.0
13006006	0.00	64.09	0.0	?	79.9	79.9	90.0
15007007	-0.13	61.27	1.4	137.42	84.4	84.4	89.0
17008008	-0.18	59.56	2.1	95.47	87.3	87.4	88.6
19009009	-0.29	57.89	3.5	60.47	90.3	90.4	87.8
21010010	-0.33	56.24	4.3	52.27	93.4	93.5	87.4
23011011	-0.38	54.73	5.2	45.49	96.4	96.5	86.9
25012012	-0.44	53.29	6.2	39.69	99.3	99.5	86.4
27013013	-0.46	51.82	7.0	37.41	102.5	102.8	86.1
29014014	-0.50	50.53	7.8	35.06	105.5	105.8	85.8
31015015	-0.53	49.27	8.7	33.01	108.5	108.8	85.4
33016016	-0.55	48.10	9.4	31.72	111.4	111.8	85.2
35017017	-0.56	47.01	10.0	31.29	114.2	114.7	85.0
37018018	-0.55	45.92	10.4	31.45	117.2	117.7	84.9
39019019	-0.55	44.84	10.8	31.55	120.4	120.8	84.9
41020020	-0.55	43.73	11.3	31.68	123.7	124.2	84.8
43021021	-0.55	42.65	11.9	31.58	127.1	127.7	84.7
45022022	-0.56	41.75	12.7	30.80	130.0	130.6	84.4
47023023	-0.57	40.81	13.4	30.50	133.2	133.9	84.3
49024024	-0.58	40.00	14.2	29.92	136.1	136.8	84.1
51025025	-0.59	39.19	14.9	29.47	139.0	139.8	83.9
53026026	-0.61	38.41	16.0	28.55	141.9	142.8	83.6
55027027	-0.63	37.63	17.2	27.68	144.9	145.9	83.2
57028028	-0.63	36.96	18.0	27.39	147.7	148.8	83.1
59029029	-0.67	36.24	19.5	26.12	150.5	151.8	82.6
61030030	-0.69	35.59	21.0	25.10	153.2	154.6	82.2
63031031	-0.73	34.90	22.8	23.92	156.0	157.7	81.7
65032032	-0.77	34.26	24.9	22.72	158.7	160.6	81.1
67033033	-0.81	33.59	27.2	21.54	161.5	163.8	80.5
69034034	-0.85	32.91	29.7	20.41	164.3	167.0	79.8
71035035	-0.90	32.22	32.6	19.30	167.3	170.4	79.0
73036036	-0.96	31.47	36.3	18.04	170.3	174.1	78.0
75037037	-1.02	30.76	39.7	17.11	173.3	177.8	77.1
77038038	-1.08	30.02	44.0	16.10	176.3	181.7	76.0
79039039	-1.15	29.25	48.7	15.15	179.3	185.8	74.8
81040040	-1.22	28.50	53.8	14.26	182.1	189.8	73.5
83041041	-1.30	27.66	60.0	13.34	184.8	194.3	72.0
85042042	-1.40	26.92	66.6	12.45	186.5	198.1	70.3
87043043	-1.47	26.22	72.6	11.84	188.4	201.9	68.9
89044044	-1.52	25.46	78.3	11.43	191.0	206.4	67.7
91045045	-1.59	24.47	86.3	10.96	194.3	212.6	66.0
93046046	-1.67	23.55	94.9	10.45	196.3	218.0	64.2
95047047	-1.75	22.64	104.1	9.96	197.6	223.3	62.2
97048048	-1.83	21.71	113.7	9.55	198.7	228.9	60.2
99049049	-1.88	20.77	123.3	9.27	200.3	235.2	58.4
101050050	-1.94	19.70	134.7	9.00	201.8	242.6	56.3
103051051	-2.00	18.51	148.3	8.71	202.4	250.9	53.8
105052052	-2.06	17.28	163.2	8.47	202.3	259.9	51.1
107053053	-2.14	16.02	179.4	8.17	199.3	268.2	48.0
109054054	-2.21	14.77	196.1	7.89	194.0	275.8	44.7
111055055	-2.28	13.48	213.4	7.66	187.2	283.9	41.3
113056056	-2.36	12.18	230.6	7.41	177.1	290.8	37.5
115057057	-2.43	10.88	247.3	7.21	164.9	297.2	33.7
117058058	-2.49	9.40	265.1	7.02	149.0	304.1	29.3
119059059	-2.55	7.97	280.8	6.87	130.8	309.8	25.0
121060060	-2.61	6.41	294.8	6.70	107.8	313.9	20.1
123061061	-2.66	4.83	305.8	6.57	82.7	316.7	15.1
125062062	-2.72	3.22	312.2	6.44	55.1	317.0	10.0
127063063	-2.78	1.52	313.1	6.30	25.5	314.1	4.7
129064064	-2.83	-0.17	309.7	6.19	-2.8	309.7	-0.5
131065065	-2.88	-1.84	301.9	6.09	-28.7	303.3	-5.4
133066066	-2.90	-3.55	292.0	6.04	-53.1	296.7	-10.3
135067067	-2.92	-5.38	278.9	6.01	-76.3	289.1	-15.3
137068068	-2.93	-7.27	262.3	5.98	-96.5	279.5	-20.2
139069069	-2.93	-9.28	243.9	5.99	-114.6	269.5	-25.2
141070070	-2.92	-11.38	223.4	6.01	-128.8	257.9	-30.0
143071071	-2.90	-13.39	203.7	6.04	-138.5	246.4	-34.2
145072072	-2.90	-15.55	183.1	6.04	-144.2	233.0	-38.2
147073073	-2.88	-17.73	163.9	6.08	-147.7	220.7	-42.0
149074074	-2.86	-20.06	145.3	6.12	-148.5	207.7	-45.6
151075075	-2.84	-22.29	129.4	6.17	-147.3	196.1	-48.7
153076076	-2.81	-24.65	114.4	6.24	-145.0	184.7	-51.7
155077077	-2.77	-26.94	101.5	6.32	-141.7	174.3	-54.4
157078078	-2.74	-29.37	89.7	6.40	-137.3	164.0	-56.9
159079079	-2.71	-31.80	79.6	6.46	-132.3	154.4	-59.0
161080080	-2.67	-34.19	70.8	6.55	-127.4	145.8	-60.9
163081081	-2.65	-36.68	63.2	6.61	-122.0	137.4	-62.6
165082082	-2.60	-39.00	56.8	6.72	-117.3	130.3	-64.2
167083083	-2.56	-41.42	50.8	6.84	-112.6	123.6	-65.7
169084084	-2.52	-43.86	45.8	6.94	-107.8	117.1	-67.0
171085085	-2.47	-46.17	41.4	7.08	-103.6	111.6	-68.2
173086086	-2.41	-48.63	37.2	7.25	-99.3	106.0	-69.5
175087087	-2.35	-51.22	33.3	7.45	-95.0	100.7	-70.7
177088088	-2.29	-53.91	29.9	7.64	-90.6	95.4	-71.8
179089089	-2.24	-56.58	27.0	7.81	-86.5	90.6	-72.7
181090090	-2.19	-59.57	24.3	7.97	-82.0	85.6	-73.5
183091091	-2.18	-62.48	22.2	8.02	-77.9	81.0	-74.1
185092092	-2.15	-65.44	20.4	8.11	-73.9	76.7	-74.6
187093093	-2.15	-68.59	18.7	8.14	-69.9	72.4	-75.0
189094094	-2.14	-71.86	17.3	8.17	-66.1	68.3	-75.3
191095095	-2.11	-75.22	15.8	8.27	-62.4	64.4	-75.8
193096096	-2.08	-78.89	14.4	8.41	-58.7	60.4	-76.2
195097097	-2.03	-83.03	13.0	8.62	-54.8	56.3	-76.7
197098098	-1.98	-88.00	11.6	8.83	-50.4	51.7	-77.1
199099099	-2.01	-93.95	10.7	8.67	-45.5	46.8	-76.8
201100100	-2.13	-100.32	10.2	8.20	-40.7	41.9	-75.9
203101101	-2.29	-107.14	10.0	7.61	-35.9	37.3	-74.4
205102102	-2.51	-115.11	10.0	6.97	-30.9	32.5	-72.1
207103103	-2.83	-123.69	10.3	6.20	-25.9	27.8	-68.3
209104104	-3.25	-133.17	10.9	5.41	-20.8	23.5	-62.3
211105105	-3.80	-143.76	11.9	4.64	-15.5	19.5	-52.6
213106106	-4.61	-155.57	13.5	3.86	-10.1	16.9	-36.6
215107107	-5.66	-167.87	15.9	3.18	-4.8	16.6	-16.7
217108108	-6.92	178.87	18.9	2.64	0.4	18.9	1.3
219109109	-8.13	165.06	22.1	2.29	5.3	22.8	13.4
221110110	-9.19	150.32	25.5	2.06	10.0	27.4	21.4
223111111	-9.59	134.38	28.3	1.99	15.1	32.0	28.0
225112112	-9.31	117.84	30.7	2.04	21.1	37.2	34.4
227113113	-8.45	100.98	33.3	2.21	28.8	44.1	40.9
229114114	-7.29	85.05	36.6	2.52	38.7	53.2	46.6
231115115	-6.22	70.25	41.9	2.91	50.6	65.7	50.4
233116116	-5.30	57.55	49.5	3.38	64.4	81.2	52.5
235117117	-4.54	46.99	59.8	3.91	79.9	99.8	53.2
237118118	-3.92	37.79	74.5	4.51	97.8	122.9	52.7
239119119	-3.43	29.82	95.9	5.13	117.6	151.7	50.8
241120120	-3.07	22.65	128.7	5.71	137.2	188.1	46.8
243121121	-2.77	16.26	177.6	6.32	153.4	234.7	40.8
245122122	-2.54	10.46	248.4	6.88	151.9	291.2	31.4
247123123	-2.38	5.11	332.6	7.35	106.9	349.3	17.8
249124124	-2.24	0.22	390.0	7.80	5.7	390.1	0.8
251125125	-2.16	-4.37	369.4	8.08	-112.0	386.0	-16.9
253126126	-2.11	-8.58	300.3	8.28	-182.8	351.6	-31.3
255127127	-2.06	-12.50	230.5	8.49	-208.8	311.0	-42.2
257128128	-2.00	-16.28	174.1	8.72	-209.9	272.7	-50.3
259129129	-1.97	-19.75	135.1	8.86	-199.7	241.1	-55.9
261130130	-1.94	-23.23	106.1	8.99	-185.8	214.0	-60.3
263131131	-1.92	-26.53	85.9	9.08	-172.0	192.3	-63.5
265132132	-1.89	-29.41	71.7	9.25	-161.0	176.2	-66.0
267133133	-1.82	-32.30	59.7	9.59	-151.2	162.5	-68.5
269134134	-1.75	-35.17	50.0	9.95	-141.9	150.5	-70.6
271135135	-1.68	-38.08	42.1	10.35	-133.1	139.6	-72.4
273136136	-1.63	-40.86	36.2	10.67	-125.1	130.2	-73.9
275137137	-1.57	-43.79	30.9	11.09	-117.5	121.5	-75.3
277138138	-1.51	-46.44	26.7	11.57	-111.2	114.3	-76.5
279139139	-1.46	-49.06	23.5	11.93	-105.2	107.8	-77.4
281140140	-1.41	-51.56	20.8	12.38	-100.1	102.2	-78.3
283141141	-1.35	-54.06	18.3	12.92	-95.2	97.0	-79.1
285142142	-1.28	-56.45	16.2	13.56	-90.9	92.4	-79.9
287143143	-1.23	-58.78	14.4	14.17	-87.0	88.1	-80.6
289144144	-1.17	-61.02	12.9	14.86	-83.4	84.4	-81.2
291145145	-1.11	-63.23	11.5	15.66	-80.0	80.8	-81.8
293146146	-1.06	-65.39	10.4	16.36	-76.9	77.6	-82.3
295147147	-1.02	-67.47	9.4	17.08	-74.0	74.6	-82.7
297148148	-0.99	-69.46	8.7	17.65	-71.4	71.9	-83.1
299149149	-0.94	-71.45	7.9	18.42	-68.9	69.4	-83.4
301150150	-0.90	-73.28	7.2	19.29	-66.7	67.1	-83.8
303151151	-0.87	-75.08	6.7	19.96	-64.6	65.0	-84.1
305152152	-0.84	-76.83	6.2	20.65	-62.7	63.0	-84.3
307153153	-0.82	-78.61	5.9	21.23	-60.7	61.0	-84.5
309154154	-0.80	-80.35	5.5	21.71	-58.9	59.2	-84.7
311155155	-0.79	-81.99	5.3	21.87	-57.3	57.5	-84.7
313156156	-0.78	-83.61	5.0	22.42	-55.7	55.9	-84.9
315157157	-0.78	-85.07	4.9	22.37	-54.3	54.5	-84.9
317158158	-0.77	-86.59	4.7	22.53	-52.8	53.1	-84.9
319159159	-0.76	-88.08	4.5	22.97	-51.5	51.7	-85.0
321160160	-0.73	-89.44	4.3	23.69	-50.3	50.5	-85.2
323161161	-0.72	-90.87	4.1	24.19	-49.1	49.2	-85.3
325162162	-0.72	-92.33	4.0	24.16	-47.8	48.0	-85.3
327163163	-0.72	-93.82	3.9	24.24	-46.6	46.8	-85.3
329164164	-0.71	-95.19	3.8	24.36	-45.5	45.7	-85.3
331165165	-0.71	-96.62	3.6	24.58	-44.4	44.5	-85.3
333166166	-0.70	-98.17	3.5	24.92	-43.2	43.4	-85.4
335167167	-0.70	-99.70	3.4	24.96	-42.1	42.2	-85.3
337168168	-0.70	-101.16	3.4	24.72	-41.0	41.1	-85.3
339169169	-0.71	-102.67	3.3	24.53	-39.9	40.0	-85.2
341170170	-0.72	-104.26	3.3	24.03	-38.8	38.9	-85.1
343171171	-0.74	-105.86	3.3	23.58	-37.7	37.8	-85.0
345172172	-0.75	-107.35	3.3	23.22	-36.7	36.8	-84.8
347173173	-0.76	-108.83	3.3	22.78	-35.7	35.8	-84.7
349174174	-0.78	-110.44	3.3	22.20	-34.6	34.8	-84.5
351175175	-0.80	-111.97	3.3	21.82	-33.6	33.8	-84.3
353176176	-0.81	-113.55	3.3	21.50	-32.6	32.8	-84.2
355177177	-0.83	-115.02	3.4	20.87	-31.7	31.9	-84.0
357178178	-0.84	-116.57	3.3	20.64	-30.8	31.0	-83.8
359179179	-0.86	-118.13	3.3	20.33	-29.9	30.1	-83.6
361180180	-0.87	-119.74	3.3	20.00	-28.9	29.1	-83.4
363181181	-0.88	-121.30	3.3	19.68	-28.0	28.2	-83.2
365182182	-0.90	-122.84	3.3	19.37	-27.1	27.4	-83.0
367183183	-0.91	-124.46	3.3	19.17	-26.2	26.4	-82.8
369184184	-0.90	-125.95	3.3	19.22	-25.4	25.6	-82.7
371185185	-0.91	-127.48	3.3	19.08	-24.6	24.8	-82.5
373186186	-0.92	-129.01	3.2	18.94	-23.8	24.0	-82.2
375187187	-0.91	-130.50	3.2	19.04	-23.0	23.2	-82.1
377188188	-0.91	-131.99	3.1	19.04	-22.2	22.4	-81.9
379189189	-0.91	-133.45	3.1	19.09	-21.4	21.7	-81.8
381190190	-0.90	-134.87	3.0	19.22	-20.7	20.9	-81.6
383191191	-0.89	-136.30	3.0	19.46	-20.0	20.2	-81.5
385192192	-0.89	-137.72	3.0	19.43	-19.3	19.5	-81.3
387193193	-0.88	-139.12	2.9	19.75	-18.6	18.8	-81.2
389194194	-0.88	-140.53	2.8	19.86	-17.9	18.1	-81.0
391195195	-0.86	-141.76	2.8	20.10	-17.3	17.5	-80.8
393196196	-0.86	-143.11	2.7	20.25	-16.6	16.9	-80.6
395197197	-0.85	-144.37	2.7	20.49	-16.0	16.2	-80.5
397198198	-0.83	-145.72	2.6	21.01	-15.4	15.6	-80.4
399199199	-0.82	-146.89	2.6	21.16	-14.8	15.0	-80.2
401200200	-0.81	-148.08	2.5	21.53	-14.3	14.5	-80.0
403201201	-0.80	-149.27	2.5	21.66	-13.7	13.9	-79.7
405202202	-0.79	-150.45	2.4	22.01	-13.2	13.4	-79.5
407203203	-0.78	-151.60	2.4	22.17	-12.6	12.8	-79.2
409204204	-0.77	-152.73	2.3	22.58	-12.1	12.3	-79.0
411205205	-0.76	-153.81	2.3	22.74	-11.6	11.8	-78.7
413206206	-0.76	-154.83	2.3	22.72	-11.1	11.4	-78.3
415207207	-0.76	-155.96	2.3	22.88	-10.6	10.9	-77.9
417208208	-0.76	-156.95	2.3	22.88	-10.2	10.4	-77.4
419209209	-0.77	-157.95	2.3	22.71	-9.7	10.0	-76.8
421210210	-0.77	-158.93	2.3	22.68	-9.3	9.6	-76.2
423211211	-0.76	-159.94	2.3	22.79	-8.8	9.1	-75.6
425212212	-0.78	-160.88	2.3	22.43	-8.4	8.7	-74.7
427213213	-0.79	-161.83	2.3	21.91	-8.0	8.3	-73.6
429214214	-0.80	-162.81	2.4	21.72	-7.5	7.9	-72.7
431215215	-0.81	-163.75	2.4	21.35	-7.1	7.5	-71.5
433216216	-0.83	-164.68	2.4	20.85	-6.7	7.1	-70.0
435217217	-0.85	-165.58	2.5	20.47	-6.3	6.8	-68.5
437218218	-0.87	-166.50	2.5	19.95	-5.9	6.4	-66.7
439219219	-0.89	-167.40	2.6	19.61	-5.5	6.1	-64.9
441220220	-0.92	-168.31	2.7	18.96	-5.1	5.8	-62.4
443221221	-0.94	-169.23	2.7	18.41	-4.7	5.4	-59.7
445222222	-0.96	-170.10	2.8	18.13	-4.3	5.1	-57.2
447223223	-0.98	-171.04	2.8	17.66	-3.9	4.8	-53.9
449224224	-1.02	-171.94	3.0	17.03	-3.5	4.6	-50.0
451225225	-1.05	-172.92	3.0	16.62	-3.1	4.3	-45.6
453226226	-1.08	-173.79	3.1	16.18	-2.7	4.1	-41.1
455227227	-1.11	-174.69	3.2	15.63	-2.3	4.0	-35.8
457228228	-1.14	-175.65	3.3	15.31	-1.9	3.8	-30.1
459229229	-1.16	-176.61	3.3	14.95	-1.5	3.7	-23.8
461230230	-1.19	-177.60	3.4	14.58	-1.0	3.6	-16.9
463231231	-1.22	-178.60	3.5	14.23	-0.6	3.6	-9.8
465232232	-1.25	-179.54	3.6	13.96	-0.2	3.6	-3.2
467233233	-1.27	179.51	3.7	13.65	0.2	3.7	3.3
469234234	-1.29	178.53	3.7	13.45	0.6	3.8	9.8
471235235	-1.32	177.49	3.8	13.18	1.1	3.9	16.0
473236236	-1.34	176.47	3.9	12.95	1.5	4.2	21.6
475237237	-1.36	175.45	3.9	12.82	2.0	4.4	26.8
477238238	-1.37	174.50	4.0	12.67	2.4	4.6	31.1
479239239	-1.39	173.45	4.0	12.52	2.8	4.9	35.4
481240240	-1.40	172.38	4.1	12.40	3.3	5.2	39.3
483241241	-1.41	171.30	4.1	12.32	3.8	5.6	42.8
485242242	-1.42	170.27	4.1	12.22	4.2	5.9	45.7
487243243	-1.43	169.25	4.1	12.16	4.7	6.2	48.4
489244244	-1.44	168.20	4.2	12.09	5.1	6.6	50.8
491245245	-1.45	167.20	4.2	12.02	5.6	7.0	52.9
493246246	-1.45	166.10	4.2	12.05	6.1	7.4	55.2
495247247	-1.45	165.08	4.2	12.01	6.5	7.8	56.9
497248248	-1.45	164.04	4.3	11.98	7.0	8.2	58.6
499249249	-1.44	162.97	4.2	12.06	7.4	8.6	60.3
501250250	-1.43	161.86	4.2	12.18	7.9	9.0	62.0
503251251	-1.43	160.84	4.2	12.18	8.4	9.4	63.3
505252252	-1.42	159.80	4.2	12.23	8.8	9.8	64.5
507253253	-1.41	158.75	4.2	12.36	9.3	10.2	65.8
509254254	-1.41	157.73	4.2	12.35	9.8	10.6	66.7
511255255	-1.40	156.65	4.2	12.42	10.3	11.1	67.8
513256256	-1.40	155.55	4.2	12.47	10.8	11.6	68.7
515257257	-1.38	154.48	4.2	12.62	11.2	12.0	69.7
517258258	-1.37	153.45	4.1	12.72	11.7	12.4	70.5
519259259	-1.37	152.44	4.2	12.75	12.2	12.9	71.2
521260260	-1.36	151.38	4.2	12.80	12.7	13.3	71.8
523261261	-1.35	150.27	4.2	12.88	13.2	13.8	72.5
525262262	-1.34	149.22	4.1	12.96	13.7	14.3	73.1
527263263	-1.34	148.15	4.1	13.04	14.2	14.8	73.7
529264264	-1.33	147.08	4.2	13.07	14.7	15.3	74.2
531265265	-1.33	145.92	4.2	13.13	15.2	15.8	74.7
533266266	-1.33	144.82	4.2	13.12	15.7	16.3	75.1
535267267	-1.33	143.69	4.2	13.12	16.3	16.8	75.5
537268268	-1.32	142.63	4.2	13.14	16.8	17.3	75.8
539269269	-1.32	141.52	4.3	13.19	17.3	17.9	76.2
541270270	-1.31	140.36	4.3	13.27	17.9	18.4	76.6
543271271	-1.32	139.21	4.3	13.18	18.5	19.0	76.8
545272272	-1.33	138.11	4.4	13.09	19.0	19.5	77.0
547273273	-1.34	136.89	4.5	12.95	19.6	20.1	77.2
549274274	-1.35	135.65	4.5	12.92	20.2	20.7	77.4
551275275	-1.37	134.44	4.6	12.72	20.8	21.4	77.5
553276276	-1.39	133.19	4.7	12.54	21.5	22.0	77.6
555277277	-1.40	131.94	4.8	12.45	22.1	22.6	77.7
557278278	-1.42	130.62	4.9	12.23	22.8	23.3	77.8
559279279	-1.43	129.37	5.0	12.15	23.5	24.0	77.9
561280280	-1.46	128.06	5.2	11.95	24.1	24.7	77.9
563281281	-1.49	126.67	5.4	11.65	24.9	25.4	77.8
565282282	-1.52	125.28	5.5	11.42	25.6	26.2	77.8
567283283	-1.56	124.01	5.7	11.17	26.3	26.9	77.7
569284284	-1.61	122.68	6.0	10.82	27.0	27.7	77.5
571285285	-1.64	121.31	6.2	10.63	27.8	28.5	77.5
573286286	-1.69	119.77	6.5	10.32	28.6	29.4	77.3
575287287	-1.74	118.34	6.7	10.03	29.4	30.2	77.1
577288288	-1.79	116.94	7.0	9.73	30.2	31.0	76.9
579289289	-1.84	115.46	7.3	9.49	31.1	31.9	76.7
581290290	-1.90	113.94	7.7	9.19	32.0	32.9	76.4
583291291	-1.97	112.56	8.1	8.86	32.8	33.7	76.1
585292292	-2.05	111.05	8.6	8.52	33.6	34.7	75.7
587293293	-2.14	109.54	9.1	8.17	34.5	35.7	75.2
589294294	-2.22	108.11	9.6	7.87	35.4	36.7	74.8
591295295	-2.32	106.74	10.2	7.52	36.2	37.6	74.2
593296296	-2.43	105.44	10.8	7.20	36.9	38.5	73.6
595297297	-2.53	104.27	11.5	6.90	37.6	39.3	73.0
597298298	-2.64	103.34	12.1	6.63	38.1	40.0	72.4
599299299	-2.77	102.49	12.8	6.32	38.5	40.6	71.6
601300300	-2.87	101.79	13.4	6.10	38.9	41.1	71.0
603301301	-2.97	101.16	13.9	5.91	39.2	41.6	70.5
605302302	-3.03	100.84	14.3	5.79	39.3	41.8	70.1
607303303	-3.07	100.64	14.4	5.72	39.4	42.0	69.9
609304304	-3.06	100.34	14.5	5.74	39.6	42.2	69.9
611305305	-3.01	100.17	14.3	5.82	39.8	42.3	70.2
613306306	-2.95	99.77	14.1	5.94	40.1	42.5	70.6
615307307	-2.86	99.10	13.8	6.13	40.7	43.0	71.3
617308308	-2.76	98.38	13.5	6.34	41.3	43.5	71.9
619309309	-2.67	97.64	13.2	6.56	42.0	44.0	72.5
621310310	-2.58	96.61	13.0	6.79	42.8	44.8	73.1
623311311	-2.48	95.53	12.7	7.06	43.8	45.6	73.8
625312312	-2.40	94.52	12.5	7.29	44.6	46.3	74.3
627313313	-2.30	93.27	12.3	7.59	45.7	47.3	75.0
629314314	-2.23	92.00	12.1	7.85	46.8	48.3	75.5
631315315	-2.16	90.79	12.0	8.09	47.9	49.3	75.9
633316316	-2.09	89.65	11.9	8.33	48.9	50.3	76.3
635317317	-2.03	88.37	11.8	8.60	50.0	51.4	76.7
637318318	-1.97	87.22	11.7	8.84	51.1	52.4	77.1
639319319	-1.93	86.01	11.7	9.04	52.2	53.5	77.3
641320320	-1.87	84.69	11.7	9.30	53.5	54.7	77.7
643321321	-1.84	83.64	11.7	9.49	54.5	55.7	77.9
645322322	-1.80	82.48	11.7	9.70	55.7	56.9	78.1
647323323	-1.76	81.22	11.7	9.92	56.9	58.1	78.4
649324324	-1.70	80.15	11.6	10.23	58.1	59.2	78.7
651325325	-1.68	78.94	11.8	10.37	59.3	60.5	78.8
653326326	-1.67	77.79	12.0	10.46	60.6	61.7	78.8
655327327	-1.64	76.64	12.0	10.65	61.8	63.0	79.0
657328328	-1.61	75.52	12.1	10.83	63.1	64.3	79.1
659329329	-1.61	74.29	12.5	10.85	64.5	65.7	79.1
661330330	-1.59	72.75	12.8	10.97	66.3	67.5	79.1
663331331	-1.56	71.44	12.9	11.16	67.9	69.1	79.2
665332332	-1.55	70.29	13.2	11.22	69.4	70.6	79.2
667333333	-1.57	69.09	13.7	11.12	70.8	72.2	79.0
669334334	-1.57	67.86	14.2	11.12	72.4	73.8	78.9
671335335	-1.56	66.58	14.6	11.15	74.1	75.6	78.8
673336336	-1.55	65.32	15.0	11.22	75.9	77.4	78.8
675337337	-1.57	63.95	15.7	11.11	77.8	79.4	78.6
677338338	-1.61	62.80	16.6	10.85	79.4	81.1	78.2
679339339	-1.64	61.41	17.6	10.61	81.4	83.3	77.8
681340340	-1.63	60.27	18.1	10.66	83.2	85.2	77.7
683341341	-1.67	59.11	19.2	10.43	84.9	87.1	77.3
685342342	-1.70	57.53	20.4	10.25	87.5	89.8	76.9
687343343	-1.72	56.19	21.5	10.16	89.7	92.2	76.5
689344344	-1.75	54.83	22.8	9.96	92.0	94.8	76.1
691345345	-1.76	53.39	24.0	9.92	94.6	97.6	75.8
693346346	-1.80	51.76	25.9	9.70	97.6	100.9	75.1
695347347	-1.84	50.06	28.1	9.47	100.7	104.6	74.4
697348348	-1.87	48.42	30.1	9.34	104.0	108.3	73.9
699349349	-1.90	46.65	32.7	9.16	107.7	112.5	73.1
701350350	-1.95	44.85	35.8	8.94	111.5	117.1	72.2
703351351	-1.98	43.21	38.7	8.80	115.2	121.5	71.4
705352352	-2.02	41.35	42.5	8.62	119.4	126.8	70.4
707353353	-2.06	39.53	46.6	8.46	123.8	132.3	69.4
709354354	-2.12	37.62	51.8	8.24	128.4	138.4	68.0
711355355	-2.16	35.66	57.5	8.09	133.4	145.2	66.7
713356356	-2.21	33.69	64.0	7.92	138.4	152.5	65.2
715357357	-2.24	31.70	71.5	7.78	143.8	160.6	63.6
717358358	-2.30	29.83	79.8	7.60	148.3	168.4	61.7
719359359	-2.34	27.90	89.3	7.46	153.1	177.2	59.7
721360360	-2.38	25.89	100.4	7.34	158.0	187.2	57.6
723361361	-2.42	23.96	112.7	7.23	162.2	197.5	55.2
725362362	-2.44	22.00	126.4	7.17	166.5	209.0	52.8
727363363	-2.48	20.05	142.3	7.07	168.9	220.8	49.9
729364364	-2.50	18.13	159.7	7.01	170.6	233.7	46.9
731365365	-2.52	16.09	180.3	6.93	169.7	247.6	43.3
733366366	-2.54	14.36	199.6	6.89	167.1	260.3	39.9
735367367	-2.53	12.32	224.6	6.91	162.2	277.1	35.8
737368368	-2.53	10.34	250.5	6.91	152.2	293.1	31.3
739369369	-2.53	8.48	275.6	6.93	137.8	308.1	26.6
741370370	-2.50	6.47	303.7	7.00	117.3	325.5	21.1
743371371	-2.50	4.54	325.4	7.00	88.3	337.1	15.2
745372372	-2.48	2.51	344.2	7.04	52.0	348.1	8.6
747373373	-2.49	0.49	351.1	7.03	10.3	351.3	1.7
749374374	-2.45	-1.58	353.7	7.14	-34.1	355.4	-5.5
751375375	-2.45	-3.65	340.1	7.15	-75.7	348.4	-12.6
753376376	-2.42	-5.65	321.4	7.23	-112.2	340.5	-19.2
755377377	-2.42	-7.66	294.3	7.24	-139.3	325.6	-25.3
757378378	-2.40	-9.58	267.2	7.28	-158.8	310.8	-30.7
759379379	-2.40	-11.69	236.6	7.30	-171.7	292.3	-36.0
761380380	-2.40	-13.74	208.8	7.29	-177.3	273.9	-40.3
763381381	-2.40	-15.62	185.6	7.27	-178.3	257.4	-43.8
765382382	-2.41	-17.73	162.9	7.25	-176.4	240.2	-47.3
767383383	-2.40	-19.82	143.3	7.28	-173.6	225.1	-50.5
769384384	-2.44	-21.86	127.5	7.17	-166.9	210.0	-52.6
771385385	-2.47	-23.87	114.1	7.08	-160.3	196.8	-54.6
773386386	-2.52	-25.94	102.9	6.93	-152.7	184.1	-56.0
775387387	-2.56	-27.86	93.6	6.84	-146.4	173.8	-57.4
777388388	-2.61	-29.81	85.7	6.72	-139.9	164.1	-58.5
779389389	-2.68	-31.73	79.3	6.54	-133.2	155.1	-59.2
781390390	-2.73	-33.68	73.3	6.42	-127.5	147.0	-60.1
783391391	-2.80	-35.58	68.6	6.26	-121.7	139.7	-60.6
785392392	-2.89	-37.50	64.5	6.07	-116.0	132.7	-60.9
787393393	-2.97	-39.30	61.1	5.92	-111.1	126.8	-61.2
789394394	-3.05	-41.06	58.1	5.76	-106.6	121.4	-61.4
791395395	-3.17	-42.83	55.9	5.54	-101.8	116.1	-61.2
793396396	-3.28	-44.43	54.0	5.37	-97.8	111.7	-61.1
795397397	-3.37	-45.89	52.3	5.22	-94.4	108.0	-61.0
797398398	-3.44	-47.39	50.5	5.12	-91.5	104.5	-61.1
799399399	-3.49	-48.59	49.1	5.04	-89.2	101.8	-61.2
801400400	-3.55	-49.86	47.7	4.96	-86.9	99.1	-61.2
803401401	-3.58	-50.97	46.4	4.92	-85.1	96.9	-61.4
805402402	-3.57	-52.17	44.7	4.94	-83.6	94.8	-61.9
807403403	-3.50	-53.44	42.5	5.03	-82.5	92.8	-62.7
809404404	-3.41	-54.79	40.1	5.16	-81.5	90.8	-63.8
811405405	-3.28	-56.41	37.2	5.36	-80.3	88.5	-65.1
813406406	-3.16	-58.36	34.3	5.56	-78.5	85.6	-66.4
815407407	-3.04	-60.66	31.2	5.78	-76.2	82.4	-67.7
817408408	-2.92	-63.28	28.2	6.00	-73.5	78.7	-69.0
819409409	-2.83	-65.94	25.7	6.19	-70.7	75.2	-70.0
821410410	-2.77	-68.60	23.6	6.32	-67.8	71.8	-70.8
823411411	-2.72	-71.68	21.6	6.44	-64.6	68.1	-71.5
825412412	-2.68	-74.52	20.1	6.54	-61.7	64.9	-72.0
827413413	-2.66	-77.27	18.8	6.58	-59.0	61.9	-72.3
829414414	-2.63	-80.11	17.6	6.64	-56.3	59.0	-72.6
831415415	-2.64	-82.91	16.7	6.63	-53.7	56.3	-72.7
833416416	-2.64	-85.61	15.9	6.62	-51.4	53.8	-72.8
835417417	-2.64	-88.19	15.2	6.63	-49.2	51.5	-72.8
837418418	-2.65	-90.88	14.6	6.59	-47.1	49.3	-72.8
839419419	-2.66	-93.37	14.1	6.57	-45.1	47.3	-72.7
841420420	-2.65	-95.90	13.5	6.61	-43.3	45.3	-72.7
843421421	-2.66	-98.31	13.0	6.59	-41.5	43.5	-72.6
845422422	-2.66	-100.63	12.6	6.58	-39.9	41.8	-72.4
847423423	-2.67	-102.88	12.3	6.55	-38.4	40.3	-72.2
849424424	-2.69	-105.09	12.0	6.51	-36.9	38.8	-71.9
851425425	-2.69	-107.31	11.7	6.52	-35.5	37.3	-71.8
853426426	-2.68	-109.45	11.4	6.53	-34.1	36.0	-71.6
855427427	-2.69	-111.56	11.1	6.50	-32.8	34.7	-71.3
857428428	-2.71	-113.56	10.9	6.46	-31.6	33.5	-70.9
859429429	-2.73	-115.51	10.8	6.43	-30.5	32.3	-70.5
861430430	-2.74	-117.54	10.6	6.40	-29.3	31.2	-70.1
863431431	-2.75	-119.51	10.4	6.36	-28.2	30.1	-69.7
865432432	-2.75	-121.44	10.2	6.37	-27.1	29.0	-69.3
867433433	-2.76	-123.30	10.1	6.34	-26.1	28.0	-68.8
869434434	-2.82	-125.31	10.1	6.22	-25.0	27.0	-68.0
871435435	-2.82	-127.18	10.0	6.22	-24.0	26.0	-67.5
873436436	-2.85	-129.03	9.9	6.15	-23.1	25.1	-66.7
875437437	-2.89	-130.89	9.9	6.07	-22.1	24.2	-65.9
877438438	-2.91	-132.76	9.8	6.03	-21.2	23.3	-65.1
879439439	-2.95	-134.58	9.8	5.95	-20.2	22.5	-64.1
881440440	-2.97	-136.40	9.8	5.91	-19.3	21.7	-63.2
883441441	-2.99	-138.24	9.7	5.86	-18.4	20.9	-62.2
885442442	-3.01	-139.97	9.7	5.83	-17.6	20.1	-61.2
887443443	-3.03	-141.74	9.6	5.79	-16.8	19.3	-60.1
889444444	-3.05	-143.58	9.6	5.76	-15.9	18.6	-58.9
891445445	-3.06	-145.38	9.5	5.74	-15.1	17.8	-57.7
893446446	-3.06	-147.19	9.5	5.73	-14.2	17.1	-56.4
895447447	-3.09	-149.01	9.4	5.69	-13.4	16.4	-54.8
897448448	-3.10	-150.79	9.4	5.67	-12.6	15.7	-53.3
899449449	-3.11	-152.48	9.4	5.65	-11.8	15.1	-51.6
901450450	-3.10	-154.22	9.3	5.67	-11.1	14.4	-50.0
903451451	-3.09	-155.93	9.2	5.68	-10.3	13.8	-48.3
905452452	-3.08	-157.63	9.1	5.70	-9.6	13.2	-46.4
907453453	-3.06	-159.32	9.0	5.74	-8.8	12.6	-44.5
909454454	-3.04	-160.87	8.9	5.78	-8.2	12.1	-42.5
911455455	-3.02	-162.55	8.8	5.81	-7.4	11.5	-40.2
913456456	-2.99	-164.01	8.7	5.87	-6.8	11.0	-38.1
915457457	-2.95	-165.70	8.5	5.95	-6.1	10.5	-35.5
917458458	-2.91	-167.22	8.4	6.02	-5.4	10.0	-32.9
919459459	-2.87	-168.71	8.3	6.11	-4.8	9.6	-30.2
921460460	-2.83	-170.14	8.1	6.20	-4.2	9.1	-27.3
923461461	-2.78	-171.58	8.0	6.30	-3.6	8.8	-24.2
925462462	-2.72	-173.00	7.8	6.43	-3.0	8.4	-20.9
927463463	-2.67	-174.37	7.7	6.55	-2.4	8.0	-17.4
929464464	-2.61	-175.73	7.5	6.71	-1.8	7.7	-13.7
931465465	-2.56	-177.12	7.3	6.83	-1.2	7.4	-9.5
933466466	-2.50	-178.42	7.2	6.99	-0.7	7.2	-5.4
935467467	-2.45	-179.65	7.0	7.15	-0.1	7.0	-1.2
937468468	-2.38	179.06	6.8	7.35	0.4	6.8	3.4
939469469	-2.32	177.85	6.6	7.54	0.9	6.7	7.9
941470470	-2.26	176.66	6.5	7.74	1.4	6.6	12.5
943471471	-2.19	175.49	6.3	7.97	1.9	6.6	17.1
945472472	-2.13	174.26	6.1	8.18	2.5	6.6	21.9
947473473	-2.07	173.14	6.0	8.42	3.0	6.7	26.4
949474474	-2.02	172.00	5.8	8.64	3.4	6.8	30.7
951475475	-1.94	170.76	5.6	8.97	4.0	6.9	35.4
953476476	-1.89	169.67	5.4	9.25	4.5	7.0	39.3
955477477	-1.83	168.55	5.3	9.54	5.0	7.3	43.1
957478478	-1.77	167.46	5.1	9.86	5.4	7.5	46.6
959479479	-1.71	166.33	5.0	10.17	5.9	7.8	50.0
961480480	-1.65	165.21	4.8	10.56	6.4	8.0	53.2
963481481	-1.60	164.04	4.7	10.90	6.9	8.4	56.1
965482482	-1.55	163.01	4.5	11.26	7.4	8.7	58.5
967483483	-1.49	161.81	4.4	11.70	7.9	9.1	61.1
969484484	-1.44	160.68	4.2	12.11	8.5	9.5	63.3
971485485	-1.38	159.60	4.1	12.63	8.9	9.8	65.4
973486486	-1.32	158.44	3.9	13.14	9.5	10.3	67.4
975487487	-1.27	157.30	3.8	13.73	10.0	10.7	69.2
977488488	-1.23	156.14	3.7	14.19	10.5	11.1	70.7
979489489	-1.17	154.95	3.5	14.88	11.1	11.6	72.3
981490490	-1.12	153.76	3.4	15.58	11.6	12.1	73.7
983491491	-1.07	152.68	3.3	16.21	12.1	12.5	74.9
985492492	-1.01	151.45	3.1	17.17	12.7	13.0	76.3
987493493	-0.97	150.18	3.0	17.95	13.3	13.6	77.3
989494494	-0.91	148.91	2.8	19.01	13.9	14.2	78.4
991495495	-0.85	147.65	2.7	20.39	14.5	14.7	79.6
993496496	-0.79	146.37	2.5	21.90	15.1	15.3	80.6
995497497	-0.75	145.06	2.4	23.29	15.7	15.9	81.5
997498498	-0.70	143.61	2.2	24.88	16.4	16.6	82.3
999499499	-0.62	142.35	2.0	27.94	17.0	17.1	83.3
1001500500	-0.58	141.07	1.9	29.84	17.6	17.7	83.9
1003501501	-0.52	139.69	1.7	33.23	18.3	18.4	84.7
1005502502	-0.47	138.28	1.6	36.74	19.0	19.1	85.3
1007503503	-0.42	136.86	1.4	41.86	19.8	19.8	86.0
1009504504	-0.35	135.45	1.2	49.65	20.5	20.5	86.7
1011505505	-0.28	133.98	1.0	61.30	21.2	21.2	87.4
1013506506	-0.21	132.52	0.7	84.24	22.0	22.0	88.2
1015507507	-0.15	131.12	0.5	116.26	22.7	22.7	88.7
1017508508	-0.11	129.69	0.4	158.10	23.5	23.5	89.1
1019509509	-0.03	128.14	0.1	650.30	24.3	24.3	89.8
1021510510	0.00	126.69	0.0	?	25.1	25.1	90.0
1023511511	0.00	125.24	0.0	?	25.9	25.9	90.0
1025512512	0.00	123.69	0.0	?	26.8	26.8	90.0
1027513513	0.00	122.19	0.0	?	27.6	27.6	90.0
1029514514	0.00	120.53	0.0	?	28.6	28.6	90.0
1031515515	0.00	119.15	0.0	?	29.4	29.4	90.0
1033516516	0.00	117.77	0.0	?	30.2	30.2	90.0
1035517517	0.00	116.04	0.0	?	31.2	31.2	90.0
1037518518	0.00	114.56	0.0	?	32.1	32.1	90.0
1039519519	0.00	113.06	0.0	?	33.1	33.1	90.0
1041520520	0.00	111.51	0.0	?	34.0	34.0	90.0
1043521521	0.00	110.02	0.0	?	35.0	35.0	90.0
1045522522	-1.20	167.70	3.5	14.46	5.4	6.4	56.9
1047523523	0.00	153.83	0.0	?	11.6	11.6	90.0
1049524524	0.00	104.48	0.0	?	38.7	38.7	90.0
1051525525	-0.29	97.79	1.5	60.06	43.6	43.6	88.1
1053526526	-0.30	95.59	1.5	58.85	45.3	45.3	88.0
1055527527	-0.28	93.55	1.5	62.86	47.0	47.0	88.2
1057528528	-0.26	91.26	1.5	66.92	48.9	48.9	88.3
1059529529	-0.24	89.07	1.4	71.51	50.8	50.8	88.4
1061530530	-0.22	86.94	1.3	80.41	52.7	52.7	88.6
1063531531	-0.22	84.45	1.4	80.44	55.1	55.1	88.6
1065532532	-0.24	82.04	1.6	72.58	57.4	57.5	88.4
1067533533	-0.23	79.87	1.6	77.04	59.7	59.7	88.5
1069534534	-0.25	77.09	1.8	69.99	62.7	62.8	88.3
1071535535	-0.29	74.54	2.3	59.94	65.7	65.7	88.0
1073536536	-0.34	72.04	2.9	50.65	68.7	68.7	87.6
1075537537	-0.37	69.27	3.3	47.10	72.3	72.4	87.4
1077538538	-0.43	66.65	4.1	40.23	75.9	76.0	86.9
1079539539	-0.55	64.04	5.6	31.68	79.7	79.9	86.0
1081540540	-0.62	61.23	6.9	27.82	84.1	84.4	85.3
1083541541	-0.73	58.55	8.7	23.97	88.5	89.0	84.4
1085542542	-0.87	55.91	11.3	20.02	93.2	93.8	83.1
1087543543	-1.01	52.92	14.4	17.25	98.8	99.8	81.7
1089544544	-1.21	49.98	19.1	14.35	104.4	106.2	79.6
1091545545	-1.37	47.28	23.8	12.67	110.0	112.5	77.8
1093546546	-1.57	44.26	30.3	11.08	116.2	120.1	75.4
1095547547	-1.83	41.15	39.3	9.55	122.2	128.4	72.2
1097548548	-2.09	38.02	50.4	8.34	127.6	137.2	68.5
1099549549	-2.41	34.78	64.7	7.25	131.1	146.2	63.7
1101550550	-2.78	31.61	81.4	6.30	131.0	154.2	58.1
1103551551	-3.21	28.20	100.6	5.48	125.9	161.2	51.4
1105552552	-3.60	24.63	119.7	4.89	116.9	167.3	44.3
1107553553	-4.10	21.23	135.0	4.31	99.7	167.8	36.4
1109554554	-4.58	17.67	145.8	3.88	80.2	166.4	28.8
1111555555	-5.13	13.57	150.7	3.48	56.5	161.0	20.6
1113556556	-5.74	9.67	147.6	3.14	35.0	151.7	13.3
1115557557	-6.37	5.37	140.2	2.85	16.4	141.2	6.7
1117558558	-7.00	0.86	130.8	2.62	2.2	130.8	1.0
1119559559	-7.68	-4.13	119.6	2.41	-8.6	120.0	-4.1
1121560560	-8.43	-9.62	108.0	2.22	-16.0	109.2	-8.4
1123561561	-9.15	-15.69	97.6	2.07	-20.9	99.8	-12.1
1125562562	-9.93	-22.30	87.8	1.94	-23.6	90.9	-15.1
1127563563	-10.72	-29.80	79.0	1.82	-25.0	82.8	-17.5
1129564564	-11.49	-37.91	71.4	1.73	-25.2	75.7	-19.4
1131565565	-12.17	-46.92	64.9	1.65	-24.8	69.5	-21.0
1133566566	-12.76	-56.81	59.1	1.60	-24.0	63.8	-22.1
1135567567	-13.28	-67.36	54.1	1.55	-22.7	58.7	-22.8
1137568568	-13.51	-78.28	49.8	1.54	-21.6	54.3	-23.4
1139569569	-13.63	-89.21	46.1	1.53	-20.1	50.3	-23.5
1141570570	-13.57	-100.03	42.8	1.53	-18.5	46.6	-23.4
1143571571	-13.28	-110.33	39.8	1.55	-17.0	43.3	-23.1
1145572572	-12.92	-120.13	37.1	1.58	-15.3	40.2	-22.4
1147573573	-12.45	-129.14	34.7	1.63	-13.6	37.3	-21.4
1149574574	-12.00	-137.45	32.7	1.67	-11.9	34.8	-19.9
1151575575	-11.44	-144.77	30.7	1.73	-10.2	32.4	-18.4
1153576576	-10.84	-151.48	28.9	1.80	-8.6	30.2	-16.6
1155577577	-10.31	-157.72	27.3	1.88	-7.0	28.2	-14.3
1157578578	-9.75	-163.76	25.8	1.97	-5.3	26.4	-11.5
1159579579	-9.19	-168.87	24.4	2.06	-3.7	24.7	-8.7
1161580580	-8.68	-173.90	23.1	2.17	-2.1	23.2	-5.2
1163581581	-8.19	-179.07	22.0	2.28	-0.3	22.0	-0.9
1165582582	-7.70	176.54	20.8	2.40	1.2	20.9	3.4
1167583583	-7.30	172.27	19.9	2.52	2.8	20.1	8.1
1169584584	-6.92	168.25	19.1	2.64	4.4	19.6	13.0
1171585585	-6.52	164.19	18.2	2.79	6.0	19.2	18.3
1173586586	-6.16	160.43	17.5	2.94	7.6	19.1	23.5
1175587587	-5.86	156.62	16.9	3.07	9.2	19.2	28.6
1177588588	-5.59	152.83	16.4	3.22	10.9	19.6	33.6
1179589589	-5.34	149.52	15.9	3.36	12.3	20.1	37.8
1181590590	-5.12	146.27	15.5	3.49	13.8	20.8	41.6
1183591591	-4.93	142.51	15.3	3.62	15.5	21.8	45.5
1185592592	-4.78	139.14	15.1	3.73	17.1	22.8	48.5
1187593593	-4.66	135.75	15.1	3.82	18.7	24.0	51.1
1189594594	-4.59	132.58	15.2	3.87	20.2	25.3	53.1
1191595595	-4.57	129.24	15.5	3.89	21.8	26.8	54.6
1193596596	-4.54	125.96	15.8	3.91	23.4	28.3	55.9
1195597597	-4.58	122.88	16.4	3.88	24.9	29.8	56.7
1197598598	-4.60	119.48	16.9	3.87	26.6	31.6	57.5
1199599599	-4.68	116.18	17.8	3.80	28.2	33.4	57.8
1201600600	-4.81	113.30	18.8	3.70	29.6	35.0	57.6
1203601601	-4.96	110.55	19.8	3.60	30.8	36.7	57.2
1205602602	-5.15	107.63	21.2	3.47	32.1	38.5	56.6
1207603603	-5.40	104.90	22.8	3.32	33.2	40.2	55.5
1209604604	-5.70	102.28	24.5	3.16	34.0	41.9	54.2
1211605605	-5.96	100.13	26.1	3.03	34.7	43.4	53.0
1213606606	-6.24	98.04	27.7	2.90	35.1	44.8	51.7
1215607607	-6.64	96.66	29.6	2.74	34.9	45.7	49.7
1217608608	-7.03	95.88	31.1	2.61	34.4	46.3	47.9
1219609609	-7.31	95.73	32.0	2.52	33.7	46.5	46.5
1221610610	-7.57	96.31	32.6	2.44	32.8	46.2	45.2
1223611611	-7.78	97.51	32.7	2.38	31.8	45.6	44.2
1225612612	-7.84	98.90	32.4	2.36	31.1	44.9	43.8
1227613613	-7.79	100.51	31.7	2.38	30.5	44.0	43.9
1229614614	-7.62	102.34	30.6	2.43	30.1	42.9	44.5
1231615615	-7.22	104.03	28.9	2.54	30.2	41.8	46.2
1233616616	-6.78	104.78	27.4	2.69	30.7	41.1	48.3
1235617617	-6.25	104.50	25.7	2.90	31.8	40.9	51.0
1237618618	-5.72	103.94	24.1	3.15	33.1	41.0	53.9
1239619619	-5.17	102.38	22.6	3.46	35.0	41.6	57.1
1241620620	-4.67	99.89	21.4	3.81	37.3	43.0	60.2
1243621621	-4.13	97.49	19.8	4.28	39.8	44.5	63.5
1245622622	-3.61	93.85	18.5	4.89	43.2	47.0	66.8
1247623623	-3.07	90.05	16.9	5.72	47.0	50.0	70.2
1249624624	-2.64	85.75	15.8	6.64	51.3	53.7	72.8
1251625625	-2.25	80.83	15.0	7.78	56.5	58.4	75.2
1253626626	-1.85	76.02	13.8	9.41	62.1	63.6	77.5
1255627627	-1.56	70.98	13.1	11.14	68.5	69.7	79.2
1257628628	-1.30	65.47	12.6	13.44	76.3	77.4	80.7
1259629629	-1.08	60.22	12.2	16.04	84.9	85.8	81.8
1261630630	-0.88	54.63	11.9	19.76	95.7	96.4	82.9
1263631631	-0.74	48.91	12.2	23.61	108.8	109.5	83.6
1265632632	-0.66	43.63	13.5	26.50	123.7	124.4	83.7
1267633633	-0.61	38.44	16.2	28.26	141.8	142.7	83.5
1269634634	-0.65	33.04	22.6	26.88	165.7	167.3	82.2
1271635635	-0.66	27.76	32.1	26.46	197.4	200.0	80.8
1273636636	-0.73	22.98	50.9	23.73	235.4	240.8	77.8
1275637637	-0.83	18.41	85.4	21.06	283.5	296.1	73.2
1277638638	-0.97	13.78	159.3	18.01	340.6	376.0	64.9
1279639639	-1.07	9.42	292.8	16.26	388.2	486.3	53.0
1281640640	-1.22	5.08	510.9	14.32	322.6	604.2	32.3
1283641641	-1.39	0.87	619.5	12.50	58.2	622.2	5.4
1285642642	-1.54	-3.07	518.7	11.33	-156.3	541.8	-16.8
1287643643	-1.76	-6.95	365.5	9.93	-217.3	425.3	-30.7
1289644644	-1.96	-10.68	265.3	8.91	-216.3	342.3	-39.2
1291645645	-2.16	-14.59	198.4	8.09	-199.1	281.1	-45.1
1293646646	-2.37	-18.39	156.0	7.36	-178.0	236.7	-48.8
1295647647	-2.58	-21.70	130.7	6.78	-160.3	206.8	-50.8
1297648648	-2.78	-25.23	110.7	6.31	-145.0	182.4	-52.6
1299649649	-2.99	-28.78	95.7	5.88	-131.4	162.5	-53.9
1301650650	-3.19	-32.51	83.5	5.50	-119.4	145.7	-55.0
1303651651	-3.36	-36.00	74.4	5.23	-110.1	132.9	-56.0
1305652652	-3.53	-39.45	67.0	4.99	-101.9	122.0	-56.7
1307653653	-3.70	-42.64	61.6	4.77	-95.0	113.2	-57.1
1309654654	-3.84	-46.07	56.3	4.60	-88.8	105.2	-57.6
1311655655	-3.98	-49.48	51.9	4.44	-83.2	98.0	-58.1
1313656656	-4.12	-52.85	48.2	4.30	-78.0	91.7	-58.3
1315657657	-4.22	-55.89	45.2	4.19	-74.0	86.7	-58.6
1317658658	-4.27	-59.05	42.0	4.15	-70.4	82.0	-59.2
1319659659	-4.37	-62.27	39.5	4.06	-66.7	77.5	-59.4
1321660660	-4.41	-65.24	37.2	4.02	-63.7	73.7	-59.7
1323661661	-4.45	-68.04	35.2	3.99	-61.0	70.4	-60.0
1325662662	-4.49	-70.99	33.3	3.96	-58.3	67.1	-60.3
1327663663	-4.52	-73.73	31.7	3.93	-55.9	64.3	-60.5
1329664664	-4.54	-76.44	30.2	3.91	-53.7	61.6	-60.6
1331665665	-4.50	-79.19	28.5	3.95	-51.7	59.1	-61.2
1333666666	-4.52	-81.47	27.5	3.93	-50.0	57.0	-61.2
1335667667	-4.50	-83.85	26.3	3.94	-48.2	55.0	-61.4
1337668668	-4.45	-86.06	25.1	3.99	-46.8	53.1	-61.8
1339669669	-4.42	-88.38	24.1	4.01	-45.3	51.3	-62.0
1341670670	-4.41	-90.51	23.2	4.02	-43.8	49.6	-62.1
1343671671	-4.37	-92.62	22.3	4.06	-42.5	48.0	-62.3
1345672672	-4.32	-94.66	21.5	4.10	-41.3	46.5	-62.5
1347673673	-4.28	-96.58	20.7	4.14	-40.1	45.1	-62.7
1349674674	-4.22	-98.25	20.0	4.20	-39.2	44.0	-63.0
1351675675	-4.19	-99.88	19.4	4.23	-38.2	42.8	-63.1
1353676676	-4.15	-101.72	18.8	4.26	-37.1	41.6	-63.1
1355677677	-4.08	-103.25	18.1	4.34	-36.3	40.6	-63.4
1357678678	-4.04	-104.98	17.6	4.37	-35.3	39.4	-63.5
1359679679	-3.99	-106.62	17.1	4.43	-34.4	38.4	-63.6
1361680680	-3.97	-108.08	16.7	4.45	-33.6	37.5	-63.5
1363681681	-3.91	-109.43	16.2	4.52	-32.8	36.6	-63.7
1365682682	-3.86	-110.76	15.8	4.57	-32.1	35.8	-63.8
1367683683	-3.79	-112.31	15.3	4.65	-31.3	34.8	-64.0
1369684684	-3.75	-113.64	14.9	4.71	-30.6	34.0	-64.1
1371685685	-3.70	-115.00	14.5	4.76	-29.9	33.2	-64.1
1373686686	-3.62	-116.16	14.0	4.86	-29.3	32.5	-64.4
1375687687	-3.60	-117.44	13.8	4.90	-28.7	31.8	-64.4
1377688688	-3.56	-118.77	13.5	4.95	-28.0	31.0	-64.3
1379689689	-3.46	-120.00	12.9	5.08	-27.4	30.3	-64.7
1381690690	-3.41	-121.05	12.6	5.16	-26.9	29.7	-64.8
1383691691	-3.37	-122.15	12.4	5.22	-26.3	29.1	-64.9
1385692692	-3.31	-123.44	12.0	5.32	-25.7	28.4	-64.9
1387693693	-3.26	-124.63	11.7	5.39	-25.1	27.7	-64.9
1389694694	-3.22	-125.57	11.5	5.45	-24.6	27.2	-65.0
1391695695	-3.16	-126.58	11.2	5.56	-24.1	26.6	-65.1
1393696696	-3.10	-127.54	10.9	5.67	-23.7	26.1	-65.3
1395697697	-3.01	-128.58	10.5	5.84	-23.2	25.5	-65.7
1397698698	-2.96	-129.61	10.2	5.92	-22.7	24.9	-65.7
1399699699	-2.89	-130.66	9.9	6.07	-22.2	24.3	-66.0
1401700700	-2.82	-131.39	9.6	6.21	-21.9	23.9	-66.2
1403701701	-2.75	-132.33	9.3	6.38	-21.4	23.4	-66.5
1405702702	-2.70	-133.21	9.1	6.49	-21.0	22.9	-66.6
1407703703	-2.62	-133.90	8.8	6.68	-20.7	22.5	-67.0
1409704704	-2.55	-134.75	8.5	6.87	-20.3	22.0	-67.3
1411705705	-2.49	-135.60	8.3	7.03	-19.9	21.6	-67.5
1413706706	-2.43	-136.32	8.0	7.19	-19.6	21.2	-67.7
1415707707	-2.35	-137.00	7.7	7.44	-19.3	20.8	-68.1
1417708708	-2.27	-137.67	7.5	7.68	-19.0	20.4	-68.5
1419709709	-2.19	-138.41	7.2	7.98	-18.6	20.0	-69.0
1421710710	-2.13	-139.08	6.9	8.19	-18.3	19.6	-69.3
1423711711	-2.06	-139.85	6.7	8.46	-18.0	19.2	-69.6
1425712712	-1.98	-140.13	6.4	8.81	-17.9	19.0	-70.3
1427713713	-1.92	-140.75	6.2	9.10	-17.6	18.6	-70.6
1429714714	-1.84	-141.35	5.9	9.48	-17.3	18.3	-71.1
1431715715	-1.77	-141.95	5.7	9.87	-17.0	18.0	-71.6
1433716716	-1.70	-142.37	5.4	10.24	-16.9	17.7	-72.1
1435717717	-1.65	-142.74	5.3	10.55	-16.7	17.5	-72.5
1437718718	-1.58	-143.21	5.0	11.03	-16.5	17.2	-73.0
1439719719	-1.52	-143.80	4.8	11.48	-16.2	16.9	-73.5
1441720720	-1.43	-144.18	4.5	12.18	-16.0	16.7	-74.2
1443721721	-1.33	-144.31	4.2	13.07	-16.0	16.5	-75.2
1445722722	-1.28	-144.63	4.1	13.56	-15.8	16.4	-75.6
1447723723	-1.23	-145.02	3.9	14.09	-15.7	16.1	-76.0
1449724724	-1.22	-145.47	3.8	14.27	-15.5	15.9	-76.0
1451725725	-1.14	-145.73	3.6	15.20	-15.3	15.8	-76.8
1453726726	-1.08	-146.02	3.4	16.08	-15.2	15.6	-77.4
1455727727	-1.03	-146.31	3.2	16.87	-15.1	15.4	-77.9
1457728728	-1.00	-146.44	3.1	17.47	-15.0	15.3	-78.3
1459729729	-0.96	-146.68	3.0	18.14	-14.9	15.2	-78.6
1461730730	-0.93	-147.01	2.9	18.70	-14.8	15.0	-78.9
1463731731	-0.89	-147.18	2.8	19.56	-14.7	14.9	-79.3
1465732732	-0.82	-147.40	2.6	21.18	-14.6	14.8	-80.0
1467733733	-0.81	-147.68	2.5	21.55	-14.5	14.7	-80.1
1469734734	-0.74	-147.73	2.3	23.46	-14.4	14.6	-80.9
1471735735	-0.75	-147.87	2.3	23.15	-14.4	14.6	-80.8
1473736736	-0.74	-148.00	2.3	23.58	-14.3	14.5	-80.9
1475737737	-0.73	-148.06	2.3	23.79	-14.3	14.5	-81.0
1477738738	-0.67	-148.30	2.1	25.84	-14.2	14.3	-81.6
1479739739	-0.63	-148.54	2.0	27.62	-14.1	14.2	-82.1
1481740740	-0.60	-148.64	1.9	28.78	-14.0	14.1	-82.4
1483741741	-0.60	-148.89	1.9	28.90	-13.9	14.0	-82.4
1485742742	-0.61	-149.05	1.9	28.54	-13.8	14.0	-82.2
1487743743	-0.59	-149.27	1.8	29.58	-13.7	13.8	-82.5
1489744744	-0.58	-149.50	1.8	30.04	-13.6	13.7	-82.5
1491745745	-0.59	-149.61	1.8	29.60	-13.6	13.7	-82.4
1493746746	-0.57	-149.89	1.8	30.53	-13.4	13.5	-82.6
1495747747	-0.56	-149.95	1.7	31.09	-13.4	13.5	-82.7
1497748748	-0.58	-150.03	1.8	30.18	-13.4	13.5	-82.4
1499749749	-0.57	-150.30	1.7	30.62	-13.2	13.4	-82.5
1501750750	-0.55	-150.50	1.7	31.65	-13.1	13.3	-82.7
1503751751	-0.55	-150.81	1.7	31.87	-13.0	13.1	-82.7
1505752752	-0.55	-151.13	1.7	31.38	-12.9	13.0	-82.5
1507753753	-0.55	-151.35	1.7	31.34	-12.8	12.9	-82.4
1509754754	-0.56	-151.73	1.7	30.97	-12.6	12.7	-82.2
1511755755	-0.57	-151.84	1.7	30.69	-12.5	12.6	-82.1
1513756756	-0.59	-152.14	1.8	29.57	-12.4	12.5	-81.8
1515757757	-0.60	-152.51	1.8	29.05	-12.2	12.4	-81.5
1517758758	-0.57	-152.70	1.7	30.28	-12.1	12.3	-81.8
1519759759	-0.58	-153.04	1.8	29.94	-12.0	12.1	-81.6
1521760760	-0.59	-153.42	1.8	29.32	-11.8	11.9	-81.3
1523761761	-0.58	-153.79	1.8	29.75	-11.6	11.8	-81.3
1525762762	-0.52	-154.80	1.6	33.44	-11.2	11.3	-82.0
1527763763	-0.47	-156.04	1.4	36.75	-10.6	10.7	-82.4
1529764764	-0.53	-155.10	1.6	32.63	-11.0	11.1	-81.7
1531765765	-0.57	-154.86	1.7	30.53	-11.1	11.3	-81.2
1533766766	-0.58	-155.17	1.7	30.06	-11.0	11.1	-81.0
1535767767	-0.56	-155.38	1.7	31.20	-10.9	11.0	-81.2
1537768768	-0.53	-155.85	1.6	32.66	-10.7	10.8	-81.5
1539769769	-0.51	-156.46	1.5	33.80	-10.4	10.5	-81.6
1541770770	-0.54	-156.92	1.6	32.36	-10.2	10.3	-81.0
1543771771	-0.54	-157.27	1.6	32.15	-10.0	10.2	-80.8
1545772772	-0.52	-157.61	1.6	33.11	-9.9	10.0	-81.0
1547773773	-0.50	-157.98	1.5	34.60	-9.7	9.8	-81.2
1549774774	-0.50	-158.45	1.5	34.82	-9.5	9.6	-81.1
1551775775	-0.51	-158.92	1.5	33.93	-9.3	9.4	-80.7
1553776776	-0.47	-159.25	1.4	36.70	-9.1	9.3	-81.3
1555777777	-0.47	-159.61	1.4	37.34	-9.0	9.1	-81.3
1557778778	-0.48	-160.16	1.4	36.24	-8.7	8.9	-80.8
1559779779	-0.44	-160.56	1.3	39.22	-8.6	8.7	-81.3
1561780780	-0.40	-160.86	1.2	43.81	-8.4	8.5	-82.1
1563781781	-0.40	-161.49	1.2	43.10	-8.1	8.2	-81.7
1565782782	-0.34	-161.79	1.0	50.41	-8.0	8.1	-82.8
1567783783	-0.30	-162.25	0.9	57.24	-7.8	7.9	-83.5
1569784784	-0.25	-162.34	0.7	70.62	-7.8	7.8	-84.7
1571785785	-0.25	-163.08	0.7	69.17	-7.4	7.5	-84.3
1573786786	-0.22	-163.35	0.6	80.32	-7.3	7.3	-85.0
1575787787	-0.18	-163.60	0.5	98.43	-7.2	7.2	-85.9
1577788788	-0.13	-163.78	0.4	138.90	-7.1	7.1	-87.0
1579789789	-0.07	-164.38	0.2	261.67	-6.9	6.9	-88.4
1581790790	-0.02	-164.77	0.1	732.03	-6.7	6.7	-89.4
1583791791	0.00	-165.01	0.0	?	-6.6	6.6	-90.0
1585792792	0.00	-165.42	0.0	?	-6.4	6.4	-90.0
1587793793	0.00	-165.91	0.0	?	-6.2	6.2	-90.0
1589794794	0.00	-166.43	0.0	?	-5.9	5.9	-90.0
1591795795	0.00	-166.72	0.0	?	-5.8	5.8	-90.0
1593796796	0.00	-167.25	0.0	?	-5.6	5.6	-90.0
1595797797	0.00	-167.54	0.0	?	-5.5	5.5	-90.0
1597798798	0.00	-167.82	0.0	?	-5.3	5.3	-90.0
1599799799	0.00	-168.24	0.0	?	-5.2	5.2	-90.0
1601800800	0.00	-168.72	0.0	?	-4.9	4.9	-90.0
1603801801	0.00	-169.10	0.0	?	-4.8	4.8	-90.0
1605802802	0.00	-169.29	0.0	?	-4.7	4.7	-90.0
1607803803	0.00	-169.75	0.0	?	-4.5	4.5	-90.0
1609804804	0.00	-170.34	0.0	?	-4.2	4.2	-90.0
1611805805	0.00	-170.83	0.0	?	-4.0	4.0	-90.0
1613806806	0.00	-171.21	0.0	?	-3.8	3.8	-90.0
1615807807	0.00	-171.48	0.0	?	-3.7	3.7	-90.0
1617808808	0.00	-171.98	0.0	?	-3.5	3.5	-90.0
1619809809	0.00	-172.56	0.0	?	-3.2	3.2	-90.0
1621810810	0.00	-172.94	0.0	?	-3.1	3.1	-90.0
1623811811	0.00	-173.24	0.0	?	-3.0	3.0	-90.0
1625812812	0.00	-173.52	0.0	?	-2.8	2.8	-90.0
1627813813	0.00	-174.12	0.0	?	-2.6	2.6	-90.0
1629814814	0.00	-174.53	0.0	?	-2.4	2.4	-90.0
1631815815	0.00	-174.77	0.0	?	-2.3	2.3	-90.0
1633816816	0.00	-175.09	0.0	?	-2.1	2.1	-90.0
1635817817	0.00	-175.60	0.0	?	-1.9	1.9	-90.0
1637818818	0.00	-176.05	0.0	?	-1.7	1.7	-90.0
1639819819	0.00	-176.55	0.0	?	-1.5	1.5	-90.0
1641820820	0.00	-176.96	0.0	?	-1.3	1.3	-90.0
1643821821	0.00	-177.58	0.0	?	-1.1	1.1	-90.0
1645822822	0.00	-177.84	0.0	?	-0.9	0.9	-90.0
1647823823	0.00	-178.28	0.0	?	-0.8	0.8	-90.0
1649824824	0.00	-178.90	0.0	?	-0.5	0.5	-90.0
1651825825	0.00	-179.28	0.0	?	-0.3	0.3	-90.0
1653826826	0.00	-179.53	0.0	?	-0.2	0.2	-90.0
1655827827	0.00	179.92	0.0	?	0.0	0.0	90.0
1657828828	0.00	179.61	0.0	?	0.2	0.2	90.0
1659829829	0.00	178.98	0.0	?	0.4	0.4	90.0
1661830830	0.00	178.60	0.0	?	0.6	0.6	90.0
1663831831	0.00	178.18	0.0	?	0.8	0.8	90.0
1665832832	0.00	177.68	0.0	?	1.0	1.0	90.0
1667833833	0.00	176.77	0.0	?	1.4	1.4	90.0
1669834834	0.00	176.20	0.0	?	1.7	1.7	90.0
1671835835	0.00	175.63	0.0	?	1.9	1.9	90.0
1673836836	0.00	175.05	0.0	?	2.2	2.2	90.0
1675837837	0.00	174.31	0.0	?	2.5	2.5	90.0
1677838838	0.00	173.70	0.0	?	2.7	2.7	90.0
1679839839	0.00	173.18	0.0	?	3.0	3.0	90.0
1681840840	0.00	172.29	0.0	?	3.4	3.4	90.0
1683841841	0.00	171.71	0.0	?	3.6	3.6	90.0
1685842842	0.00	170.84	0.0	?	4.0	4.0	90.0
1687843843	0.00	170.12	0.0	?	4.3	4.3	90.0
1689844844	0.00	169.58	0.0	?	4.6	4.6	90.0
1691845845	0.00	168.84	0.0	?	4.9	4.9	90.0
1693846846	0.00	167.86	0.0	?	5.3	5.3	90.0
1695847847	0.00	167.24	0.0	?	5.6	5.6	90.0
1697848848	0.00	166.16	0.0	?	6.1	6.1	90.0
1699849849	0.00	165.93	0.0	?	6.2	6.2	90.0
1701850850	0.00	165.04	0.0	?	6.6	6.6	90.0
1703851851	0.00	164.18	0.0	?	6.9	6.9	90.0
1705852852	0.00	163.21	0.0	?	7.4	7.4	90.0
1707853853	0.00	162.30	0.0	?	7.8	7.8	90.0
1709854854	0.00	161.57	0.0	?	8.1	8.1	90.0
1711855855	0.00	160.79	0.0	?	8.5	8.5	90.0
1713856856	0.00	159.68	0.0	?	9.0	9.0	90.0
1715857857	0.00	158.64	0.0	?	9.4	9.4	90.0
1717858858	0.00	157.86	0.0	?	9.8	9.8	90.0
1719859859	0.00	157.23	0.0	?	10.1	10.1	90.0
1721860860	0.00	156.09	0.0	?	10.6	10.6	90.0
1723861861	0.00	155.36	0.0	?	10.9	10.9	90.0
1725862862	0.00	154.71	0.0	?	11.2	11.2	90.0
1727863863	0.00	153.84	0.0	?	11.6	11.6	90.0
1729864864	0.00	153.07	0.0	?	12.0	12.0	90.0
1731865865	0.00	152.62	0.0	?	12.2	12.2	90.0
1733866866	0.00	151.81	0.0	?	12.6	12.6	90.0
1735867867	0.00	150.94	0.0	?	13.0	13.0	90.0
1737868868	0.00	150.17	0.0	?	13.3	13.3	90.0
1739869869	0.00	149.68	0.0	?	13.5	13.5	90.0
1741870870	0.00	149.07	0.0	?	13.8	13.8	90.0
1743871871	0.00	148.15	0.0	?	14.3	14.3	90.0
1745872872	0.00	147.12	0.0	?	14.8	14.8	90.0
1747873873	0.00	146.36	0.0	?	15.1	15.1	90.0
1749874874	0.00	145.77	0.0	?	15.4	15.4	90.0
1751875875	0.00	144.70	0.0	?	15.9	15.9	90.0
1753876876	0.00	143.40	0.0	?	16.5	16.5	90.0
1755877877	0.00	142.39	0.0	?	17.0	17.0	90.0
1757878878	0.00	140.56	0.0	?	17.9	17.9	90.0
1759879879	0.00	139.10	0.0	?	18.6	18.6	90.0
1761880880	0.00	137.84	0.0	?	19.3	19.3	90.0
1763881881	0.00	136.26	0.0	?	20.1	20.1	90.0
1765882882	0.00	134.54	0.0	?	20.9	20.9	90.0
1767883883	0.00	132.89	0.0	?	21.8	21.8	90.0
1769884884	0.00	131.54	0.0	?	22.5	22.5	90.0
1771885885	0.00	129.73	0.0	?	23.5	23.5	90.0
1773886886	0.00	127.27	0.0	?	24.8	24.8	90.0
1775887887	0.00	125.92	0.0	?	25.5	25.5	90.0
1777888888	0.00	123.93	0.0	?	26.6	26.6	90.0
1779889889	0.00	121.87	0.0	?	27.8	27.8	90.0
1781890890	0.00	120.38	0.0	?	28.6	28.6	90.0
1783891891	0.00	118.82	0.0	?	29.6	29.6	90.0
1785892892	0.00	116.71	0.0	?	30.8	30.8	90.0
1787893893	0.00	114.96	0.0	?	31.9	31.9	90.0
1789894894	0.00	113.16	0.0	?	33.0	33.0	90.0
1791895895	0.00	110.94	0.0	?	34.4	34.4	90.0
1793896896	0.00	109.30	0.0	?	35.5	35.5	90.0
1795897897	0.00	107.27	0.0	?	36.8	36.8	90.0
1797898898	0.00	105.72	0.0	?	37.9	37.9	90.0
1799899899	0.00	103.76	0.0	?	39.2	39.2	90.0
1801900900	0.00	101.92	0.0	?	40.5	40.5	90.0
1803901901	0.00	99.85	0.0	?	42.1	42.1	90.0
1805902902	0.00	98.06	0.0	?	43.4	43.4	90.0
1807903903	0.00	96.01	0.0	?	45.0	45.0	90.0
1809904904	0.00	93.90	0.0	?	46.7	46.7	90.0
1811905905	0.00	92.23	0.0	?	48.1	48.1	90.0
1813906906	0.00	90.26	0.0	?	49.8	49.8	90.0
1815907907	0.00	88.56	0.0	?	51.3	51.3	90.0
1817908908	0.00	86.50	0.0	?	53.2	53.2	90.0
1819909909	0.00	84.58	0.0	?	55.0	55.0	90.0
1821910910	0.00	82.28	0.0	?	57.2	57.2	90.0
1823911911	0.00	80.42	0.0	?	59.1	59.1	90.0
1825912912	-0.01	78.49	0.1	165.40	61.2	61.2	89.9
1827913913	-0.27	76.17	2.0	64.57	63.8	63.8	88.2
1829914914	-0.56	73.91	4.5	31.01	66.3	66.4	86.2
1831915915	-0.83	71.97	6.9	20.87	68.4	68.7	84.2
1833916916	-1.09	69.95	9.5	15.92	70.6	71.3	82.4
1835917917	-1.42	67.32	13.0	12.30	73.5	74.6	79.9
1837918918	-1.66	65.13	16.1	10.50	75.9	77.6	78.0
1839919919	-1.89	62.67	19.4	9.21	78.6	81.0	76.1
1841920920	-2.19	60.65	23.5	7.98	80.4	83.8	73.7
1843921921	-2.43	58.16	27.7	7.19	83.0	87.5	71.5
1845922922	-2.73	55.92	32.6	6.42	84.6	90.7	68.9
1847923923	-2.97	53.72	37.3	5.91	86.3	94.0	66.6
1849924924	-3.24	50.76	43.6	5.43	88.5	98.6	63.8
1851925925	-3.47	48.21	49.5	5.07	89.9	102.6	61.1
1853926926	-3.71	45.62	55.9	4.76	90.9	106.8	58.4
1855927927	-3.97	43.06	63.0	4.45	90.9	110.6	55.3
1857928928	-4.18	40.17	70.6	4.23	91.1	115.3	52.2
1859929929	-4.36	37.48	78.1	4.07	90.8	119.7	49.3
1861930930	-4.56	34.80	85.9	3.89	89.2	123.8	46.1
1863931931	-4.81	32.12	93.9	3.70	85.6	127.0	42.4
1865932932	-4.98	29.37	101.8	3.59	82.5	131.0	39.0
1867933933	-5.11	26.45	110.1	3.49	78.7	135.3	35.6
1869934934	-5.30	23.87	116.9	3.38	72.9	137.8	32.0
1871935935	-5.42	20.78	125.0	3.31	66.7	141.7	28.1
1873936936	-5.61	17.93	130.8	3.21	58.3	143.2	24.0
1875937937	-5.72	14.56	137.6	3.15	48.9	146.1	19.6
1877938938	-5.79	11.75	142.6	3.11	40.5	148.3	15.9
1879939939	-5.92	8.72	145.5	3.05	30.0	148.6	11.7
1881940940	-6.00	6.05	147.2	3.01	20.8	148.6	8.0
1883941941	-6.13	2.95	146.7	2.95	9.8	147.0	3.8
1885942942	-6.17	-0.07	146.6	2.93	-0.2	146.6	-0.1
1887943943	-6.27	-2.72	143.9	2.89	-8.7	144.2	-3.5
1889944944	-6.32	-5.77	140.9	2.87	-17.9	142.0	-7.2
1891945945	-6.41	-8.55	136.2	2.83	-25.1	138.5	-10.4
1893946946	-6.50	-11.35	131.1	2.80	-31.5	134.8	-13.5
1895947947	-6.54	-14.05	126.3	2.78	-37.1	131.6	-16.4
1897948948	-6.57	-16.45	121.8	2.77	-41.5	128.7	-18.8
1899949949	-6.66	-19.47	115.4	2.74	-45.6	124.1	-21.6
1901950950	-6.70	-21.71	110.8	2.72	-48.2	120.8	-23.5
1903951951	-6.81	-24.41	105.0	2.68	-50.1	116.3	-25.5
1905952952	-6.99	-27.46	98.5	2.62	-50.8	110.8	-27.3
1907953953	-7.05	-29.77	94.2	2.60	-51.7	107.4	-28.8
1909954954	-7.24	-31.44	90.7	2.54	-50.7	103.9	-29.2
1911955955	-7.45	-32.98	87.6	2.47	-49.3	100.5	-29.4
1913956956	-7.52	-34.42	85.2	2.45	-49.3	98.4	-30.0
1915957957	-7.65	-35.83	82.9	2.42	-48.5	96.0	-30.4
1917958958	-7.71	-36.75	81.5	2.40	-48.3	94.7	-30.7
1919959959	-7.79	-36.51	81.6	2.38	-47.5	94.4	-30.2
1921960960	-7.83	-36.44	81.6	2.37	-47.1	94.2	-30.0
1923961961	-7.69	-36.50	81.9	2.41	-48.4	95.1	-30.6
1925962962	-7.67	-36.00	82.6	2.41	-48.4	95.7	-30.4
1927963963	-7.44	-35.69	83.6	2.48	-50.5	97.6	-31.2
1929964964	-7.18	-36.21	83.3	2.56	-53.3	98.9	-32.6
1931965965	-6.95	-36.67	82.9	2.63	-55.8	99.9	-33.9
1933966966	-6.76	-37.61	81.6	2.70	-58.0	100.2	-35.4
1935967967	-6.48	-38.28	80.7	2.80	-61.1	101.2	-37.1
1937968968	-6.25	-39.22	79.0	2.90	-63.8	101.6	-38.9
1939969969	-6.00	-40.08	77.3	3.01	-66.6	102.0	-40.7
1941970970	-5.80	-41.55	74.4	3.11	-68.7	101.3	-42.7
1943971971	-5.63	-42.74	71.9	3.19	-70.3	100.5	-44.4
1945972972	-5.45	-43.76	69.6	3.29	-71.9	100.0	-45.9
1947973973	-5.36	-44.36	68.2	3.34	-72.6	99.6	-46.8
1949974974	-5.14	-45.60	65.2	3.47	-74.3	98.9	-48.7
1951975975	-5.02	-46.81	62.6	3.56	-74.9	97.6	-50.1
1953976976	-4.80	-48.07	59.5	3.71	-76.2	96.7	-52.0
1955977977	-4.71	-49.17	57.3	3.78	-76.1	95.3	-53.0
1957978978	-4.57	-50.16	55.0	3.89	-76.6	94.3	-54.3
1959979979	-4.43	-51.82	51.7	4.00	-76.3	92.2	-55.9
1961980980	-4.31	-52.45	50.1	4.11	-76.8	91.7	-56.9
1963981981	-4.20	-53.02	48.5	4.22	-77.2	91.2	-57.8
1965982982	-4.05	-54.56	45.5	4.36	-76.7	89.2	-59.3
1967983983	-3.92	-55.29	43.7	4.51	-77.0	88.5	-60.4
1969984984	-3.82	-55.79	42.3	4.62	-77.2	88.0	-61.2
1971985985	-3.77	-56.59	41.1	4.68	-76.6	86.9	-61.8
1973986986	-3.62	-57.43	39.0	4.86	-76.6	86.0	-63.0
1975987987	-3.52	-58.40	37.2	5.01	-76.2	84.8	-64.0
1977988988	-3.42	-58.92	35.9	5.14	-76.1	84.2	-64.7
1979989989	-3.35	-59.92	34.5	5.25	-75.4	82.9	-65.4
1981990990	-3.31	-60.51	33.6	5.31	-74.9	82.1	-65.8
1983991991	-3.21	-61.43	32.0	5.48	-74.3	80.9	-66.7
1985992992	-3.12	-62.05	30.8	5.62	-74.0	80.2	-67.4
1987993993	-3.06	-62.58	29.9	5.73	-73.7	79.5	-67.9
1989994994	-2.99	-63.24	28.8	5.86	-73.2	78.7	-68.5
1991995995	-2.92	-63.88	27.7	6.01	-72.8	77.9	-69.1
1993996996	-2.89	-64.39	27.2	6.06	-72.3	77.2	-69.4
1995997997	-2.86	-65.15	26.4	6.14	-71.5	76.2	-69.8
1997998998	-2.77	-65.83	25.3	6.32	-71.1	75.4	-70.4
1999999999	-2.76	-66.45	24.8	6.34	-70.4	74.6	-70.6
