1000000	-0.78	87.90	4.7	22.27	51.7	51.9	84.9
3001001	0.00	82.48	0.0	?	57.0	57.0	90.0
5002002	0.00	76.93	0.0	?	62.9	62.9	90.0
7003003	0.00	72.85	0.0	?	67.8	67.8	90.0
9004004	0.00	69.33	0.0	?	72.3	72.3	90.0
11005005	0.00	67.29	0.0	?	75.1	75.1	90.0
13006006	0.00	65.08	0.0	?	78.4	78.4	90.0
15007007	-0.18	62.27	1.9	96.59	82.7	82.8	88.7
17008008	-0.24	60.49	2.7	72.15	85.7	85.7	88.2
19009009	-0.34	58.80	4.1	50.64	88.6	88.7	87.4
21010010	-0.40	57.15	5.0	43.31	91.6	91.7	86.9
23011011	-0.45	55.55	5.9	38.61	94.6	94.8	86.4
25012012	-0.51	54.10	7.1	33.98	97.5	97.8	85.8
27013013	-0.54	52.66	7.9	31.92	100.5	100.9	85.5
29014014	-0.58	51.27	8.8	30.18	103.6	104.0	85.1
31015015	-0.61	49.99	9.8	28.54	106.5	107.0	84.8
33016016	-0.63	48.84	10.5	27.67	109.3	109.8	84.5
35017017	-0.64	47.74	11.1	27.21	112.1	112.6	84.3
37018018	-0.64	46.58	11.7	27.09	115.1	115.7	84.2
39019019	-0.63	45.47	12.0	27.64	118.3	118.9	84.2
41020020	-0.63	44.34	12.6	27.74	121.6	122.2	84.1
43021021	-0.63	43.31	13.3	27.41	124.7	125.4	83.9
45022022	-0.64	42.37	14.0	27.03	127.7	128.4	83.7
47023023	-0.65	41.44	14.8	26.80	130.7	131.6	83.6
49024024	-0.66	40.59	15.5	26.52	133.6	134.5	83.4
51025025	-0.67	39.77	16.4	26.08	136.5	137.5	83.2
53026026	-0.67	38.96	17.2	25.81	139.5	140.5	83.0
55027027	-0.70	38.20	18.5	24.88	142.2	143.4	82.6
57028028	-0.71	37.45	19.5	24.57	145.2	146.5	82.4
59029029	-0.73	36.79	20.9	23.65	147.7	149.2	81.9
61030030	-0.76	36.10	22.4	22.79	150.4	152.1	81.5
63031031	-0.79	35.47	24.0	22.01	152.9	154.8	81.1
65032032	-0.84	34.77	26.3	20.81	155.6	157.8	80.4
67033033	-0.88	34.13	28.6	19.78	158.2	160.8	79.8
69034034	-0.92	33.43	31.1	18.83	161.0	164.0	79.1
71035035	-0.98	32.77	34.2	17.75	163.5	167.0	78.2
73036036	-1.04	32.05	37.6	16.74	166.3	170.5	77.3
75037037	-1.09	31.38	40.8	15.96	168.9	173.8	76.4
77038038	-1.15	30.66	44.8	15.11	171.6	177.3	75.4
79039039	-1.23	29.90	49.5	14.18	174.2	181.1	74.1
81040040	-1.30	29.17	54.3	13.43	176.6	184.8	72.9
83041041	-1.38	28.42	59.8	12.64	178.8	188.5	71.5
85042042	-1.46	27.71	65.6	11.92	180.4	192.0	70.0
87043043	-1.54	27.01	71.3	11.34	182.0	195.5	68.6
89044044	-1.60	26.19	77.3	10.91	184.5	200.0	67.3
91045045	-1.67	25.28	84.6	10.44	186.8	205.1	65.6
93046046	-1.75	24.39	92.7	9.94	188.3	209.8	63.8
95047047	-1.84	23.47	101.3	9.48	189.2	214.7	61.8
97048048	-1.92	22.68	109.3	9.09	189.4	218.6	60.0
99049049	-1.98	21.68	118.6	8.83	191.0	224.8	58.2
101050050	-2.04	20.63	129.0	8.55	191.8	231.2	56.1
103051051	-2.11	19.43	141.6	8.28	192.1	238.7	53.6
105052052	-2.18	18.18	155.4	8.03	191.6	246.6	51.0
107053053	-2.26	16.97	169.6	7.73	188.2	253.3	48.0
109054054	-2.35	15.68	184.9	7.45	182.9	260.1	44.7
111055055	-2.42	14.48	199.2	7.23	176.7	266.3	41.6
113056056	-2.49	13.11	215.5	7.04	168.5	273.6	38.0
115057057	-2.56	11.72	231.5	6.83	157.2	279.8	34.2
117058058	-2.63	10.25	247.3	6.66	143.2	285.7	30.1
119059059	-2.69	8.75	262.4	6.51	127.0	291.5	25.8
121060060	-2.75	7.23	275.0	6.36	107.4	295.3	21.3
123061061	-2.81	5.53	286.9	6.25	84.1	299.0	16.3
125062062	-2.87	3.88	292.9	6.10	58.9	298.7	11.4
127063063	-2.93	2.15	295.4	5.98	32.2	297.2	6.2
129064064	-2.97	0.46	294.8	5.90	6.7	294.9	1.3
131065065	-3.01	-1.34	290.1	5.83	-19.2	290.8	-3.8
133066066	-3.04	-3.13	282.1	5.78	-43.1	285.3	-8.7
135067067	-3.05	-5.03	270.7	5.75	-66.1	278.6	-13.7
137068068	-3.06	-7.05	255.9	5.73	-87.3	270.4	-18.8
139069069	-3.07	-9.06	238.6	5.72	-104.1	260.3	-23.6
141070070	-3.07	-11.13	220.2	5.72	-117.8	249.7	-28.1
143071071	-3.06	-13.31	200.8	5.74	-128.6	238.5	-32.6
145072072	-3.04	-15.41	182.5	5.76	-135.5	227.3	-36.6
147073073	-3.02	-17.59	164.5	5.81	-140.0	216.0	-40.4
149074074	-3.00	-19.91	146.8	5.86	-142.1	204.3	-44.1
151075075	-2.96	-22.16	131.1	5.92	-142.3	193.5	-47.3
153076076	-2.92	-24.58	116.0	6.01	-140.9	182.5	-50.5
155077077	-2.88	-26.89	103.2	6.09	-138.3	172.5	-53.3
157078078	-2.84	-29.27	91.6	6.18	-134.7	162.9	-55.8
159079079	-2.80	-31.65	81.5	6.26	-130.4	153.8	-58.0
161080080	-2.76	-34.06	72.7	6.34	-125.9	145.3	-60.0
163081081	-2.73	-36.49	64.9	6.42	-121.0	137.3	-61.8
165082082	-2.69	-38.80	58.4	6.51	-116.5	130.3	-63.4
167083083	-2.64	-41.22	52.5	6.62	-111.9	123.6	-64.9
169084084	-2.59	-43.53	47.3	6.76	-107.7	117.6	-66.3
171085085	-2.53	-45.91	42.6	6.91	-103.5	111.9	-67.6
173086086	-2.45	-48.36	38.1	7.13	-99.5	106.5	-69.1
175087087	-2.39	-50.98	34.1	7.31	-95.1	101.0	-70.3
177088088	-2.32	-53.66	30.5	7.53	-90.8	95.8	-71.4
179089089	-2.27	-56.47	27.5	7.68	-86.4	90.7	-72.4
181090090	-2.22	-59.34	24.7	7.86	-82.3	85.9	-73.3
183091091	-2.16	-62.34	22.2	8.07	-78.1	81.2	-74.1
185092092	-2.12	-65.44	20.0	8.25	-74.0	76.7	-74.9
187093093	-2.08	-68.84	18.1	8.39	-69.8	72.1	-75.5
189094094	-2.02	-72.41	16.2	8.63	-65.7	67.7	-76.2
191095095	-1.97	-76.55	14.4	8.84	-61.3	63.0	-76.7
193096096	-1.97	-81.20	13.1	8.85	-56.6	58.1	-77.0
195097097	-2.01	-86.03	12.2	8.68	-52.1	53.5	-76.8
197098098	-2.06	-91.26	11.4	8.47	-47.6	48.9	-76.5
199099099	-2.11	-97.19	10.6	8.26	-43.0	44.3	-76.1
201100100	-2.19	-103.87	10.0	7.98	-38.2	39.5	-75.3
203101101	-2.32	-111.49	9.6	7.53	-33.2	34.6	-73.8
205102102	-2.52	-120.33	9.5	6.95	-27.9	29.5	-71.2
207103103	-2.78	-129.86	9.6	6.30	-22.7	24.6	-67.0
209104104	-3.12	-140.43	10.0	5.63	-17.3	20.0	-60.0
211105105	-3.55	-152.35	10.6	4.97	-11.8	15.9	-47.9
213106106	-4.11	-165.86	11.8	4.30	-5.9	13.2	-26.4
215107107	-4.88	179.35	13.7	3.65	0.3	13.7	1.1
217108108	-5.76	162.96	16.3	3.12	6.7	17.7	22.3
219109109	-6.61	145.34	19.7	2.75	13.4	23.8	34.2
221110110	-7.19	127.03	23.6	2.55	20.3	31.1	40.8
223111111	-7.41	108.97	28.0	2.49	27.6	39.4	44.6
225112112	-7.22	92.64	32.9	2.54	35.4	48.3	47.1
227113113	-6.64	78.75	37.9	2.74	44.1	58.1	49.4
229114114	-5.91	66.77	43.4	3.05	54.3	69.5	51.4
231115115	-5.14	55.89	50.6	3.48	66.8	83.8	52.9
233116116	-4.45	46.33	60.3	3.99	81.6	101.4	53.5
235117117	-3.84	37.73	74.0	4.59	99.2	123.7	53.2
237118118	-3.36	30.06	94.3	5.24	119.2	151.9	51.6
239119119	-3.00	23.11	125.4	5.86	139.9	187.9	48.1
241120120	-2.73	16.89	171.8	6.41	156.1	232.2	42.3
243121121	-2.53	11.27	238.1	6.91	157.4	285.5	33.5
245122122	-2.37	6.10	320.1	7.37	122.9	342.9	21.0
247123123	-2.25	1.47	383.8	7.75	37.6	385.7	5.6
249124124	-2.17	-3.06	385.0	8.05	-81.5	393.5	-12.0
251125125	-2.11	-7.12	328.0	8.26	-165.7	367.5	-26.8
253126126	-2.06	-10.92	258.1	8.46	-203.9	328.9	-38.3
255127127	-2.03	-14.54	198.3	8.62	-211.6	290.0	-46.9
257128128	-2.00	-18.05	153.3	8.71	-204.0	255.2	-53.1
259129129	-1.97	-21.16	122.7	8.84	-193.3	229.0	-57.6
261130130	-1.96	-24.19	100.2	8.92	-180.8	206.8	-61.0
263131131	-1.91	-27.18	82.3	9.14	-169.6	188.5	-64.1
265132132	-1.84	-30.12	67.8	9.46	-159.2	173.0	-66.9
267133133	-1.78	-33.12	56.3	9.77	-148.8	159.1	-69.3
269134134	-1.75	-36.02	47.9	9.98	-139.0	147.0	-71.0
271135135	-1.70	-38.84	40.9	10.27	-130.5	136.8	-72.6
273136136	-1.66	-41.70	35.4	10.50	-122.4	127.4	-73.9
275137137	-1.61	-44.27	30.9	10.84	-115.9	120.0	-75.1
277138138	-1.56	-46.90	27.2	11.14	-109.6	113.0	-76.1
279139139	-1.52	-49.48	24.1	11.45	-104.0	106.7	-77.0
281140140	-1.49	-51.92	21.6	11.73	-98.9	101.2	-77.7
283141141	-1.44	-54.32	19.4	12.08	-94.3	96.3	-78.4
285142142	-1.38	-56.68	17.2	12.60	-90.2	91.8	-79.2
287143143	-1.34	-58.88	15.7	12.97	-86.4	87.9	-79.7
289144144	-1.29	-61.07	14.1	13.50	-83.0	84.2	-80.3
291145145	-1.24	-63.20	12.8	14.04	-79.8	80.8	-80.9
293146146	-1.18	-65.29	11.6	14.70	-76.8	77.7	-81.4
295147147	-1.14	-67.32	10.6	15.20	-74.0	74.8	-81.8
297148148	-1.11	-69.37	9.7	15.72	-71.4	72.0	-82.2
299149149	-1.07	-71.24	9.0	16.21	-69.0	69.6	-82.5
301150150	-1.03	-73.13	8.3	16.96	-66.8	67.3	-82.9
303151151	-1.00	-74.89	7.7	17.44	-64.7	65.2	-83.2
305152152	-0.97	-76.73	7.2	17.89	-62.7	63.1	-83.4
307153153	-0.95	-78.52	6.8	18.37	-60.7	61.1	-83.6
309154154	-0.93	-80.34	6.4	18.73	-58.8	59.2	-83.8
311155155	-0.92	-82.04	6.1	18.97	-57.1	57.4	-83.9
313156156	-0.92	-83.69	5.9	18.90	-55.5	55.8	-83.9
315157157	-0.94	-85.28	5.9	18.41	-53.9	54.3	-83.8
317158158	-0.97	-86.63	5.9	17.91	-52.7	53.0	-83.6
319159159	-0.96	-87.85	5.7	18.03	-51.6	51.9	-83.6
321160160	-0.93	-89.12	5.4	18.74	-50.5	50.8	-83.9
323161161	-0.89	-90.42	5.0	19.62	-49.4	49.6	-84.2
325162162	-0.86	-91.92	4.8	20.25	-48.1	48.4	-84.3
327163163	-0.84	-93.45	4.5	20.81	-46.9	47.1	-84.5
329164164	-0.81	-94.95	4.3	21.53	-45.7	45.9	-84.7
331165165	-0.79	-96.47	4.1	21.92	-44.5	44.7	-84.7
333166166	-0.78	-98.09	3.9	22.18	-43.2	43.4	-84.8
335167167	-0.78	-99.63	3.9	22.19	-42.1	42.3	-84.8
337168168	-0.79	-101.10	3.8	21.92	-41.0	41.2	-84.7
339169169	-0.80	-102.67	3.8	21.69	-39.9	40.0	-84.6
341170170	-0.82	-104.28	3.8	21.32	-38.7	38.9	-84.5
343171171	-0.82	-105.87	3.7	21.10	-37.6	37.8	-84.4
345172172	-0.84	-107.39	3.7	20.77	-36.6	36.8	-84.2
347173173	-0.85	-108.87	3.7	20.57	-35.6	35.8	-84.1
349174174	-0.86	-110.45	3.7	20.22	-34.6	34.8	-84.0
351175175	-0.87	-112.03	3.6	19.94	-33.6	33.8	-83.8
353176176	-0.88	-113.63	3.6	19.65	-32.6	32.8	-83.6
355177177	-0.91	-115.13	3.7	19.15	-31.6	31.9	-83.4
357178178	-0.92	-116.59	3.6	18.92	-30.8	31.0	-83.2
359179179	-0.93	-118.19	3.6	18.67	-29.8	30.0	-83.1
361180180	-0.95	-119.77	3.6	18.33	-28.9	29.1	-82.8
363181181	-0.96	-121.37	3.6	18.06	-28.0	28.2	-82.6
365182182	-0.98	-122.88	3.6	17.76	-27.1	27.3	-82.3
367183183	-0.99	-124.49	3.6	17.55	-26.2	26.5	-82.1
369184184	-0.99	-125.96	3.6	17.60	-25.4	25.6	-82.0
371185185	-0.99	-127.49	3.5	17.55	-24.6	24.8	-81.8
373186186	-1.00	-128.97	3.5	17.44	-23.8	24.0	-81.6
375187187	-1.00	-130.51	3.5	17.43	-23.0	23.2	-81.4
377188188	-1.00	-132.02	3.4	17.38	-22.2	22.4	-81.2
379189189	-1.00	-133.49	3.4	17.37	-21.4	21.7	-81.0
381190190	-0.99	-134.90	3.3	17.52	-20.7	20.9	-80.8
383191191	-0.99	-136.36	3.3	17.54	-19.9	20.2	-80.6
385192192	-0.99	-137.82	3.3	17.65	-19.2	19.5	-80.4
387193193	-0.98	-139.21	3.2	17.80	-18.5	18.8	-80.2
389194194	-0.97	-140.59	3.2	17.84	-17.8	18.1	-80.0
391195195	-0.97	-141.95	3.1	17.91	-17.2	17.5	-79.7
393196196	-0.96	-143.23	3.0	18.21	-16.6	16.8	-79.6
395197197	-0.95	-144.53	3.0	18.27	-15.9	16.2	-79.3
397198198	-0.93	-145.87	2.9	18.63	-15.3	15.6	-79.1
399199199	-0.93	-147.09	2.9	18.78	-14.7	15.0	-78.9
401200200	-0.92	-148.27	2.9	18.90	-14.2	14.5	-78.6
403201201	-0.91	-149.44	2.8	19.15	-13.6	13.9	-78.4
405202202	-0.90	-150.64	2.8	19.37	-13.1	13.3	-78.1
407203203	-0.89	-151.86	2.7	19.53	-12.5	12.8	-77.7
409204204	-0.88	-152.95	2.7	19.70	-12.0	12.3	-77.4
411205205	-0.88	-154.05	2.7	19.80	-11.5	11.8	-77.0
413206206	-0.88	-155.10	2.6	19.85	-11.0	11.3	-76.5
415207207	-0.87	-156.19	2.6	19.95	-10.5	10.8	-76.0
417208208	-0.87	-157.22	2.6	19.96	-10.0	10.4	-75.5
419209209	-0.88	-158.25	2.6	19.81	-9.6	9.9	-74.7
421210210	-0.88	-159.23	2.6	19.85	-9.1	9.5	-74.1
423211211	-0.88	-160.23	2.6	19.77	-8.7	9.1	-73.3
425212212	-0.89	-161.18	2.6	19.60	-8.3	8.7	-72.4
427213213	-0.90	-162.16	2.7	19.26	-7.8	8.3	-71.2
429214214	-0.92	-163.09	2.7	19.00	-7.4	7.9	-70.1
431215215	-0.93	-164.07	2.7	18.79	-7.0	7.5	-68.7
433216216	-0.94	-164.97	2.8	18.42	-6.6	7.1	-67.2
435217217	-0.96	-165.89	2.8	18.09	-6.2	6.8	-65.5
437218218	-0.99	-166.77	2.9	17.64	-5.8	6.5	-63.6
439219219	-1.00	-167.71	2.9	17.35	-5.4	6.1	-61.5
441220220	-1.03	-168.60	3.0	16.95	-5.0	5.8	-59.1
443221221	-1.05	-169.54	3.0	16.53	-4.6	5.5	-56.2
445222222	-1.08	-170.40	3.1	16.10	-4.2	5.2	-53.2
447223223	-1.11	-171.30	3.2	15.64	-3.8	5.0	-49.7
449224224	-1.14	-172.20	3.3	15.27	-3.4	4.7	-45.9
451225225	-1.17	-173.17	3.4	14.91	-3.0	4.5	-41.4
453226226	-1.20	-174.11	3.4	14.56	-2.6	4.3	-36.7
455227227	-1.23	-175.01	3.5	14.11	-2.2	4.2	-31.4
457228228	-1.27	-175.97	3.6	13.75	-1.8	4.0	-25.7
459229229	-1.29	-176.91	3.7	13.46	-1.3	4.0	-19.8
461230230	-1.33	-177.91	3.8	13.11	-0.9	3.9	-13.4
463231231	-1.36	-178.86	3.9	12.83	-0.5	3.9	-7.3
465232232	-1.38	-179.85	4.0	12.57	-0.1	4.0	-0.9
467233233	-1.41	179.23	4.1	12.30	0.3	4.1	4.7
469234234	-1.44	178.22	4.1	12.06	0.8	4.2	10.6
471235235	-1.47	177.15	4.2	11.84	1.2	4.4	16.3
473236236	-1.50	176.16	4.3	11.62	1.7	4.6	21.1
475237237	-1.52	175.10	4.4	11.45	2.1	4.9	25.9
477238238	-1.54	174.10	4.4	11.29	2.6	5.1	29.9
479239239	-1.55	173.11	4.5	11.20	3.0	5.4	33.7
481240240	-1.58	172.03	4.5	11.05	3.5	5.7	37.2
483241241	-1.59	170.94	4.6	10.98	3.9	6.0	40.6
485242242	-1.60	169.87	4.6	10.87	4.4	6.4	43.5
487243243	-1.61	168.83	4.7	10.80	4.8	6.7	46.0
489244244	-1.62	167.73	4.7	10.76	5.3	7.1	48.6
491245245	-1.63	166.73	4.7	10.69	5.8	7.5	50.6
493246246	-1.64	165.67	4.8	10.64	6.2	7.8	52.5
495247247	-1.65	164.57	4.8	10.59	6.7	8.3	54.4
497248248	-1.65	163.57	4.8	10.54	7.2	8.6	55.9
499249249	-1.65	162.51	4.8	10.57	7.6	9.0	57.6
501250250	-1.64	161.37	4.8	10.63	8.1	9.5	59.3
503251251	-1.64	160.35	4.8	10.63	8.6	9.9	60.5
505252252	-1.63	159.31	4.8	10.69	9.0	10.3	61.9
507253253	-1.63	158.24	4.8	10.72	9.5	10.7	63.1
509254254	-1.63	157.18	4.9	10.71	10.0	11.1	64.1
511255255	-1.62	156.08	4.8	10.77	10.5	11.6	65.2
513256256	-1.62	154.95	4.9	10.77	11.0	12.0	66.1
515257257	-1.59	153.89	4.8	10.93	11.5	12.5	67.2
517258258	-1.59	152.89	4.8	10.96	12.0	12.9	68.0
519259259	-1.59	151.80	4.8	10.98	12.4	13.4	68.8
521260260	-1.58	150.79	4.8	11.02	12.9	13.8	69.5
523261261	-1.57	149.62	4.8	11.12	13.5	14.3	70.3
525262262	-1.56	148.59	4.8	11.18	13.9	14.7	70.9
527263263	-1.56	147.56	4.9	11.14	14.4	15.2	71.4
529264264	-1.56	146.46	4.9	11.16	14.9	15.7	71.9
531265265	-1.56	145.34	4.9	11.16	15.5	16.2	72.4
533266266	-1.56	144.21	4.9	11.19	16.0	16.7	72.9
535267267	-1.54	143.14	4.9	11.29	16.5	17.2	73.4
537268268	-1.55	142.05	5.0	11.26	17.0	17.7	73.8
539269269	-1.54	140.89	5.0	11.34	17.6	18.3	74.3
541270270	-1.53	139.80	5.0	11.35	18.1	18.8	74.6
543271271	-1.54	138.64	5.0	11.32	18.7	19.4	74.9
545272272	-1.56	137.58	5.1	11.17	19.2	19.9	75.0
547273273	-1.56	136.34	5.2	11.18	19.8	20.5	75.4
549274274	-1.56	135.13	5.2	11.13	20.4	21.1	75.6
551275275	-1.58	133.96	5.3	11.06	21.0	21.7	75.8
553276276	-1.59	132.73	5.4	10.97	21.7	22.3	76.0
555277277	-1.61	131.44	5.5	10.85	22.3	23.0	76.1
557278278	-1.62	130.29	5.6	10.76	22.9	23.6	76.2
559279279	-1.63	128.98	5.7	10.71	23.6	24.3	76.4
561280280	-1.65	127.69	5.9	10.58	24.3	25.0	76.4
563281281	-1.67	126.29	6.0	10.41	25.0	25.7	76.5
565282282	-1.69	125.00	6.2	10.29	25.7	26.4	76.5
567283283	-1.72	123.70	6.3	10.13	26.4	27.2	76.5
569284284	-1.77	122.41	6.6	9.88	27.1	27.9	76.4
571285285	-1.79	120.96	6.8	9.74	27.9	28.7	76.4
573286286	-1.83	119.58	7.0	9.54	28.7	29.5	76.3
575287287	-1.86	118.23	7.2	9.36	29.4	30.3	76.2
577288288	-1.90	116.82	7.5	9.20	30.2	31.2	76.2
579289289	-1.94	115.41	7.7	9.00	31.1	32.0	76.0
581290290	-2.00	113.91	8.1	8.74	31.9	32.9	75.8
583291291	-2.04	112.62	8.4	8.56	32.7	33.7	75.6
585292292	-2.09	111.17	8.7	8.37	33.5	34.7	75.4
587293293	-2.14	109.67	9.1	8.17	34.4	35.6	75.2
589294294	-2.17	108.21	9.4	8.03	35.3	36.6	75.1
591295295	-2.22	106.68	9.8	7.87	36.3	37.6	74.9
593296296	-2.29	105.25	10.3	7.63	37.2	38.6	74.6
595297297	-2.35	103.87	10.7	7.44	38.0	39.5	74.3
597298298	-2.41	102.44	11.2	7.26	38.9	40.5	74.0
599299299	-2.47	101.13	11.7	7.07	39.8	41.4	73.6
601300300	-2.55	99.84	12.3	6.86	40.6	42.4	73.2
603301301	-2.62	98.62	12.8	6.68	41.3	43.3	72.8
605302302	-2.69	97.29	13.4	6.50	42.2	44.3	72.4
607303303	-2.76	96.24	13.9	6.35	42.9	45.1	72.0
609304304	-2.83	95.29	14.5	6.19	43.5	45.8	71.6
611305305	-2.90	94.42	15.0	6.04	44.0	46.5	71.1
613306306	-2.95	93.51	15.5	5.95	44.6	47.2	70.9
615307307	-3.02	92.76	16.0	5.82	45.0	47.8	70.5
617308308	-3.04	92.12	16.3	5.77	45.5	48.3	70.3
619309309	-3.06	91.51	16.5	5.73	45.9	48.8	70.2
621310310	-3.07	91.06	16.7	5.71	46.2	49.1	70.1
623311311	-3.07	90.45	16.9	5.71	46.7	49.6	70.1
625312312	-3.04	89.96	16.8	5.77	47.1	50.0	70.3
627313313	-3.01	89.39	16.8	5.84	47.6	50.5	70.6
629314314	-2.95	88.70	16.7	5.94	48.3	51.1	70.9
631315315	-2.87	88.05	16.5	6.10	48.9	51.6	71.4
633316316	-2.81	87.42	16.3	6.23	49.6	52.2	71.7
635317317	-2.74	86.65	16.2	6.39	50.3	52.9	72.2
637318318	-2.65	85.78	15.9	6.61	51.2	53.6	72.7
639319319	-2.56	84.76	15.7	6.83	52.3	54.6	73.3
641320320	-2.48	83.82	15.5	7.07	53.3	55.5	73.8
643321321	-2.40	82.90	15.3	7.28	54.2	56.4	74.2
645322322	-2.33	81.90	15.2	7.49	55.3	57.3	74.6
647323323	-2.25	80.79	15.0	7.75	56.5	58.4	75.1
649324324	-2.16	79.75	14.7	8.09	57.7	59.5	75.7
651325325	-2.11	78.56	14.8	8.27	59.0	60.8	75.9
653326326	-2.07	77.41	14.9	8.41	60.2	62.0	76.1
655327327	-2.01	76.23	14.8	8.66	61.6	63.3	76.5
657328328	-1.97	75.12	14.9	8.85	62.8	64.6	76.7
659329329	-1.93	73.88	15.0	9.05	64.3	66.0	76.9
661330330	-1.90	72.36	15.3	9.16	66.1	67.8	76.9
663331331	-1.85	70.97	15.4	9.43	67.8	69.6	77.2
665332332	-1.84	69.82	15.8	9.47	69.3	71.0	77.2
667333333	-1.83	68.66	16.1	9.51	70.7	72.6	77.1
669334334	-1.83	67.38	16.6	9.55	72.4	74.3	77.1
671335335	-1.81	66.10	17.0	9.64	74.1	76.1	77.1
673336336	-1.78	64.82	17.3	9.78	76.0	77.9	77.1
675337337	-1.78	63.50	17.9	9.79	77.8	79.9	77.0
677338338	-1.80	62.18	18.9	9.66	79.7	81.9	76.7
679339339	-1.82	60.86	19.7	9.60	81.6	84.0	76.4
681340340	-1.81	59.67	20.3	9.62	83.5	85.9	76.3
683341341	-1.82	58.22	21.4	9.56	85.8	88.4	76.0
685342342	-1.84	56.68	22.6	9.47	88.3	91.1	75.7
687343343	-1.88	55.26	24.0	9.29	90.6	93.7	75.2
689344344	-1.91	53.77	25.6	9.15	93.1	96.6	74.7
691345345	-1.93	52.30	27.1	9.04	95.7	99.5	74.2
693346346	-1.97	50.64	29.1	8.88	98.7	103.0	73.6
695347347	-2.02	48.98	31.6	8.66	101.8	106.6	72.8
697348348	-2.05	47.22	34.1	8.51	105.2	110.6	72.0
699349349	-2.10	45.51	37.1	8.33	108.6	114.7	71.1
701350350	-2.14	43.77	40.3	8.17	112.2	119.2	70.2
703351351	-2.19	41.98	44.2	7.97	115.9	124.0	69.1
705352352	-2.21	40.19	47.9	7.91	120.1	129.3	68.3
707353353	-2.27	38.35	52.8	7.71	124.1	134.9	67.0
709354354	-2.32	36.33	58.7	7.53	128.7	141.4	65.5
711355355	-2.36	34.41	64.9	7.40	133.2	148.1	64.0
713356356	-2.42	32.33	72.6	7.24	137.9	155.8	62.2
715357357	-2.46	30.44	80.4	7.12	142.2	163.4	60.5
717358358	-2.49	28.44	89.7	7.03	147.0	172.2	58.6
719359359	-2.54	26.61	99.6	6.88	150.2	180.2	56.5
721360360	-2.57	24.48	112.1	6.81	154.6	191.0	54.1
723361361	-2.60	22.46	125.5	6.74	158.1	201.9	51.6
725362362	-2.63	20.41	141.0	6.67	160.2	213.4	48.7
727363363	-2.66	18.21	159.8	6.59	160.8	226.7	45.2
729364364	-2.66	16.10	179.8	6.57	160.1	240.8	41.7
731365365	-2.69	13.90	202.8	6.52	155.0	255.3	37.4
733366366	-2.71	12.07	222.9	6.47	147.2	267.1	33.4
735367367	-2.72	9.93	247.1	6.44	134.0	281.0	28.5
737368368	-2.73	7.73	271.6	6.43	114.5	294.8	22.9
739369369	-2.72	5.66	292.7	6.43	90.5	306.4	17.2
741370370	-2.73	3.50	309.2	6.41	59.0	314.8	10.8
743371371	-2.74	1.39	317.6	6.39	24.0	318.5	4.3
745372372	-2.76	-0.83	317.2	6.36	-14.3	317.6	-2.6
747373373	-2.77	-2.93	308.9	6.34	-48.8	312.7	-9.0
749374374	-2.77	-5.14	293.2	6.33	-81.0	304.2	-15.4
751375375	-2.78	-7.09	274.2	6.29	-103.8	293.2	-20.7
753376376	-2.78	-9.12	253.1	6.30	-123.3	281.6	-26.0
755377377	-2.81	-11.29	228.3	6.25	-136.0	265.8	-30.8
757378378	-2.81	-13.31	206.6	6.23	-144.3	252.0	-34.9
759379379	-2.85	-15.35	185.7	6.16	-147.4	237.1	-38.4
761380380	-2.86	-17.49	166.1	6.12	-148.6	222.9	-41.8
763381381	-2.91	-19.44	150.1	6.03	-146.6	209.8	-44.3
765382382	-2.93	-21.52	135.2	5.99	-144.4	197.8	-46.9
767383383	-2.97	-23.55	122.4	5.91	-140.5	186.3	-48.9
769384384	-3.02	-25.62	111.3	5.81	-135.6	175.4	-50.6
771385385	-3.10	-27.61	102.2	5.67	-130.0	165.4	-51.8
773386386	-3.18	-29.62	94.3	5.53	-124.6	156.2	-52.9
775387387	-3.28	-31.49	88.1	5.37	-119.1	148.1	-53.5
777388388	-3.39	-33.44	82.4	5.20	-113.6	140.4	-54.0
779389389	-3.51	-35.26	78.0	5.01	-108.3	133.5	-54.2
781390390	-3.66	-36.96	74.6	4.81	-103.2	127.3	-54.1
783391391	-3.81	-38.55	71.8	4.63	-98.7	122.0	-54.0
785392392	-3.94	-39.93	69.5	4.48	-94.9	117.7	-53.8
787393393	-4.11	-40.94	68.5	4.30	-91.3	114.1	-53.1
789394394	-4.22	-41.95	67.1	4.19	-88.7	111.2	-52.9
791395395	-4.34	-42.70	66.3	4.09	-86.4	108.9	-52.5
793396396	-4.42	-43.19	65.9	4.01	-84.8	107.4	-52.2
795397397	-4.44	-43.71	65.0	4.00	-84.1	106.3	-52.3
797398398	-4.41	-44.00	64.2	4.03	-84.3	106.0	-52.7
799399399	-4.28	-44.27	62.9	4.14	-85.6	106.2	-53.7
801400400	-4.09	-44.83	60.5	4.33	-87.3	106.2	-55.3
803401401	-3.86	-45.95	56.6	4.58	-88.8	105.3	-57.5
805402402	-3.61	-47.75	51.5	4.88	-89.1	102.9	-60.0
807403403	-3.37	-49.87	46.1	5.21	-88.5	99.8	-62.5
809404404	-3.16	-52.52	40.6	5.55	-86.5	95.6	-64.9
811405405	-3.00	-55.29	35.9	5.85	-83.7	91.1	-66.8
813406406	-2.88	-58.47	31.7	6.08	-80.0	86.1	-68.4
815407407	-2.80	-61.69	28.4	6.25	-76.1	81.2	-69.5
817408408	-2.74	-64.84	25.7	6.39	-72.4	76.8	-70.5
819409409	-2.72	-68.00	23.6	6.45	-68.7	72.6	-71.1
821410410	-2.71	-70.99	21.9	6.47	-65.4	68.9	-71.5
823411411	-2.70	-74.16	20.3	6.49	-62.0	65.3	-71.8
825412412	-2.71	-77.26	19.1	6.47	-58.9	61.9	-72.0
827413413	-2.70	-80.13	18.0	6.48	-56.1	59.0	-72.2
829414414	-2.72	-83.08	17.1	6.44	-53.4	56.1	-72.2
831415415	-2.73	-85.93	16.3	6.41	-50.9	53.5	-72.2
833416416	-2.76	-88.67	15.7	6.35	-48.6	51.1	-72.1
835417417	-2.77	-91.37	15.1	6.33	-46.5	48.9	-72.0
837418418	-2.80	-94.04	14.6	6.27	-44.4	46.8	-71.8
839419419	-2.81	-96.56	14.1	6.24	-42.6	44.8	-71.7
841420420	-2.80	-99.20	13.5	6.26	-40.7	42.9	-71.6
843421421	-2.82	-101.56	13.2	6.21	-39.1	41.2	-71.3
845422422	-2.83	-103.96	12.8	6.20	-37.5	39.6	-71.2
847423423	-2.85	-106.24	12.5	6.15	-36.0	38.1	-70.8
849424424	-2.87	-108.38	12.3	6.10	-34.6	36.7	-70.5
851425425	-2.88	-110.67	12.0	6.08	-33.2	35.3	-70.1
853426426	-2.89	-112.82	11.7	6.07	-31.9	34.0	-69.8
855427427	-2.90	-114.95	11.5	6.04	-30.7	32.8	-69.4
857428428	-2.93	-116.91	11.4	5.98	-29.5	31.6	-68.9
859429429	-2.95	-118.90	11.2	5.94	-28.4	30.5	-68.4
861430430	-2.97	-120.83	11.1	5.90	-27.3	29.5	-67.9
863431431	-2.99	-122.80	11.0	5.87	-26.2	28.4	-67.3
865432432	-3.00	-124.69	10.8	5.86	-25.2	27.4	-66.8
867433433	-3.02	-126.58	10.7	5.81	-24.2	26.5	-66.2
869434434	-3.06	-128.48	10.7	5.73	-23.2	25.6	-65.3
871435435	-3.08	-130.33	10.6	5.70	-22.3	24.7	-64.6
873436436	-3.10	-132.13	10.5	5.66	-21.4	23.8	-63.8
875437437	-3.14	-133.98	10.5	5.60	-20.4	23.0	-62.8
877438438	-3.16	-135.86	10.4	5.55	-19.5	22.1	-61.9
879439439	-3.19	-137.63	10.4	5.50	-18.6	21.4	-60.8
881440440	-3.23	-139.37	10.4	5.45	-17.8	20.6	-59.7
883441441	-3.24	-141.19	10.3	5.43	-16.9	19.8	-58.7
885442442	-3.25	-142.91	10.2	5.41	-16.1	19.1	-57.6
887443443	-3.26	-144.74	10.2	5.39	-15.3	18.4	-56.3
889444444	-3.27	-146.56	10.1	5.37	-14.5	17.6	-55.0
891445445	-3.28	-148.37	10.1	5.36	-13.6	16.9	-53.6
893446446	-3.29	-150.15	10.0	5.35	-12.8	16.3	-52.1
895447447	-3.30	-151.99	9.9	5.34	-12.0	15.6	-50.4
897448448	-3.29	-153.73	9.9	5.34	-11.2	15.0	-48.7
899449449	-3.30	-155.45	9.8	5.32	-10.5	14.4	-46.8
901450450	-3.30	-157.24	9.7	5.33	-9.7	13.7	-44.8
903451451	-3.28	-158.99	9.6	5.36	-8.9	13.1	-42.9
905452452	-3.27	-160.77	9.6	5.37	-8.2	12.6	-40.5
907453453	-3.24	-162.45	9.4	5.42	-7.5	12.0	-38.3
909454454	-3.21	-164.09	9.3	5.47	-6.8	11.5	-35.9
911455455	-3.20	-165.82	9.2	5.50	-6.0	11.0	-33.1
913456456	-3.17	-167.21	9.1	5.54	-5.4	10.6	-30.7
915457457	-3.11	-169.12	8.9	5.65	-4.6	10.0	-27.3
917458458	-3.07	-170.64	8.8	5.72	-4.0	9.7	-24.3
919459459	-3.03	-172.27	8.7	5.79	-3.3	9.3	-20.7
921460460	-2.99	-173.85	8.5	5.87	-2.6	8.9	-17.0
923461461	-2.93	-175.30	8.4	5.98	-2.0	8.6	-13.4
925462462	-2.89	-176.84	8.2	6.07	-1.3	8.3	-9.2
927463463	-2.83	-178.23	8.1	6.20	-0.8	8.1	-5.3
929464464	-2.79	-179.60	8.0	6.28	-0.2	8.0	-1.2
931465465	-2.73	178.98	7.8	6.41	0.4	7.8	3.2
933466466	-2.68	177.63	7.7	6.54	1.0	7.7	7.5
935467467	-2.62	176.32	7.5	6.69	1.6	7.6	11.9
937468468	-2.56	174.97	7.3	6.85	2.1	7.6	16.4
939469469	-2.50	173.67	7.2	6.99	2.7	7.7	20.7
941470470	-2.45	172.33	7.0	7.14	3.3	7.8	25.0
943471471	-2.39	171.12	6.9	7.32	3.8	7.9	29.0
945472472	-2.33	169.89	6.7	7.49	4.3	8.0	32.8
947473473	-2.28	168.71	6.6	7.66	4.9	8.2	36.4
949474474	-2.22	167.56	6.4	7.86	5.4	8.4	39.8
951475475	-2.16	166.28	6.3	8.07	5.9	8.6	43.3
953476476	-2.11	165.08	6.2	8.26	6.5	8.9	46.4
955477477	-2.05	163.90	6.0	8.53	7.0	9.2	49.4
957478478	-2.01	162.85	5.9	8.67	7.4	9.5	51.6
959479479	-1.96	161.60	5.8	8.89	8.0	9.9	54.2
961480480	-1.90	160.47	5.6	9.17	8.5	10.2	56.6
963481481	-1.86	159.29	5.5	9.40	9.0	10.6	58.7
965482482	-1.82	158.19	5.4	9.59	9.5	11.0	60.4
967483483	-1.77	156.96	5.3	9.83	10.1	11.4	62.3
969484484	-1.73	155.74	5.2	10.08	10.6	11.8	64.0
971485485	-1.66	154.60	5.0	10.52	11.2	12.2	65.9
973486486	-1.63	153.43	4.9	10.69	11.7	12.7	67.1
975487487	-1.57	152.21	4.8	11.13	12.3	13.2	68.8
977488488	-1.53	151.08	4.7	11.37	12.8	13.6	69.9
979489489	-1.48	149.69	4.6	11.73	13.4	14.2	71.2
981490490	-1.44	148.52	4.5	12.06	14.0	14.7	72.3
983491491	-1.39	147.29	4.3	12.51	14.6	15.2	73.4
985492492	-1.34	146.03	4.2	13.01	15.2	15.7	74.5
987493493	-1.29	144.77	4.1	13.51	15.8	16.3	75.5
989494494	-1.24	143.44	4.0	14.01	16.4	16.9	76.5
991495495	-1.18	142.06	3.8	14.78	17.1	17.5	77.5
993496496	-1.13	140.70	3.7	15.40	17.8	18.1	78.4
995497497	-1.08	139.36	3.5	16.06	18.4	18.8	79.1
997498498	-1.04	138.02	3.4	16.78	19.1	19.4	79.9
999499499	-0.99	136.59	3.3	17.64	19.8	20.1	80.6
1001500500	-0.94	135.30	3.2	18.52	20.5	20.7	81.2
1003501501	-0.90	133.69	3.1	19.34	21.3	21.5	81.8
1005502502	-0.84	132.20	2.9	20.58	22.1	22.3	82.5
1007503503	-0.78	130.78	2.7	22.34	22.8	23.0	83.2
1009504504	-0.74	129.10	2.6	23.56	23.7	23.9	83.7
1011505505	-0.68	127.68	2.4	25.48	24.5	24.6	84.3
1013506506	-0.61	126.05	2.2	28.53	25.4	25.5	85.0
1015507507	-0.56	124.46	2.1	31.11	26.3	26.4	85.5
1017508508	-0.51	122.82	1.9	34.08	27.2	27.3	86.0
1019509509	-0.45	121.22	1.7	38.32	28.1	28.2	86.5
1021510510	-0.40	119.60	1.5	43.25	29.1	29.1	87.0
1023511511	-0.38	118.08	1.5	45.43	30.0	30.0	87.1
1025512512	-0.33	116.45	1.3	53.23	31.0	31.0	87.6
1027513513	-0.29	114.70	1.2	60.56	32.0	32.0	87.9
1029514514	-0.27	113.14	1.1	65.13	33.0	33.0	88.1
1031515515	-0.24	111.42	1.0	71.59	34.1	34.1	88.3
1033516516	-0.23	109.84	1.0	75.06	35.1	35.1	88.4
1035517517	-0.20	108.17	0.9	85.01	36.2	36.2	88.6
1037518518	-0.19	106.54	0.8	92.12	37.3	37.3	88.7
1039519519	-0.20	104.96	0.9	86.88	38.4	38.4	88.6
1041520520	-0.20	103.29	0.9	85.99	39.6	39.6	88.6
1043521521	-0.19	101.53	0.9	89.40	40.8	40.8	88.7
1045522522	-1.47	160.80	4.3	11.83	8.4	9.5	62.6
1047523523	-0.19	145.89	0.6	89.95	15.3	15.3	87.7
1049524524	-0.73	95.52	3.8	23.89	45.3	45.4	85.2
1051525525	-1.29	88.70	7.6	13.46	50.6	51.1	81.5
1053526526	-1.35	86.56	8.2	12.87	52.4	53.1	81.1
1055527527	-1.39	84.31	8.8	12.55	54.5	55.2	80.8
1057528528	-1.43	81.99	9.4	12.21	56.6	57.4	80.5
1059529529	-1.47	79.66	10.2	11.85	58.9	59.8	80.2
1061530530	-1.51	77.57	10.9	11.51	61.0	62.0	79.8
1063531531	-1.59	75.09	12.1	10.97	63.6	64.8	79.2
1065532532	-1.65	72.71	13.3	10.54	66.2	67.5	78.7
1067533533	-1.70	70.24	14.5	10.23	69.1	70.6	78.2
1069534534	-1.80	67.66	16.2	9.71	72.1	73.9	77.3
1071535535	-1.88	65.23	18.1	9.26	75.1	77.2	76.5
1073536536	-1.99	62.65	20.4	8.75	78.3	80.9	75.4
1075537537	-2.09	59.85	23.0	8.36	82.1	85.3	74.3
1077538538	-2.23	56.99	26.5	7.84	85.9	89.9	72.8
1079539539	-2.37	54.46	30.3	7.36	89.2	94.2	71.2
1081540540	-2.55	51.64	35.2	6.86	92.7	99.2	69.2
1083541541	-2.72	49.14	40.3	6.44	95.7	103.8	67.2
1085542542	-2.92	46.23	46.9	6.01	98.8	109.4	64.6
1087543543	-3.19	43.40	55.0	5.51	100.6	114.6	61.3
1089544544	-3.45	40.43	64.0	5.10	101.7	120.1	57.8
1091545545	-3.72	37.76	73.0	4.74	101.1	124.7	54.2
1093546546	-4.03	34.70	83.6	4.39	99.0	129.6	49.8
1095547547	-4.39	31.75	94.1	4.04	94.0	133.0	45.0
1097548548	-4.73	28.55	104.5	3.76	87.3	136.1	39.9
1099549549	-5.17	25.28	113.4	3.46	76.7	136.9	34.1
1101550550	-5.68	21.82	119.6	3.17	63.3	135.4	27.9
1103551551	-6.23	17.95	123.1	2.91	48.6	132.3	21.6
1105552552	-6.75	14.03	123.5	2.70	35.0	128.4	15.8
1107553553	-7.36	10.07	120.1	2.50	22.1	122.1	10.4
1109554554	-8.08	5.55	114.0	2.30	10.3	114.5	5.2
1111555555	-8.78	0.98	107.2	2.14	1.5	107.2	0.8
1113556556	-9.55	-4.64	99.5	2.00	-6.0	99.6	-3.5
1115557557	-10.34	-10.11	91.9	1.87	-10.8	92.6	-6.7
1117558558	-11.14	-17.04	84.4	1.77	-14.9	85.7	-10.0
1119559559	-11.91	-23.97	77.9	1.68	-17.2	79.8	-12.4
1121560560	-12.69	-32.86	71.3	1.60	-19.0	73.7	-14.9
1123561561	-13.39	-42.33	65.4	1.54	-19.8	68.3	-16.8
1125562562	-14.02	-53.23	59.9	1.50	-19.9	63.1	-18.4
1127563563	-14.41	-65.06	55.0	1.47	-19.7	58.5	-19.7
1129564564	-14.62	-76.87	50.8	1.46	-19.1	54.3	-20.6
1131565565	-14.55	-88.94	46.9	1.46	-18.2	50.3	-21.2
1133566566	-14.21	-99.84	43.5	1.48	-17.4	46.9	-21.8
1135567567	-13.76	-110.30	40.4	1.52	-16.2	43.6	-21.9
1137568568	-13.28	-119.17	37.9	1.55	-15.0	40.7	-21.7
1139569569	-12.76	-127.21	35.6	1.60	-13.8	38.1	-21.2
1141570570	-12.16	-134.28	33.4	1.65	-12.6	35.7	-20.6
1143571571	-11.59	-140.89	31.5	1.71	-11.2	33.4	-19.6
1145572572	-11.01	-147.41	29.6	1.78	-9.8	31.2	-18.2
1147573573	-10.46	-153.12	28.0	1.86	-8.3	29.2	-16.6
1149574574	-9.93	-158.10	26.5	1.94	-7.0	27.4	-14.8
1151575575	-9.41	-162.73	25.1	2.02	-5.7	25.8	-12.8
1153576576	-8.96	-167.30	23.9	2.11	-4.3	24.3	-10.2
1155577577	-8.51	-171.37	22.8	2.20	-3.0	23.0	-7.5
1157578578	-8.11	-175.15	21.8	2.29	-1.7	21.9	-4.5
1159579579	-7.71	-178.95	20.8	2.40	-0.4	20.8	-1.0
1161580580	-7.28	177.85	19.8	2.52	0.8	19.8	2.3
1163581581	-6.92	174.27	19.0	2.64	2.1	19.1	6.5
1165582582	-6.58	171.00	18.2	2.76	3.4	18.5	10.6
1167583583	-6.28	167.95	17.5	2.88	4.6	18.1	14.8
1169584584	-5.94	164.91	16.7	3.04	5.9	17.7	19.4
1171585585	-5.69	161.92	16.2	3.16	7.1	17.7	23.8
1173586586	-5.42	158.91	15.6	3.31	8.4	17.7	28.4
1175587587	-5.17	156.32	15.0	3.46	9.6	17.8	32.5
1177588588	-4.95	153.43	14.6	3.61	10.9	18.2	36.7
1179589589	-4.73	150.91	14.1	3.76	12.0	18.5	40.4
1181590590	-4.53	148.16	13.7	3.92	13.3	19.1	44.0
1183591591	-4.41	145.60	13.5	4.02	14.4	19.8	46.8
1185592592	-4.30	143.02	13.4	4.12	15.6	20.6	49.4
1187593593	-4.16	140.73	13.2	4.25	16.7	21.3	51.8
1189594594	-4.09	138.57	13.1	4.33	17.8	22.1	53.6
1191595595	-3.98	136.46	12.9	4.44	18.8	22.8	55.5
1193596596	-3.91	134.34	12.9	4.51	19.8	23.7	56.9
1195597597	-3.80	132.44	12.7	4.64	20.8	24.4	58.5
1197598598	-3.75	130.60	12.7	4.71	21.8	25.2	59.6
1199599599	-3.64	128.11	12.6	4.84	23.1	26.3	61.3
1201600600	-3.59	126.59	12.6	4.91	23.9	27.0	62.1
1203601601	-3.47	124.60	12.4	5.07	25.0	27.9	63.5
1205602602	-3.38	122.42	12.4	5.21	26.2	28.9	64.7
1207603603	-3.32	120.49	12.4	5.29	27.2	29.9	65.5
1209604604	-3.30	118.31	12.6	5.33	28.4	31.1	66.1
1211605605	-3.19	116.21	12.4	5.51	29.7	32.2	67.3
1213606606	-3.13	113.80	12.5	5.60	31.1	33.6	68.1
1215607607	-3.15	111.38	12.9	5.58	32.5	35.0	68.3
1217608608	-3.08	109.47	13.0	5.69	33.7	36.2	69.0
1219609609	-3.07	107.23	13.3	5.71	35.1	37.6	69.3
1221610610	-3.03	104.95	13.5	5.78	36.6	39.0	69.8
1223611611	-2.99	102.88	13.7	5.86	38.0	40.4	70.2
1225612612	-2.97	100.71	14.0	5.91	39.5	41.9	70.5
1227613613	-2.90	98.83	14.1	6.04	40.8	43.2	71.0
1229614614	-2.85	96.74	14.3	6.14	42.4	44.7	71.4
1231615615	-2.74	94.98	14.1	6.38	43.8	46.0	72.1
1233616616	-2.59	92.75	13.8	6.76	45.7	47.8	73.2
1235617617	-2.39	90.78	13.2	7.33	47.5	49.4	74.5
1237618618	-2.17	88.21	12.6	8.05	50.0	51.5	75.8
1239619619	-1.95	85.22	12.0	8.97	52.9	54.2	77.2
1241620620	-1.71	82.29	11.2	10.20	56.0	57.1	78.7
1243621621	-1.49	78.71	10.5	11.69	59.9	60.8	80.0
1245622622	-1.26	74.84	9.7	13.83	64.4	65.2	81.4
1247623623	-1.00	70.43	8.6	17.43	70.1	70.7	83.0
1249624624	-0.83	66.22	8.0	20.91	76.1	76.5	84.0
1251625625	-0.67	61.60	7.4	25.77	83.4	83.7	85.0
1253626626	-0.56	56.89	7.1	30.96	91.9	92.2	85.6
1255627627	-0.49	52.25	7.2	35.59	101.5	101.8	85.9
1257628628	-0.43	47.61	7.6	40.31	112.9	113.2	86.2
1259629629	-0.37	42.59	8.0	47.32	127.9	128.1	86.4
1261630630	-0.37	38.07	9.9	47.42	144.3	144.7	86.1
1263631631	-0.39	33.30	13.7	44.05	166.2	166.7	85.3
1265632632	-0.47	28.95	21.5	36.87	191.4	192.6	83.6
1267633633	-0.52	24.34	32.8	33.67	227.3	229.7	81.8
1269634634	-0.63	19.96	57.7	27.67	272.3	278.4	78.0
1271635635	-0.74	15.72	104.3	23.39	329.9	346.0	72.4
1273636636	-0.86	11.64	194.7	20.21	396.0	441.3	63.8
1275637637	-1.01	7.71	368.9	17.17	423.4	561.6	48.9
1277638638	-1.18	3.89	591.4	14.80	295.5	661.1	26.5
1279639639	-1.35	0.28	645.2	12.92	20.5	645.5	1.8
1281640640	-1.50	-3.43	517.2	11.57	-177.6	546.8	-19.0
1283641641	-1.68	-6.91	373.6	10.36	-230.7	439.1	-31.7
1285642642	-1.88	-10.47	271.7	9.29	-226.5	353.7	-39.8
1287643643	-2.09	-13.88	208.3	8.33	-205.3	292.5	-44.6
1289644644	-2.32	-17.12	168.5	7.54	-183.8	249.4	-47.5
1291645645	-2.50	-20.70	137.3	7.01	-166.6	215.8	-50.5
1293646646	-2.69	-24.08	116.2	6.51	-150.7	190.3	-52.4
1295647647	-2.91	-27.01	103.0	6.02	-136.9	171.4	-53.0
1297648648	-3.09	-30.19	91.0	5.68	-125.9	155.4	-54.1
1299649649	-3.28	-33.53	81.1	5.36	-115.7	141.3	-55.0
1301650650	-3.48	-36.78	73.4	5.06	-106.7	129.5	-55.5
1303651651	-3.65	-40.09	66.6	4.83	-99.3	119.5	-56.1
1305652652	-3.80	-43.41	60.9	4.65	-92.7	110.9	-56.7
1307653653	-3.94	-46.37	56.6	4.48	-87.3	104.0	-57.0
1309654654	-4.06	-49.62	52.3	4.35	-82.2	97.4	-57.5
1311655655	-4.18	-52.67	48.9	4.23	-77.7	91.8	-57.8
1313656656	-4.33	-55.88	45.9	4.09	-73.1	86.3	-57.9
1315657657	-4.43	-58.87	43.2	4.01	-69.5	81.8	-58.2
1317658658	-4.49	-61.72	40.8	3.95	-66.4	77.9	-58.5
1319659659	-4.56	-64.91	38.3	3.90	-63.2	73.9	-58.8
1321660660	-4.61	-67.68	36.4	3.86	-60.5	70.6	-59.0
1323661661	-4.64	-70.36	34.6	3.83	-58.1	67.6	-59.3
1325662662	-4.64	-73.30	32.6	3.83	-55.8	64.6	-59.7
1327663663	-4.66	-75.88	31.1	3.82	-53.7	62.1	-59.9
1329664664	-4.69	-78.41	29.9	3.79	-51.6	59.7	-60.0
1331665665	-4.67	-80.79	28.5	3.81	-50.0	57.5	-60.3
1333666666	-4.67	-83.16	27.4	3.81	-48.2	55.5	-60.4
1335667667	-4.64	-85.45	26.2	3.84	-46.7	53.6	-60.7
1337668668	-4.61	-87.56	25.2	3.86	-45.3	51.9	-60.9
1339669669	-4.57	-89.73	24.2	3.88	-44.0	50.2	-61.1
1341670670	-4.55	-91.99	23.3	3.90	-42.5	48.5	-61.2
1343671671	-4.53	-93.96	22.6	3.92	-41.3	47.1	-61.3
1345672672	-4.48	-95.91	21.7	3.97	-40.2	45.7	-61.6
1347673673	-4.41	-97.73	20.9	4.02	-39.1	44.4	-61.8
1349674674	-4.35	-99.35	20.2	4.07	-38.2	43.3	-62.1
1351675675	-4.33	-101.00	19.7	4.10	-37.3	42.1	-62.1
1353676676	-4.31	-102.61	19.2	4.12	-36.3	41.1	-62.1
1355677677	-4.23	-104.27	18.5	4.19	-35.4	40.0	-62.4
1357678678	-4.16	-105.89	17.9	4.25	-34.6	38.9	-62.6
1359679679	-4.14	-107.50	17.5	4.28	-33.7	37.9	-62.6
1361680680	-4.10	-108.80	17.1	4.31	-33.0	37.1	-62.6
1363681681	-4.05	-110.10	16.6	4.37	-32.3	36.3	-62.8
1365682682	-3.99	-111.53	16.1	4.43	-31.5	35.4	-62.9
1367683683	-3.93	-113.12	15.6	4.49	-30.7	34.5	-63.0
1369684684	-3.88	-114.41	15.2	4.55	-30.1	33.7	-63.1
1371685685	-3.82	-115.66	14.8	4.62	-29.4	33.0	-63.3
1373686686	-3.76	-116.66	14.5	4.69	-28.9	32.4	-63.4
1375687687	-3.73	-118.11	14.2	4.73	-28.2	31.5	-63.3
1377688688	-3.70	-119.34	13.9	4.76	-27.5	30.9	-63.3
1379689689	-3.60	-120.56	13.4	4.89	-27.0	30.1	-63.6
1381690690	-3.56	-121.56	13.1	4.95	-26.5	29.6	-63.7
1383691691	-3.51	-122.72	12.8	5.01	-25.9	28.9	-63.7
1385692692	-3.46	-123.93	12.5	5.08	-25.3	28.2	-63.7
1387693693	-3.41	-124.97	12.2	5.16	-24.8	27.6	-63.8
1389694694	-3.37	-125.99	12.0	5.21	-24.3	27.1	-63.8
1391695695	-3.32	-127.00	11.7	5.30	-23.8	26.5	-63.9
1393696696	-3.25	-128.09	11.3	5.41	-23.3	25.9	-64.1
1395697697	-3.17	-129.04	11.0	5.53	-22.9	25.4	-64.3
1397698698	-3.12	-130.14	10.7	5.62	-22.4	24.8	-64.3
1399699699	-3.05	-130.89	10.4	5.76	-22.0	24.4	-64.6
1401700700	-2.98	-131.81	10.1	5.89	-21.6	23.8	-64.9
1403701701	-2.91	-132.73	9.8	6.02	-21.2	23.3	-65.0
1405702702	-2.86	-133.56	9.6	6.13	-20.8	22.9	-65.2
1407703703	-2.80	-134.38	9.4	6.25	-20.4	22.5	-65.3
1409704704	-2.72	-135.26	9.0	6.44	-20.0	21.9	-65.7
1411705705	-2.67	-136.00	8.8	6.56	-19.7	21.5	-65.8
1413706706	-2.61	-136.82	8.6	6.71	-19.3	21.1	-66.0
1415707707	-2.54	-137.47	8.3	6.89	-19.0	20.7	-66.3
1417708708	-2.46	-138.17	8.0	7.11	-18.7	20.3	-66.7
1419709709	-2.39	-138.83	7.8	7.33	-18.4	20.0	-67.1
1421710710	-2.33	-139.54	7.5	7.52	-18.1	19.6	-67.3
1423711711	-2.27	-140.15	7.3	7.70	-17.8	19.2	-67.6
1425712712	-2.18	-140.71	7.0	8.00	-17.5	18.9	-68.1
1427713713	-2.10	-141.45	6.7	8.33	-17.2	18.5	-68.6
1429714714	-2.03	-141.94	6.5	8.59	-17.0	18.2	-69.1
1431715715	-1.97	-142.45	6.3	8.87	-16.8	17.9	-69.5
1433716716	-1.91	-142.79	6.1	9.12	-16.6	17.7	-69.8
1435717717	-1.84	-143.48	5.8	9.48	-16.3	17.3	-70.3
1437718718	-1.78	-143.92	5.7	9.77	-16.1	17.1	-70.6
1439719719	-1.72	-144.38	5.4	10.11	-15.9	16.8	-71.1
1441720720	-1.62	-144.72	5.1	10.78	-15.8	16.6	-72.1
1443721721	-1.55	-145.04	4.9	11.23	-15.6	16.4	-72.6
1445722722	-1.48	-145.51	4.7	11.75	-15.4	16.1	-73.2
1447723723	-1.44	-145.82	4.5	12.11	-15.3	15.9	-73.5
1449724724	-1.38	-146.19	4.3	12.60	-15.1	15.7	-74.0
1451725725	-1.34	-146.56	4.2	12.99	-14.9	15.5	-74.3
1453726726	-1.27	-146.79	4.0	13.66	-14.8	15.3	-75.0
1455727727	-1.22	-147.07	3.8	14.23	-14.7	15.2	-75.4
1457728728	-1.18	-147.16	3.7	14.73	-14.7	15.1	-75.9
1459729729	-1.15	-147.62	3.6	15.07	-14.4	14.9	-76.0
1461730730	-1.10	-147.74	3.4	15.80	-14.4	14.8	-76.6
1463731731	-1.06	-147.94	3.3	16.38	-14.3	14.7	-77.0
1465732732	-1.02	-148.26	3.2	17.04	-14.2	14.5	-77.4
1467733733	-0.98	-148.55	3.0	17.74	-14.0	14.4	-77.8
1469734734	-0.95	-148.65	2.9	18.40	-14.0	14.3	-78.2
1471735735	-0.92	-148.82	2.8	19.00	-13.9	14.2	-78.5
1473736736	-0.91	-149.08	2.8	19.01	-13.8	14.1	-78.4
1475737737	-0.88	-149.10	2.7	19.82	-13.8	14.0	-78.9
1477738738	-0.84	-149.28	2.6	20.62	-13.7	13.9	-79.2
1479739739	-0.81	-149.51	2.5	21.57	-13.6	13.8	-79.6
1481740740	-0.80	-149.58	2.5	21.83	-13.6	13.8	-79.7
1483741741	-0.78	-149.72	2.4	22.39	-13.5	13.7	-79.9
1485742742	-0.79	-149.97	2.4	22.06	-13.4	13.6	-79.7
1487743743	-0.74	-150.29	2.3	23.51	-13.2	13.4	-80.2
1489744744	-0.74	-150.26	2.3	23.51	-13.2	13.4	-80.3
1491745745	-0.76	-150.60	2.3	22.96	-13.1	13.3	-79.9
1493746746	-0.72	-150.87	2.2	24.23	-13.0	13.2	-80.4
1495747747	-0.72	-150.93	2.2	24.00	-12.9	13.1	-80.3
1497748748	-0.74	-151.02	2.3	23.56	-12.9	13.1	-80.0
1499749749	-0.73	-151.23	2.2	23.80	-12.8	13.0	-80.1
1501750750	-0.72	-151.44	2.2	24.16	-12.7	12.9	-80.2
1503751751	-0.71	-151.60	2.2	24.47	-12.6	12.8	-80.2
1505752752	-0.70	-152.01	2.2	24.67	-12.4	12.6	-80.2
1507753753	-0.71	-152.36	2.2	24.43	-12.3	12.5	-80.0
1509754754	-0.72	-152.63	2.2	24.20	-12.2	12.3	-79.8
1511755755	-0.73	-152.90	2.2	23.88	-12.0	12.2	-79.6
1513756756	-0.73	-153.18	2.2	23.65	-11.9	12.1	-79.4
1515757757	-0.76	-153.54	2.3	22.90	-11.7	12.0	-78.9
1517758758	-0.71	-153.68	2.2	24.50	-11.7	11.9	-79.6
1519759759	-0.71	-154.04	2.2	24.45	-11.5	11.7	-79.4
1521760760	-0.74	-154.38	2.2	23.56	-11.3	11.6	-78.9
1523761761	-0.73	-154.78	2.2	23.79	-11.2	11.4	-78.8
1525762762	-0.68	-155.78	2.0	25.53	-10.7	10.9	-79.2
1527763763	-0.62	-157.04	1.8	28.23	-10.1	10.3	-79.7
1529764764	-0.67	-156.02	2.0	25.91	-10.6	10.8	-79.2
1531765765	-0.72	-155.79	2.2	24.13	-10.7	10.9	-78.6
1533766766	-0.74	-156.28	2.2	23.55	-10.5	10.7	-78.1
1535767767	-0.70	-156.48	2.1	24.71	-10.4	10.6	-78.5
1537768768	-0.67	-156.78	2.0	25.79	-10.3	10.5	-78.9
1539769769	-0.68	-157.34	2.0	25.53	-10.0	10.2	-78.5
1541770770	-0.69	-157.73	2.1	25.04	-9.8	10.0	-78.1
1543771771	-0.72	-158.17	2.1	24.25	-9.6	9.9	-77.5
1545772772	-0.69	-158.46	2.0	25.32	-9.5	9.7	-77.8
1547773773	-0.66	-158.87	2.0	26.32	-9.3	9.5	-78.1
1549774774	-0.66	-159.32	2.0	26.46	-9.1	9.3	-77.9
1551775775	-0.67	-159.81	2.0	25.84	-8.9	9.1	-77.3
1553776776	-0.62	-160.20	1.8	27.98	-8.7	8.9	-78.1
1555777777	-0.60	-160.63	1.8	29.08	-8.5	8.7	-78.3
1557778778	-0.61	-161.00	1.8	28.62	-8.4	8.5	-77.9
1559779779	-0.57	-161.32	1.7	30.41	-8.2	8.4	-78.4
1561780780	-0.55	-161.79	1.6	31.84	-8.0	8.2	-78.6
1563781781	-0.54	-162.19	1.6	32.23	-7.8	8.0	-78.5
1565782782	-0.51	-162.64	1.5	34.32	-7.6	7.8	-78.9
1567783783	-0.45	-162.92	1.3	38.95	-7.5	7.6	-80.1
1569784784	-0.42	-163.26	1.2	40.91	-7.4	7.5	-80.4
1571785785	-0.37	-163.76	1.1	46.36	-7.1	7.2	-81.2
1573786786	-0.35	-164.29	1.0	49.53	-6.9	7.0	-81.5
1575787787	-0.30	-164.55	0.9	57.92	-6.8	6.8	-82.6
1577788788	-0.25	-164.74	0.7	68.75	-6.7	6.7	-83.7
1579789789	-0.19	-165.27	0.6	89.45	-6.5	6.5	-85.0
1581790790	-0.14	-165.71	0.4	120.27	-6.3	6.3	-86.1
1583791791	-0.09	-165.96	0.3	192.28	-6.2	6.2	-87.5
1585792792	-0.02	-166.38	0.1	809.68	-6.0	6.0	-89.4
1587793793	0.00	-166.79	0.0	?	-5.8	5.8	-90.0
1589794794	0.00	-167.28	0.0	?	-5.6	5.6	-90.0
1591795795	0.00	-167.66	0.0	?	-5.4	5.4	-90.0
1593796796	0.00	-168.02	0.0	?	-5.2	5.2	-90.0
1595797797	0.00	-168.34	0.0	?	-5.1	5.1	-90.0
1597798798	0.00	-168.60	0.0	?	-5.0	5.0	-90.0
1599799799	0.00	-169.15	0.0	?	-4.7	4.7	-90.0
1601800800	0.00	-169.70	0.0	?	-4.5	4.5	-90.0
1603801801	0.00	-169.91	0.0	?	-4.4	4.4	-90.0
1605802802	0.00	-170.13	0.0	?	-4.3	4.3	-90.0
1607803803	0.00	-170.58	0.0	?	-4.1	4.1	-90.0
1609804804	0.00	-170.94	0.0	?	-4.0	4.0	-90.0
1611805805	0.00	-171.36	0.0	?	-3.8	3.8	-90.0
1613806806	0.00	-171.86	0.0	?	-3.6	3.6	-90.0
1615807807	0.00	-172.23	0.0	?	-3.4	3.4	-90.0
1617808808	0.00	-172.73	0.0	?	-3.2	3.2	-90.0
1619809809	0.00	-173.28	0.0	?	-2.9	2.9	-90.0
1621810810	0.00	-173.66	0.0	?	-2.8	2.8	-90.0
1623811811	0.00	-174.04	0.0	?	-2.6	2.6	-90.0
1625812812	0.00	-174.25	0.0	?	-2.5	2.5	-90.0
1627813813	0.00	-174.63	0.0	?	-2.3	2.3	-90.0
1629814814	0.00	-174.99	0.0	?	-2.2	2.2	-90.0
1631815815	0.00	-175.27	0.0	?	-2.1	2.1	-90.0
1633816816	0.00	-175.76	0.0	?	-1.9	1.9	-90.0
1635817817	0.00	-176.24	0.0	?	-1.6	1.6	-90.0
1637818818	0.00	-176.65	0.0	?	-1.5	1.5	-90.0
1639819819	0.00	-177.10	0.0	?	-1.3	1.3	-90.0
1641820820	0.00	-177.50	0.0	?	-1.1	1.1	-90.0
1643821821	0.00	-177.88	0.0	?	-0.9	0.9	-90.0
1645822822	0.00	-178.43	0.0	?	-0.7	0.7	-90.0
1647823823	0.00	-178.76	0.0	?	-0.5	0.5	-90.0
1649824824	0.00	-179.29	0.0	?	-0.3	0.3	-90.0
1651825825	0.00	-179.66	0.0	?	-0.2	0.2	-90.0
1653826826	0.00	179.92	0.0	?	0.0	0.0	90.0
1655827827	0.00	179.45	0.0	?	0.2	0.2	90.0
1657828828	0.00	178.89	0.0	?	0.5	0.5	90.0
1659829829	0.00	178.36	0.0	?	0.7	0.7	90.0
1661830830	0.00	177.87	0.0	?	0.9	0.9	90.0
1663831831	0.00	177.61	0.0	?	1.0	1.0	90.0
1665832832	0.00	177.08	0.0	?	1.3	1.3	90.0
1667833833	0.00	176.51	0.0	?	1.5	1.5	90.0
1669834834	0.00	175.58	0.0	?	1.9	1.9	90.0
1671835835	0.00	175.21	0.0	?	2.1	2.1	90.0
1673836836	0.00	174.45	0.0	?	2.4	2.4	90.0
1675837837	0.00	174.04	0.0	?	2.6	2.6	90.0
1677838838	0.00	173.18	0.0	?	3.0	3.0	90.0
1679839839	0.00	172.74	0.0	?	3.2	3.2	90.0
1681840840	0.00	171.82	0.0	?	3.6	3.6	90.0
1683841841	0.00	171.24	0.0	?	3.8	3.8	90.0
1685842842	0.00	170.44	0.0	?	4.2	4.2	90.0
1687843843	0.00	169.11	0.0	?	4.8	4.8	90.0
1689844844	0.00	168.78	0.0	?	4.9	4.9	90.0
1691845845	0.00	167.85	0.0	?	5.3	5.3	90.0
1693846846	0.00	167.12	0.0	?	5.6	5.6	90.0
1695847847	0.00	166.32	0.0	?	6.0	6.0	90.0
1697848848	0.00	165.63	0.0	?	6.3	6.3	90.0
1699849849	0.00	164.80	0.0	?	6.7	6.7	90.0
1701850850	0.00	164.00	0.0	?	7.0	7.0	90.0
1703851851	0.00	163.01	0.0	?	7.5	7.5	90.0
1705852852	0.00	162.37	0.0	?	7.8	7.8	90.0
1707853853	0.00	162.03	0.0	?	7.9	7.9	90.0
1709854854	0.00	161.11	0.0	?	8.3	8.3	90.0
1711855855	0.00	160.80	0.0	?	8.5	8.5	90.0
1713856856	0.00	160.20	0.0	?	8.7	8.7	90.0
1715857857	0.00	159.53	0.0	?	9.0	9.0	90.0
1717858858	0.00	159.23	0.0	?	9.2	9.2	90.0
1719859859	0.00	159.19	0.0	?	9.2	9.2	90.0
1721860860	0.00	158.82	0.0	?	9.3	9.3	90.0
1723861861	0.00	158.32	0.0	?	9.6	9.6	90.0
1725862862	0.00	158.05	0.0	?	9.7	9.7	90.0
1727863863	0.00	157.50	0.0	?	9.9	9.9	90.0
1729864864	0.00	157.09	0.0	?	10.1	10.1	90.0
1731865865	0.00	156.48	0.0	?	10.4	10.4	90.0
1733866866	0.00	155.69	0.0	?	10.8	10.8	90.0
1735867867	0.00	154.61	0.0	?	11.3	11.3	90.0
1737868868	0.00	153.51	0.0	?	11.8	11.8	90.0
1739869869	0.00	152.97	0.0	?	12.0	12.0	90.0
1741870870	0.00	151.42	0.0	?	12.7	12.7	90.0
1743871871	0.00	150.25	0.0	?	13.3	13.3	90.0
1745872872	0.00	148.60	0.0	?	14.1	14.1	90.0
1747873873	0.00	147.08	0.0	?	14.8	14.8	90.0
1749874874	0.00	146.08	0.0	?	15.2	15.2	90.0
1751875875	0.00	144.52	0.0	?	16.0	16.0	90.0
1753876876	0.00	142.74	0.0	?	16.9	16.9	90.0
1755877877	0.00	141.25	0.0	?	17.6	17.6	90.0
1757878878	0.00	139.14	0.0	?	18.6	18.6	90.0
1759879879	0.00	137.59	0.0	?	19.4	19.4	90.0
1761880880	0.00	135.90	0.0	?	20.2	20.2	90.0
1763881881	0.00	134.44	0.0	?	21.0	21.0	90.0
1765882882	0.00	132.56	0.0	?	22.0	22.0	90.0
1767883883	0.00	130.66	0.0	?	23.0	23.0	90.0
1769884884	0.00	129.01	0.0	?	23.8	23.8	90.0
1771885885	0.00	127.32	0.0	?	24.8	24.8	90.0
1773886886	0.00	125.20	0.0	?	25.9	25.9	90.0
1775887887	0.00	123.53	0.0	?	26.9	26.9	90.0
1777888888	0.00	121.61	0.0	?	27.9	27.9	90.0
1779889889	0.00	119.48	0.0	?	29.2	29.2	90.0
1781890890	0.00	118.15	0.0	?	30.0	30.0	90.0
1783891891	0.00	116.45	0.0	?	31.0	31.0	90.0
1785892892	0.00	114.77	0.0	?	32.0	32.0	90.0
1787893893	0.00	112.89	0.0	?	33.2	33.2	90.0
1789894894	0.00	110.92	0.0	?	34.4	34.4	90.0
1791895895	0.00	108.74	0.0	?	35.8	35.8	90.0
1793896896	0.00	106.85	0.0	?	37.1	37.1	90.0
1795897897	0.00	105.33	0.0	?	38.1	38.1	90.0
1797898898	0.00	103.31	0.0	?	39.6	39.6	90.0
1799899899	0.00	101.69	0.0	?	40.7	40.7	90.0
1801900900	0.00	99.86	0.0	?	42.1	42.1	90.0
1803901901	0.00	97.97	0.0	?	43.5	43.5	90.0
1805902902	0.00	96.19	0.0	?	44.9	44.9	90.0
1807903903	0.00	94.10	0.0	?	46.5	46.5	90.0
1809904904	0.00	92.39	0.0	?	48.0	48.0	90.0
1811905905	0.00	90.08	0.0	?	49.9	49.9	90.0
1813906906	0.00	88.37	0.0	?	51.4	51.4	90.0
1815907907	0.00	86.38	0.0	?	53.3	53.3	90.0
1817908908	0.00	84.61	0.0	?	54.9	54.9	90.0
1819909909	0.00	82.45	0.0	?	57.1	57.1	90.0
1821910910	0.00	80.51	0.0	?	59.1	59.1	90.0
1823911911	-0.19	78.34	1.4	92.28	61.3	61.4	88.7
1825912912	-0.44	76.40	3.3	39.47	63.4	63.5	87.0
1827913913	-0.69	74.02	5.5	25.16	66.0	66.3	85.3
1829914914	-0.90	72.41	7.4	19.33	67.8	68.2	83.8
1831915915	-1.16	70.31	10.0	14.94	70.0	70.8	81.9
1833916916	-1.44	67.49	13.2	12.10	73.2	74.4	79.8
1835917917	-1.69	65.52	16.2	10.30	75.3	77.0	77.8
1837918918	-1.98	63.49	19.8	8.83	77.2	79.7	75.6
1839919919	-2.22	61.10	23.5	7.88	79.7	83.1	73.6
1841920920	-2.53	58.45	28.5	6.90	82.0	86.8	70.9
1843921921	-2.71	56.31	32.0	6.47	84.2	90.1	69.2
1845922922	-2.97	54.56	36.4	5.90	85.0	92.5	66.8
1847923923	-3.21	51.54	42.2	5.48	87.6	97.3	64.3
1849924924	-3.48	48.70	48.8	5.06	89.2	101.7	61.3
1851925925	-3.71	45.97	55.4	4.75	90.4	106.0	58.5
1853926926	-3.98	43.55	62.1	4.44	90.2	109.5	55.5
1855927927	-4.14	41.04	68.5	4.27	90.8	113.7	53.0
1857928928	-4.33	38.34	75.8	4.10	90.6	118.2	50.1
1859929929	-4.56	35.30	84.6	3.90	88.9	122.7	46.4
1861930930	-4.76	32.92	91.5	3.74	86.4	125.9	43.3
1863931931	-4.97	30.16	99.5	3.59	82.7	129.3	39.7
1865932932	-5.14	27.41	107.2	3.48	78.7	133.0	36.3
1867933933	-5.24	24.05	116.7	3.42	74.3	138.3	32.5
1869934934	-5.32	21.20	124.7	3.37	69.2	142.6	29.0
1871935935	-5.48	19.05	129.3	3.27	62.7	143.7	25.9
1873936936	-5.63	16.16	135.2	3.19	54.2	145.6	21.8
1875937937	-5.72	12.90	141.4	3.14	44.6	148.2	17.5
1877938938	-5.85	9.89	145.0	3.08	34.3	149.0	13.3
1879939939	-5.91	7.04	148.0	3.05	24.7	150.0	9.5
1881940940	-6.00	4.22	148.9	3.01	14.7	149.7	5.6
1883941941	-6.13	1.40	147.3	2.95	4.7	147.4	1.8
1885942942	-6.16	-1.48	146.8	2.94	-4.9	146.8	-1.9
1887943943	-6.22	-4.87	143.5	2.91	-15.6	144.4	-6.2
1889944944	-6.26	-7.15	140.7	2.89	-22.3	142.5	-9.0
1891945945	-6.33	-9.94	135.9	2.87	-29.5	139.1	-12.3
1893946946	-6.44	-12.46	130.3	2.82	-34.7	134.8	-14.9
1895947947	-6.52	-15.37	124.4	2.79	-40.1	130.7	-17.9
1897948948	-6.53	-17.93	119.6	2.78	-44.6	127.6	-20.5
1899949949	-6.58	-20.49	114.3	2.77	-48.1	124.0	-22.8
1901950950	-6.72	-22.59	109.0	2.71	-49.1	119.6	-24.2
1903951951	-6.78	-25.30	103.5	2.69	-51.3	115.6	-26.4
1905952952	-6.97	-28.10	97.4	2.62	-51.5	110.2	-27.8
1907953953	-7.09	-29.81	93.9	2.58	-51.3	107.0	-28.6
1909954954	-7.24	-31.41	90.7	2.54	-50.6	103.9	-29.2
1911955955	-7.49	-32.97	87.4	2.46	-48.9	100.2	-29.2
1913956956	-7.59	-34.28	85.2	2.43	-48.5	98.1	-29.6
1915957957	-7.63	-34.74	84.5	2.42	-48.3	97.3	-29.8
1917958958	-7.74	-35.59	83.0	2.39	-47.7	95.7	-29.9
1919959959	-7.69	-35.34	83.5	2.41	-48.0	96.3	-29.9
1921960960	-7.64	-35.25	83.7	2.42	-48.4	96.7	-30.0
1923961961	-7.49	-35.19	84.2	2.46	-49.8	97.8	-30.6
1925962962	-7.35	-34.75	85.2	2.50	-51.0	99.3	-30.9
1927963963	-7.15	-35.39	84.6	2.57	-53.3	100.0	-32.2
1929964964	-6.95	-35.80	84.4	2.63	-55.5	101.0	-33.4
1931965965	-6.80	-36.84	82.9	2.68	-57.4	100.8	-34.7
1933966966	-6.58	-37.72	81.6	2.76	-59.9	101.2	-36.3
1935967967	-6.36	-38.92	79.6	2.85	-62.5	101.2	-38.1
1937968968	-6.13	-39.77	78.0	2.95	-65.1	101.6	-39.9
1939969969	-5.97	-40.88	75.9	3.02	-66.8	101.1	-41.4
1941970970	-5.79	-42.19	73.2	3.11	-68.6	100.3	-43.1
1943971971	-5.64	-42.86	71.7	3.19	-70.1	100.3	-44.3
1945972972	-5.51	-44.01	69.3	3.26	-71.1	99.3	-45.7
1947973973	-5.42	-45.00	67.3	3.31	-71.6	98.3	-46.8
1949974974	-5.22	-46.03	64.8	3.43	-73.2	97.8	-48.5
1951975975	-5.10	-46.80	63.1	3.50	-73.9	97.2	-49.5
1953976976	-4.95	-48.33	59.9	3.60	-74.4	95.5	-51.2
1955977977	-4.82	-48.95	58.2	3.70	-75.2	95.1	-52.3
1957978978	-4.67	-50.16	55.6	3.81	-75.7	93.9	-53.7
1959979979	-4.54	-51.87	52.4	3.91	-75.3	91.7	-55.2
1961980980	-4.42	-52.38	50.9	4.02	-75.9	91.4	-56.2
1963981981	-4.33	-53.01	49.5	4.09	-76.0	90.7	-56.9
1965982982	-4.17	-54.47	46.5	4.25	-75.9	89.0	-58.5
1967983983	-4.08	-55.16	45.1	4.33	-75.8	88.2	-59.3
1969984984	-3.94	-55.76	43.3	4.48	-76.3	87.7	-60.4
1971985985	-3.93	-56.48	42.4	4.50	-75.5	86.6	-60.7
1973986986	-3.81	-57.66	40.2	4.64	-75.1	85.2	-61.8
1975987987	-3.68	-58.33	38.6	4.79	-75.2	84.5	-62.8
1977988988	-3.56	-58.70	37.2	4.95	-75.6	84.2	-63.8
1979989989	-3.51	-59.69	35.9	5.01	-74.6	82.8	-64.3
1981990990	-3.47	-60.40	34.9	5.08	-74.1	81.9	-64.8
1983991991	-3.42	-61.48	33.6	5.15	-73.1	80.4	-65.3
1985992992	-3.30	-62.31	32.0	5.33	-72.8	79.5	-66.3
1987993993	-3.21	-62.60	31.0	5.48	-72.9	79.2	-67.0
1989994994	-3.17	-63.23	30.2	5.55	-72.4	78.4	-67.3
1991995995	-3.13	-63.74	29.5	5.62	-72.0	77.8	-67.7
1993996996	-3.07	-64.02	28.9	5.71	-71.9	77.5	-68.1
1995997997	-2.97	-64.89	27.5	5.90	-71.3	76.4	-68.9
1997998998	-2.98	-65.61	27.0	5.90	-70.5	75.5	-69.0
1999999999	-2.87	-66.08	25.9	6.10	-70.3	75.0	-69.8
