1000000	-0.75	87.89	4.5	23.04	51.7	51.9	85.0
3001001	0.00	82.60	0.0	?	56.9	56.9	90.0
5002002	0.00	77.13	0.0	?	62.7	62.7	90.0
7003003	0.00	73.10	0.0	?	67.4	67.4	90.0
9004004	0.00	69.66	0.0	?	71.9	71.9	90.0
11005005	0.00	67.61	0.0	?	74.7	74.7	90.0
13006006	0.00	65.45	0.0	?	77.8	77.8	90.0
15007007	-0.18	62.68	1.9	97.77	82.1	82.1	88.7
17008008	-0.24	60.93	2.7	71.02	84.9	85.0	88.2
19009009	-0.36	59.20	4.2	48.91	87.9	88.0	87.3
21010010	-0.42	57.57	5.2	41.42	90.8	90.9	86.7
23011011	-0.47	55.97	6.2	36.75	93.8	94.0	86.2
25012012	-0.54	54.49	7.4	32.23	96.7	96.9	85.6
27013013	-0.58	52.99	8.3	30.03	99.7	100.1	85.2
29014014	-0.62	51.62	9.3	28.16	102.7	103.1	84.8
31015015	-0.65	50.36	10.2	26.88	105.5	106.0	84.5
33016016	-0.67	49.11	11.1	25.90	108.5	109.1	84.2
35017017	-0.68	47.97	11.8	25.47	111.3	112.0	84.0
37018018	-0.68	46.84	12.3	25.62	114.3	115.0	83.9
39019019	-0.67	45.69	12.6	26.05	117.5	118.2	83.9
41020020	-0.67	44.58	13.3	25.81	120.7	121.4	83.7
43021021	-0.68	43.47	14.0	25.73	124.1	124.8	83.5
45022022	-0.69	42.47	14.9	25.34	127.2	128.0	83.3
47023023	-0.69	41.54	15.7	25.11	130.2	131.1	83.1
49024024	-0.70	40.68	16.5	24.81	133.1	134.1	82.9
51025025	-0.70	39.84	17.3	24.66	136.1	137.1	82.8
53026026	-0.72	38.98	18.3	24.19	139.1	140.3	82.5
55027027	-0.73	38.22	19.4	23.71	142.0	143.3	82.2
57028028	-0.75	37.44	20.5	23.32	145.0	146.4	82.0
59029029	-0.77	36.73	21.8	22.65	147.7	149.3	81.6
61030030	-0.79	36.05	23.4	21.91	150.4	152.2	81.2
63031031	-0.82	35.37	25.1	21.13	153.1	155.1	80.7
65032032	-0.86	34.72	27.0	20.27	155.7	158.0	80.1
67033033	-0.90	34.07	29.4	19.27	158.2	160.9	79.5
69034034	-0.94	33.35	31.8	18.51	161.2	164.3	78.8
71035035	-0.99	32.70	34.7	17.49	163.7	167.3	78.0
73036036	-1.05	31.99	38.1	16.53	166.4	170.7	77.1
75037037	-1.11	31.30	41.6	15.69	169.0	174.0	76.2
77038038	-1.16	30.62	45.2	14.97	171.6	177.5	75.2
79039039	-1.23	29.90	49.8	14.09	174.0	181.0	74.0
81040040	-1.30	29.22	54.3	13.37	176.2	184.4	72.9
83041041	-1.38	28.50	59.5	12.63	178.3	188.0	71.5
85042042	-1.47	27.76	65.5	11.88	180.0	191.6	70.0
87043043	-1.53	27.08	70.9	11.35	181.7	195.0	68.7
89044044	-1.60	26.29	77.1	10.86	183.7	199.2	67.2
91045045	-1.68	25.36	84.5	10.38	186.0	204.3	65.6
93046046	-1.76	24.48	92.4	9.88	187.4	208.9	63.7
95047047	-1.85	23.59	101.0	9.41	188.0	213.4	61.8
97048048	-1.94	22.71	109.8	8.99	188.1	217.8	59.7
99049049	-2.00	21.70	119.1	8.73	189.7	224.0	57.9
101050050	-2.07	20.65	129.5	8.45	190.3	230.2	55.8
103051051	-2.14	19.45	142.1	8.16	190.2	237.4	53.2
105052052	-2.21	18.13	156.5	7.91	189.4	245.7	50.4
107053053	-2.28	16.88	170.8	7.66	186.7	253.0	47.5
109054054	-2.37	15.66	185.2	7.37	180.8	258.8	44.3
111055055	-2.44	14.31	201.2	7.17	174.8	266.5	41.0
113056056	-2.51	12.98	216.6	6.96	166.0	272.9	37.5
115057057	-2.58	11.58	232.6	6.78	154.9	279.5	33.7
117058058	-2.65	10.04	249.2	6.62	140.4	286.0	29.4
119059059	-2.70	8.53	264.2	6.48	124.0	291.8	25.1
121060060	-2.76	6.91	277.8	6.35	103.5	296.4	20.4
123061061	-2.82	5.24	288.2	6.22	79.7	299.1	15.5
125062062	-2.87	3.59	294.6	6.10	54.7	299.6	10.5
127063063	-2.92	1.87	297.4	6.00	28.4	298.8	5.4
129064064	-2.96	0.16	296.3	5.93	2.4	296.3	0.5
131065065	-2.99	-1.61	291.3	5.86	-23.3	292.2	-4.6
133066066	-3.01	-3.43	282.7	5.82	-47.7	286.7	-9.6
135067067	-3.02	-5.33	271.5	5.81	-71.1	280.6	-14.7
137068068	-3.03	-7.22	256.3	5.79	-90.5	271.8	-19.4
139069069	-3.04	-9.24	238.6	5.77	-107.3	261.6	-24.2
141070070	-3.02	-11.31	220.4	5.81	-121.9	251.9	-28.9
143071071	-3.01	-13.38	201.3	5.83	-131.7	240.6	-33.2
145072072	-2.99	-15.46	182.8	5.87	-138.8	229.5	-37.2
147073073	-2.98	-17.65	164.2	5.89	-142.5	217.5	-41.0
149074074	-2.94	-19.89	146.9	5.96	-144.7	206.1	-44.6
151075075	-2.90	-22.17	130.7	6.04	-144.7	195.0	-47.9
153076076	-2.87	-24.46	116.2	6.10	-142.9	184.1	-50.9
155077077	-2.83	-26.80	103.0	6.20	-140.1	173.9	-53.7
157078078	-2.80	-29.16	91.5	6.26	-136.0	163.9	-56.1
159079079	-2.76	-31.57	81.2	6.35	-131.6	154.6	-58.3
161080080	-2.73	-33.94	72.6	6.41	-126.7	146.0	-60.2
163081081	-2.69	-36.35	64.8	6.51	-122.0	138.1	-62.0
165082082	-2.65	-38.75	58.0	6.61	-117.2	130.8	-63.7
167083083	-2.61	-41.11	52.3	6.70	-112.5	124.1	-65.1
169084084	-2.58	-43.42	47.3	6.79	-108.1	118.0	-66.4
171085085	-2.50	-45.71	42.5	6.99	-104.2	112.5	-67.8
173086086	-2.44	-48.20	38.1	7.17	-99.9	106.9	-69.1
175087087	-2.38	-50.87	34.1	7.35	-95.4	101.3	-70.3
177088088	-2.32	-53.62	30.5	7.53	-90.9	95.9	-71.4
179089089	-2.26	-56.40	27.3	7.74	-86.7	90.9	-72.5
181090090	-2.21	-59.30	24.6	7.91	-82.4	86.0	-73.4
183091091	-2.17	-62.24	22.4	8.03	-78.2	81.3	-74.0
185092092	-2.13	-65.40	20.2	8.19	-74.0	76.7	-74.8
187093093	-2.10	-68.80	18.2	8.33	-69.8	72.2	-75.4
189094094	-2.04	-72.31	16.4	8.53	-65.8	67.8	-76.0
191095095	-1.98	-76.40	14.5	8.83	-61.4	63.1	-76.7
193096096	-1.97	-81.10	13.1	8.87	-56.7	58.2	-77.0
195097097	-2.01	-86.06	12.2	8.67	-52.1	53.5	-76.8
197098098	-2.07	-91.45	11.4	8.42	-47.4	48.8	-76.5
199099099	-2.12	-97.36	10.7	8.23	-42.8	44.1	-76.0
201100100	-2.20	-104.19	10.0	7.93	-37.9	39.2	-75.2
203101101	-2.33	-111.94	9.6	7.52	-32.9	34.3	-73.7
205102102	-2.53	-120.87	9.5	6.92	-27.6	29.2	-71.0
207103103	-2.82	-130.60	9.7	6.22	-22.3	24.3	-66.5
209104104	-3.17	-141.40	10.1	5.54	-16.9	19.7	-59.1
211105105	-3.62	-153.68	10.8	4.87	-11.2	15.5	-46.0
213106106	-4.22	-167.49	12.1	4.20	-5.2	13.1	-23.2
215107107	-5.03	177.28	14.1	3.55	1.1	14.1	4.4
217108108	-5.96	160.70	16.9	3.03	7.6	18.5	24.0
219109109	-6.84	143.03	20.5	2.67	14.2	24.9	34.6
221110110	-7.42	125.16	24.5	2.48	20.8	32.1	40.4
223111111	-7.58	107.77	28.9	2.43	27.8	40.1	43.9
225112112	-7.31	92.28	33.4	2.52	35.3	48.6	46.6
227113113	-6.69	79.11	37.8	2.72	43.7	57.8	49.2
229114114	-5.86	67.25	42.8	3.07	54.3	69.1	51.7
231115115	-5.05	56.24	49.7	3.53	67.2	83.6	53.5
233116116	-4.32	46.60	59.0	4.10	82.7	101.6	54.5
235117117	-3.71	38.00	72.3	4.75	101.1	124.2	54.4
237118118	-3.25	30.42	91.9	5.40	121.4	152.2	52.9
239119119	-2.89	23.44	122.4	6.06	143.7	188.8	49.6
241120120	-2.64	17.12	169.9	6.63	161.9	234.7	43.6
243121121	-2.44	11.50	237.9	7.16	166.6	290.4	35.0
245122122	-2.30	6.44	322.2	7.60	134.8	349.2	22.7
247123123	-2.19	1.72	393.3	7.98	46.3	396.0	6.7
249124124	-2.12	-2.67	397.1	8.23	-74.9	404.1	-10.7
251125125	-2.06	-6.74	340.4	8.47	-166.8	379.1	-26.1
253126126	-2.03	-10.50	266.8	8.59	-206.1	337.1	-37.7
255127127	-1.99	-14.21	202.9	8.76	-215.4	295.9	-46.7
257128128	-1.97	-17.67	156.6	8.86	-208.0	260.4	-53.0
259129129	-1.96	-20.86	125.0	8.88	-195.1	231.7	-57.4
261130130	-1.94	-23.89	101.8	8.97	-182.7	209.1	-60.9
263131131	-1.90	-26.86	83.4	9.20	-171.4	190.6	-64.0
265132132	-1.85	-29.78	69.2	9.44	-160.5	174.8	-66.7
267133133	-1.79	-32.78	57.6	9.71	-149.9	160.5	-69.0
269134134	-1.75	-35.69	48.8	9.95	-140.1	148.3	-70.8
271135135	-1.72	-38.52	41.9	10.15	-131.3	137.8	-72.3
273136136	-1.67	-41.29	36.3	10.41	-123.4	128.7	-73.6
275137137	-1.64	-43.93	31.8	10.65	-116.5	120.8	-74.7
277138138	-1.59	-46.52	28.1	10.93	-110.3	113.9	-75.7
279139139	-1.56	-49.10	24.9	11.20	-104.6	107.5	-76.6
281140140	-1.53	-51.56	22.4	11.42	-99.5	101.9	-77.3
283141141	-1.47	-53.91	20.0	11.83	-95.0	97.1	-78.1
285142142	-1.43	-56.29	18.0	12.17	-90.7	92.5	-78.8
287143143	-1.38	-58.51	16.3	12.60	-87.0	88.5	-79.4
289144144	-1.32	-60.77	14.6	13.18	-83.4	84.7	-80.1
291145145	-1.27	-62.90	13.2	13.72	-80.2	81.3	-80.6
293146146	-1.23	-64.99	12.1	14.17	-77.2	78.1	-81.1
295147147	-1.19	-67.14	11.1	14.61	-74.2	75.0	-81.5
297148148	-1.14	-69.16	10.1	15.23	-71.6	72.3	-82.0
299149149	-1.12	-71.09	9.4	15.57	-69.1	69.8	-82.2
301150150	-1.07	-72.93	8.6	16.33	-66.9	67.5	-82.7
303151151	-1.04	-74.76	8.1	16.67	-64.8	65.3	-82.9
305152152	-1.01	-76.60	7.5	17.23	-62.8	63.2	-83.2
307153153	-0.98	-78.46	7.0	17.69	-60.7	61.2	-83.4
309154154	-0.97	-80.18	6.7	17.98	-59.0	59.3	-83.5
311155155	-0.97	-81.90	6.4	17.99	-57.2	57.6	-83.6
313156156	-0.97	-83.61	6.3	17.88	-55.5	55.9	-83.6
315157157	-0.99	-85.19	6.2	17.64	-54.0	54.4	-83.5
317158158	-1.01	-86.59	6.1	17.24	-52.7	53.0	-83.3
319159159	-1.00	-87.93	6.0	17.36	-51.5	51.8	-83.4
321160160	-0.97	-89.24	5.6	17.91	-50.3	50.7	-83.6
323161161	-0.94	-90.56	5.3	18.55	-49.2	49.5	-83.8
325162162	-0.91	-92.01	5.0	19.20	-48.0	48.3	-84.0
327163163	-0.88	-93.48	4.8	19.74	-46.8	47.1	-84.2
329164164	-0.86	-95.02	4.6	20.15	-45.6	45.8	-84.3
331165165	-0.84	-96.51	4.3	20.63	-44.4	44.6	-84.4
333166166	-0.84	-98.07	4.2	20.80	-43.2	43.4	-84.4
335167167	-0.83	-99.63	4.1	21.03	-42.1	42.3	-84.5
337168168	-0.83	-101.07	4.0	20.91	-41.0	41.2	-84.4
339169169	-0.84	-102.64	3.9	20.80	-39.9	40.1	-84.4
341170170	-0.85	-104.26	3.9	20.46	-38.7	38.9	-84.2
343171171	-0.86	-105.85	3.9	20.26	-37.6	37.8	-84.1
345172172	-0.86	-107.33	3.8	20.18	-36.6	36.8	-84.1
347173173	-0.88	-108.81	3.8	19.77	-35.7	35.9	-83.9
349174174	-0.88	-110.44	3.8	19.71	-34.6	34.8	-83.8
351175175	-0.89	-111.99	3.7	19.51	-33.6	33.8	-83.7
353176176	-0.91	-113.60	3.7	19.12	-32.6	32.8	-83.5
355177177	-0.92	-115.06	3.7	18.94	-31.7	31.9	-83.3
357178178	-0.94	-116.61	3.7	18.59	-30.8	31.0	-83.1
359179179	-0.94	-118.18	3.7	18.47	-29.8	30.0	-83.0
361180180	-0.96	-119.80	3.7	18.12	-28.9	29.1	-82.7
363181181	-0.97	-121.35	3.7	17.85	-28.0	28.2	-82.5
365182182	-0.98	-122.90	3.7	17.71	-27.1	27.3	-82.3
367183183	-0.99	-124.47	3.6	17.65	-26.2	26.5	-82.1
369184184	-0.99	-126.02	3.6	17.51	-25.4	25.6	-81.9
371185185	-1.00	-127.53	3.6	17.48	-24.5	24.8	-81.8
373186186	-1.01	-129.02	3.5	17.29	-23.7	24.0	-81.5
375187187	-1.00	-130.56	3.5	17.40	-22.9	23.2	-81.4
377188188	-1.01	-132.05	3.5	17.28	-22.1	22.4	-81.1
379189189	-0.99	-133.51	3.4	17.51	-21.4	21.7	-81.0
381190190	-0.99	-134.90	3.3	17.53	-20.7	20.9	-80.8
383191191	-0.99	-136.38	3.3	17.57	-19.9	20.2	-80.6
385192192	-0.98	-137.82	3.2	17.83	-19.2	19.5	-80.5
387193193	-0.97	-139.19	3.2	17.92	-18.5	18.8	-80.3
389194194	-0.96	-140.58	3.1	18.04	-17.9	18.1	-80.1
391195195	-0.96	-141.91	3.1	18.12	-17.2	17.5	-79.8
393196196	-0.94	-143.20	3.0	18.40	-16.6	16.9	-79.7
395197197	-0.95	-144.44	3.0	18.37	-16.0	16.3	-79.4
397198198	-0.93	-145.78	2.9	18.72	-15.3	15.6	-79.2
399199199	-0.92	-147.02	2.9	18.94	-14.8	15.0	-79.0
401200200	-0.91	-148.23	2.8	19.15	-14.2	14.5	-78.7
403201201	-0.90	-149.41	2.8	19.41	-13.6	13.9	-78.5
405202202	-0.89	-150.61	2.7	19.62	-13.1	13.4	-78.2
407203203	-0.88	-151.77	2.7	19.69	-12.5	12.8	-77.9
409204204	-0.87	-152.89	2.6	20.04	-12.0	12.3	-77.6
411205205	-0.86	-153.95	2.6	20.19	-11.5	11.8	-77.3
413206206	-0.86	-155.01	2.6	20.25	-11.1	11.4	-76.8
415207207	-0.86	-156.11	2.6	20.25	-10.6	10.9	-76.3
417208208	-0.85	-157.12	2.6	20.35	-10.1	10.4	-75.8
419209209	-0.86	-158.13	2.6	20.14	-9.6	10.0	-75.0
421210210	-0.87	-159.10	2.6	20.04	-9.2	9.6	-74.3
423211211	-0.87	-160.08	2.6	19.98	-8.8	9.1	-73.6
425212212	-0.88	-161.05	2.6	19.85	-8.3	8.7	-72.7
427213213	-0.89	-161.99	2.6	19.62	-7.9	8.3	-71.7
429214214	-0.90	-162.93	2.7	19.27	-7.5	7.9	-70.5
431215215	-0.92	-163.91	2.7	18.85	-7.0	7.5	-69.0
433216216	-0.94	-164.84	2.7	18.54	-6.6	7.2	-67.5
435217217	-0.95	-165.70	2.8	18.23	-6.3	6.8	-66.0
437218218	-0.98	-166.59	2.9	17.78	-5.9	6.5	-64.1
439219219	-1.00	-167.50	2.9	17.45	-5.5	6.2	-62.0
441220220	-1.02	-168.41	3.0	17.11	-5.1	5.9	-59.7
443221221	-1.05	-169.31	3.0	16.61	-4.7	5.6	-56.9
445222222	-1.08	-170.19	3.1	16.16	-4.3	5.3	-53.9
447223223	-1.10	-171.11	3.2	15.77	-3.9	5.0	-50.5
449224224	-1.14	-172.03	3.3	15.24	-3.5	4.8	-46.4
451225225	-1.17	-172.96	3.4	14.88	-3.1	4.6	-42.2
453226226	-1.20	-173.87	3.5	14.53	-2.7	4.4	-37.7
455227227	-1.23	-174.82	3.5	14.14	-2.3	4.2	-32.4
457228228	-1.26	-175.73	3.6	13.77	-1.9	4.1	-27.0
459229229	-1.29	-176.70	3.7	13.50	-1.4	4.0	-21.1
461230230	-1.32	-177.67	3.8	13.14	-1.0	3.9	-14.9
463231231	-1.36	-178.66	3.9	12.81	-0.6	3.9	-8.5
465232232	-1.38	-179.60	4.0	12.58	-0.2	4.0	-2.5
467233233	-1.41	179.43	4.1	12.32	0.2	4.1	3.5
469234234	-1.45	178.42	4.2	12.02	0.7	4.2	9.3
471235235	-1.47	177.39	4.2	11.81	1.1	4.4	15.0
473236236	-1.51	176.39	4.3	11.54	1.6	4.6	19.8
475237237	-1.53	175.29	4.4	11.38	2.0	4.8	24.9
477238238	-1.55	174.27	4.5	11.23	2.5	5.1	29.1
479239239	-1.57	173.29	4.5	11.10	2.9	5.4	32.7
481240240	-1.59	172.20	4.6	10.99	3.4	5.7	36.5
483241241	-1.61	171.13	4.6	10.85	3.8	6.0	39.7
485242242	-1.62	170.07	4.7	10.76	4.3	6.4	42.6
487243243	-1.64	169.01	4.7	10.65	4.8	6.7	45.2
489244244	-1.65	167.98	4.8	10.57	5.2	7.1	47.5
491245245	-1.66	166.89	4.8	10.51	5.7	7.5	49.7
493246246	-1.66	165.79	4.8	10.47	6.2	7.9	51.9
495247247	-1.67	164.76	4.9	10.41	6.6	8.2	53.6
497248248	-1.68	163.71	4.9	10.38	7.1	8.6	55.3
499249249	-1.67	162.64	4.9	10.42	7.6	9.0	57.0
501250250	-1.67	161.55	4.9	10.42	8.0	9.4	58.5
503251251	-1.66	160.45	4.9	10.47	8.5	9.8	60.0
505252252	-1.66	159.43	4.9	10.50	9.0	10.2	61.3
507253253	-1.66	158.36	4.9	10.52	9.5	10.7	62.5
509254254	-1.66	157.26	4.9	10.51	10.0	11.1	63.6
511255255	-1.65	156.12	4.9	10.55	10.5	11.6	64.7
513256256	-1.64	155.04	4.9	10.60	11.0	12.0	65.7
515257257	-1.63	153.97	4.9	10.67	11.4	12.5	66.7
517258258	-1.64	152.95	5.0	10.63	11.9	12.9	67.3
519259259	-1.63	151.81	5.0	10.69	12.4	13.4	68.2
521260260	-1.62	150.77	5.0	10.74	12.9	13.8	69.0
523261261	-1.62	149.72	5.0	10.76	13.4	14.3	69.6
525262262	-1.61	148.63	5.0	10.83	13.9	14.8	70.3
527263263	-1.61	147.56	5.0	10.83	14.4	15.3	70.8
529264264	-1.61	146.43	5.0	10.84	14.9	15.8	71.4
531265265	-1.60	145.30	5.0	10.89	15.5	16.3	72.0
533266266	-1.60	144.11	5.1	10.86	16.0	16.8	72.4
535267267	-1.59	143.09	5.1	10.94	16.5	17.3	72.9
537268268	-1.59	141.96	5.1	10.95	17.1	17.8	73.4
539269269	-1.60	140.85	5.2	10.89	17.6	18.4	73.6
541270270	-1.58	139.69	5.2	10.99	18.2	18.9	74.2
543271271	-1.60	138.55	5.2	10.89	18.7	19.5	74.4
545272272	-1.61	137.42	5.3	10.82	19.3	20.0	74.6
547273273	-1.62	136.25	5.4	10.79	19.9	20.6	74.9
549274274	-1.62	135.02	5.4	10.75	20.5	21.2	75.1
551275275	-1.64	133.83	5.5	10.64	21.1	21.8	75.3
553276276	-1.66	132.52	5.7	10.52	21.8	22.5	75.4
555277277	-1.66	131.34	5.7	10.53	22.4	23.1	75.7
557278278	-1.67	130.07	5.8	10.42	23.0	23.7	75.8
559279279	-1.70	128.82	6.0	10.27	23.7	24.4	75.8
561280280	-1.71	127.49	6.1	10.20	24.4	25.1	76.0
563281281	-1.73	126.16	6.2	10.07	25.1	25.8	76.1
565282282	-1.75	124.82	6.4	9.96	25.8	26.6	76.1
567283283	-1.79	123.55	6.6	9.74	26.5	27.3	76.0
569284284	-1.83	122.31	6.8	9.55	27.1	28.0	75.9
571285285	-1.85	120.83	7.0	9.43	28.0	28.8	76.0
573286286	-1.89	119.45	7.2	9.24	28.7	29.6	75.9
575287287	-1.92	118.12	7.5	9.08	29.5	30.4	75.8
577288288	-1.96	116.71	7.7	8.92	30.3	31.2	75.7
579289289	-2.00	115.28	8.0	8.71	31.1	32.1	75.6
581290290	-2.04	113.84	8.3	8.56	31.9	33.0	75.5
583291291	-2.08	112.54	8.6	8.38	32.7	33.8	75.3
585292292	-2.13	111.15	8.9	8.20	33.5	34.7	75.1
587293293	-2.17	109.72	9.2	8.04	34.4	35.6	75.0
589294294	-2.21	108.22	9.6	7.89	35.3	36.6	74.8
591295295	-2.26	106.77	9.9	7.74	36.2	37.5	74.7
593296296	-2.31	105.29	10.4	7.57	37.1	38.5	74.4
595297297	-2.35	103.94	10.7	7.42	38.0	39.5	74.2
597298298	-2.41	102.57	11.2	7.27	38.8	40.4	74.0
599299299	-2.47	101.25	11.7	7.07	39.7	41.4	73.6
601300300	-2.52	99.80	12.1	6.94	40.6	42.4	73.4
603301301	-2.59	98.62	12.6	6.77	41.4	43.3	73.0
605302302	-2.64	97.44	13.1	6.62	42.2	44.2	72.7
607303303	-2.71	96.26	13.7	6.46	42.9	45.0	72.3
609304304	-2.76	95.18	14.1	6.36	43.6	45.9	72.0
611305305	-2.83	94.21	14.7	6.19	44.2	46.6	71.6
613306306	-2.93	93.08	15.5	5.98	44.9	47.5	71.0
615307307	-3.00	92.33	16.0	5.85	45.4	48.1	70.6
617308308	-3.05	91.72	16.4	5.76	45.8	48.6	70.3
619309309	-3.07	91.21	16.7	5.71	46.1	49.0	70.1
621310310	-3.08	90.62	16.9	5.70	46.5	49.5	70.1
623311311	-3.06	90.21	16.9	5.73	46.9	49.8	70.2
625312312	-3.04	89.61	16.9	5.78	47.4	50.3	70.4
627313313	-3.01	89.09	16.9	5.84	47.9	50.8	70.6
629314314	-2.97	88.38	16.9	5.91	48.5	51.4	70.8
631315315	-2.88	87.83	16.6	6.09	49.1	51.8	71.3
633316316	-2.81	87.29	16.4	6.23	49.7	52.3	71.8
635317317	-2.75	86.54	16.2	6.38	50.4	53.0	72.1
637318318	-2.66	85.68	16.0	6.59	51.3	53.7	72.7
639319319	-2.57	84.75	15.8	6.80	52.3	54.6	73.2
641320320	-2.47	83.77	15.5	7.07	53.3	55.5	73.8
643321321	-2.40	82.96	15.3	7.28	54.2	56.3	74.2
645322322	-2.33	81.96	15.2	7.49	55.2	57.3	74.6
647323323	-2.25	80.89	15.0	7.75	56.4	58.3	75.1
649324324	-2.16	79.86	14.7	8.09	57.6	59.4	75.7
651325325	-2.11	78.74	14.7	8.28	58.8	60.6	76.0
653326326	-2.04	77.57	14.6	8.53	60.1	61.8	76.3
655327327	-2.00	76.48	14.6	8.73	61.3	63.0	76.6
657328328	-1.94	75.31	14.6	8.99	62.7	64.4	76.9
659329329	-1.91	74.04	14.8	9.11	64.1	65.8	77.0
661330330	-1.88	72.49	15.1	9.28	66.0	67.7	77.1
663331331	-1.85	71.13	15.3	9.45	67.7	69.4	77.3
665332332	-1.82	69.99	15.5	9.57	69.1	70.8	77.3
667333333	-1.82	68.81	16.0	9.58	70.6	72.4	77.2
669334334	-1.81	67.63	16.4	9.61	72.1	73.9	77.2
671335335	-1.78	66.31	16.7	9.79	73.9	75.8	77.3
673336336	-1.76	65.02	17.0	9.91	75.8	77.7	77.3
675337337	-1.76	63.73	17.7	9.88	77.6	79.5	77.1
677338338	-1.79	62.55	18.5	9.75	79.2	81.3	76.8
679339339	-1.78	61.14	19.2	9.78	81.3	83.6	76.7
681340340	-1.79	59.86	20.0	9.74	83.3	85.7	76.5
683341341	-1.82	58.50	21.1	9.58	85.4	87.9	76.1
685342342	-1.84	56.96	22.3	9.48	87.8	90.6	75.7
687343343	-1.86	55.53	23.6	9.36	90.2	93.2	75.3
689344344	-1.91	54.00	25.4	9.12	92.7	96.1	74.7
691345345	-1.94	52.59	26.9	9.00	95.1	98.9	74.2
693346346	-1.98	50.95	29.0	8.82	98.0	102.2	73.5
695347347	-2.02	49.38	31.1	8.65	100.9	105.6	72.8
697348348	-2.06	47.57	33.8	8.48	104.4	109.7	72.0
699349349	-2.09	45.84	36.6	8.34	107.9	113.9	71.3
701350350	-2.15	44.13	40.0	8.11	111.2	118.2	70.2
703351351	-2.20	42.32	43.8	7.92	114.9	123.0	69.1
705352352	-2.24	40.54	47.6	7.81	118.9	128.1	68.2
707353353	-2.28	38.90	51.8	7.65	122.4	132.9	67.0
709354354	-2.33	36.81	57.6	7.51	127.2	139.6	65.6
711355355	-2.38	34.81	64.1	7.34	131.6	146.4	64.1
713356356	-2.43	32.86	71.1	7.20	136.1	153.5	62.4
715357357	-2.47	30.86	79.0	7.09	140.8	161.4	60.7
717358358	-2.51	29.12	86.9	6.98	144.6	168.7	59.0
719359359	-2.55	27.06	97.3	6.87	148.9	177.9	56.8
721360360	-2.58	24.95	109.5	6.77	152.9	188.1	54.4
723361361	-2.61	22.84	123.1	6.70	156.6	199.2	51.8
725362362	-2.63	20.93	137.0	6.65	159.1	210.0	49.3
727363363	-2.66	18.87	154.0	6.57	159.9	222.0	46.1
729364364	-2.68	16.68	174.1	6.53	159.3	235.9	42.5
731365365	-2.69	14.50	196.2	6.50	155.9	250.6	38.5
733366366	-2.72	12.43	218.5	6.45	148.0	263.9	34.1
735367367	-2.72	10.31	242.5	6.43	136.2	278.1	29.3
737368368	-2.73	8.13	266.8	6.41	118.0	291.7	23.9
739369369	-2.75	5.86	288.7	6.37	91.5	302.8	17.6
741370370	-2.74	3.73	306.3	6.38	62.1	312.5	11.5
743371371	-2.76	1.53	315.7	6.36	26.2	316.8	4.7
745372372	-2.77	-0.65	316.2	6.33	-11.1	316.4	-2.0
747373373	-2.78	-2.76	308.1	6.30	-45.6	311.5	-8.4
749374374	-2.80	-4.99	291.8	6.26	-77.4	301.9	-14.9
751375375	-2.81	-7.06	272.5	6.23	-101.7	290.9	-20.5
753376376	-2.84	-9.14	250.0	6.18	-119.6	277.1	-25.6
755377377	-2.85	-11.24	227.2	6.15	-132.5	263.0	-30.3
757378378	-2.87	-13.40	204.4	6.11	-140.8	248.2	-34.6
759379379	-2.89	-15.38	184.8	6.06	-144.4	234.5	-38.0
761380380	-2.93	-17.59	165.0	5.98	-145.0	219.6	-41.3
763381381	-2.96	-19.61	149.0	5.93	-143.9	207.1	-44.0
765382382	-3.01	-21.70	134.4	5.84	-140.7	194.6	-46.3
767383383	-3.04	-23.82	121.5	5.77	-137.2	183.2	-48.5
769384384	-3.10	-25.72	111.5	5.66	-132.8	173.4	-50.0
771385385	-3.18	-27.86	101.9	5.53	-127.3	163.0	-51.3
773386386	-3.28	-29.78	94.7	5.36	-121.6	154.1	-52.1
775387387	-3.38	-31.75	88.1	5.21	-116.3	145.9	-52.8
777388388	-3.48	-33.46	83.3	5.06	-111.5	139.2	-53.2
779389389	-3.61	-35.18	79.1	4.88	-106.6	132.8	-53.4
781390390	-3.73	-36.95	75.2	4.73	-102.1	126.8	-53.6
783391391	-3.87	-38.54	72.2	4.56	-97.8	121.5	-53.5
785392392	-4.01	-40.00	69.8	4.41	-93.9	117.0	-53.4
787393393	-4.13	-41.09	68.3	4.29	-90.9	113.7	-53.1
789394394	-4.25	-42.12	66.9	4.17	-88.2	110.7	-52.8
791395395	-4.35	-42.97	65.9	4.07	-85.9	108.3	-52.5
793396396	-4.39	-43.60	64.9	4.04	-84.9	106.8	-52.6
795397397	-4.40	-44.10	64.0	4.03	-84.2	105.8	-52.8
797398398	-4.36	-44.67	62.6	4.07	-84.2	105.0	-53.4
799399399	-4.21	-45.37	60.4	4.20	-85.2	104.5	-54.7
801400400	-4.07	-46.12	58.0	4.35	-86.1	103.8	-56.0
803401401	-3.85	-47.38	54.1	4.59	-87.1	102.5	-58.1
805402402	-3.64	-49.17	49.6	4.84	-86.9	100.1	-60.3
807403403	-3.43	-51.34	44.6	5.13	-85.9	96.8	-62.6
809404404	-3.24	-53.84	39.7	5.43	-84.1	93.0	-64.7
811405405	-3.08	-56.66	35.2	5.70	-81.3	88.6	-66.6
813406406	-2.96	-59.62	31.4	5.92	-78.0	84.1	-68.1
815407407	-2.89	-62.77	28.4	6.06	-74.3	79.5	-69.1
817408408	-2.81	-65.87	25.6	6.23	-70.9	75.3	-70.2
819409409	-2.77	-68.96	23.5	6.31	-67.4	71.4	-70.8
821410410	-2.77	-71.97	21.9	6.31	-64.1	67.7	-71.1
823411411	-2.75	-75.15	20.2	6.38	-60.9	64.1	-71.6
825412412	-2.74	-78.17	19.0	6.40	-57.9	60.9	-71.9
827413413	-2.74	-81.12	17.9	6.40	-55.1	58.0	-72.0
829414414	-2.75	-84.04	17.0	6.37	-52.5	55.2	-72.1
831415415	-2.76	-86.92	16.2	6.35	-50.1	52.6	-72.1
833416416	-2.77	-89.65	15.5	6.33	-47.8	50.3	-72.0
835417417	-2.78	-92.34	14.9	6.30	-45.7	48.1	-72.0
837418418	-2.81	-95.02	14.4	6.25	-43.7	46.0	-71.7
839419419	-2.81	-97.70	13.9	6.23	-41.7	44.0	-71.6
841420420	-2.82	-100.30	13.4	6.21	-39.9	42.1	-71.4
843421421	-2.83	-102.72	13.0	6.19	-38.3	40.4	-71.2
845422422	-2.84	-105.16	12.6	6.18	-36.7	38.8	-71.0
847423423	-2.86	-107.37	12.4	6.13	-35.3	37.4	-70.7
849424424	-2.89	-109.62	12.2	6.07	-33.8	36.0	-70.2
851425425	-2.88	-111.88	11.8	6.08	-32.5	34.6	-70.0
853426426	-2.91	-114.02	11.6	6.04	-31.2	33.3	-69.5
855427427	-2.91	-116.07	11.4	6.02	-30.0	32.1	-69.2
857428428	-2.95	-118.06	11.3	5.94	-28.9	31.0	-68.6
859429429	-2.97	-120.07	11.2	5.91	-27.7	29.9	-68.1
861430430	-3.00	-121.95	11.1	5.85	-26.7	28.9	-67.4
863431431	-3.01	-123.87	10.9	5.83	-25.7	27.9	-66.9
865432432	-3.02	-125.77	10.8	5.81	-24.7	26.9	-66.4
867433433	-3.05	-127.66	10.7	5.76	-23.7	26.0	-65.6
869434434	-3.09	-129.49	10.7	5.67	-22.7	25.1	-64.8
871435435	-3.12	-131.30	10.6	5.63	-21.8	24.2	-64.0
873436436	-3.14	-133.07	10.6	5.59	-20.9	23.4	-63.2
875437437	-3.18	-134.95	10.6	5.52	-19.9	22.6	-62.1
877438438	-3.20	-136.79	10.5	5.49	-19.0	21.7	-61.2
879439439	-3.23	-138.50	10.5	5.44	-18.2	21.0	-60.1
881440440	-3.27	-140.22	10.5	5.38	-17.4	20.3	-58.9
883441441	-3.28	-141.98	10.4	5.35	-16.6	19.6	-57.8
885442442	-3.30	-143.75	10.3	5.33	-15.7	18.8	-56.7
887443443	-3.30	-145.48	10.3	5.32	-14.9	18.1	-55.5
889444444	-3.31	-147.37	10.2	5.31	-14.1	17.4	-54.1
891445445	-3.32	-149.19	10.1	5.30	-13.2	16.7	-52.6
893446446	-3.33	-151.01	10.1	5.28	-12.4	16.0	-51.0
895447447	-3.35	-152.78	10.0	5.26	-11.6	15.4	-49.2
897448448	-3.36	-154.60	10.0	5.24	-10.8	14.8	-47.3
899449449	-3.36	-156.30	10.0	5.23	-10.1	14.2	-45.4
901450450	-3.35	-158.09	9.9	5.25	-9.3	13.6	-43.3
903451451	-3.33	-159.86	9.8	5.28	-8.6	13.0	-41.2
905452452	-3.32	-161.63	9.7	5.30	-7.8	12.4	-38.8
907453453	-3.30	-163.36	9.6	5.33	-7.0	11.9	-36.4
909454454	-3.27	-164.97	9.5	5.38	-6.4	11.4	-33.9
911455455	-3.25	-166.64	9.4	5.41	-5.7	10.9	-31.1
913456456	-3.20	-168.37	9.2	5.48	-4.9	10.4	-28.1
915457457	-3.18	-169.87	9.1	5.53	-4.3	10.1	-25.2
917458458	-3.14	-171.45	9.0	5.59	-3.6	9.7	-21.9
919459459	-3.10	-173.04	8.9	5.66	-2.9	9.3	-18.4
921460460	-3.05	-174.57	8.7	5.75	-2.3	9.0	-14.8
923461461	-3.01	-176.06	8.6	5.83	-1.7	8.7	-11.0
925462462	-2.96	-177.51	8.4	5.93	-1.1	8.5	-7.1
927463463	-2.90	-179.05	8.3	6.04	-0.4	8.3	-2.8
929464464	-2.86	179.57	8.1	6.14	0.2	8.2	1.3
931465465	-2.81	178.16	8.0	6.24	0.8	8.1	5.6
933466466	-2.75	176.74	7.9	6.36	1.4	8.0	10.0
935467467	-2.70	175.43	7.7	6.50	1.9	8.0	14.2
937468468	-2.64	174.14	7.6	6.62	2.5	8.0	18.3
939469469	-2.59	172.74	7.4	6.75	3.1	8.1	22.7
941470470	-2.54	171.48	7.3	6.90	3.6	8.2	26.6
943471471	-2.47	170.24	7.1	7.07	4.2	8.3	30.4
945472472	-2.43	169.07	7.0	7.19	4.7	8.4	33.8
947473473	-2.38	167.88	6.9	7.34	5.2	8.6	37.1
949474474	-2.32	166.67	6.7	7.52	5.7	8.8	40.4
951475475	-2.27	165.35	6.6	7.69	6.3	9.1	43.7
953476476	-2.21	164.20	6.4	7.91	6.8	9.4	46.7
955477477	-2.16	163.06	6.3	8.07	7.3	9.7	49.2
957478478	-2.12	161.93	6.2	8.23	7.8	10.0	51.5
959479479	-2.06	160.84	6.1	8.48	8.3	10.3	53.9
961480480	-2.01	159.63	6.0	8.66	8.9	10.7	56.1
963481481	-1.97	158.44	5.8	8.87	9.4	11.1	58.1
965482482	-1.92	157.41	5.7	9.09	9.9	11.4	59.9
967483483	-1.87	156.22	5.6	9.32	10.4	11.8	61.7
969484484	-1.83	155.04	5.5	9.55	10.9	12.2	63.4
971485485	-1.76	153.91	5.3	9.91	11.5	12.6	65.1
973486486	-1.71	152.76	5.2	10.19	12.0	13.1	66.6
975487487	-1.65	151.48	5.0	10.55	12.6	13.6	68.2
977488488	-1.61	150.33	4.9	10.85	13.1	14.0	69.4
979489489	-1.56	148.98	4.8	11.18	13.8	14.6	70.7
981490490	-1.50	147.70	4.7	11.58	14.4	15.1	72.0
983491491	-1.46	146.56	4.6	11.96	14.9	15.6	73.0
985492492	-1.40	145.25	4.4	12.40	15.5	16.2	74.1
987493493	-1.34	143.93	4.3	13.00	16.2	16.7	75.3
989494494	-1.29	142.67	4.1	13.48	16.8	17.3	76.2
991495495	-1.23	141.23	4.0	14.10	17.5	17.9	77.2
993496496	-1.16	140.23	3.8	15.01	18.0	18.4	78.2
995497497	-1.12	138.94	3.7	15.51	18.6	19.0	78.8
997498498	-1.05	137.74	3.5	16.50	19.2	19.6	79.7
999499499	-1.02	136.70	3.4	17.12	19.8	20.1	80.3
1001500500	-0.94	134.87	3.2	18.46	20.7	20.9	81.3
1003501501	-0.89	133.28	3.0	19.62	21.5	21.7	82.0
1005502502	-0.82	131.73	2.8	21.08	22.3	22.5	82.7
1007503503	-0.76	130.27	2.7	22.88	23.1	23.3	83.5
1009504504	-0.69	128.73	2.4	25.14	23.9	24.1	84.2
1011505505	-0.63	127.20	2.2	27.76	24.8	24.9	84.8
1013506506	-0.55	125.75	2.0	31.54	25.6	25.7	85.5
1015507507	-0.50	124.18	1.8	34.90	26.5	26.5	86.0
1017508508	-0.45	122.65	1.7	38.71	27.3	27.4	86.5
1019509509	-0.38	120.94	1.5	45.29	28.3	28.3	87.1
1021510510	-0.33	119.38	1.3	52.47	29.2	29.2	87.5
1023511511	-0.29	117.87	1.1	60.51	30.1	30.1	87.9
1025512512	-0.24	116.11	0.9	73.74	31.2	31.2	88.3
1027513513	-0.20	114.51	0.8	87.89	32.1	32.2	88.6
1029514514	-0.14	112.68	0.6	124.55	33.3	33.3	89.0
1031515515	-0.12	110.96	0.5	140.51	34.4	34.4	89.1
1033516516	-0.09	109.32	0.4	185.40	35.5	35.5	89.3
1035517517	-0.08	107.57	0.4	216.48	36.6	36.6	89.4
1037518518	-0.05	105.86	0.2	317.20	37.8	37.8	89.6
1039519519	-0.06	104.16	0.3	278.67	39.0	39.0	89.6
1041520520	-0.07	102.45	0.3	239.83	40.2	40.2	89.5
1043521521	-0.10	100.72	0.5	176.64	41.4	41.4	89.3
1045522522	-1.40	159.75	4.1	12.47	8.9	9.8	65.0
1047523523	-0.12	144.70	0.4	143.56	15.9	15.9	88.6
1049524524	-0.69	93.65	3.7	25.16	46.8	46.9	85.4
1051525525	-1.28	86.51	7.8	13.64	52.5	53.1	81.6
1053526526	-1.32	84.30	8.3	13.23	54.5	55.2	81.3
1055527527	-1.36	81.89	9.0	12.76	56.8	57.5	80.9
1057528528	-1.39	79.43	9.7	12.51	59.3	60.1	80.7
1059529529	-1.44	77.03	10.6	12.06	61.7	62.6	80.3
1061530530	-1.48	74.95	11.4	11.73	64.0	65.0	79.9
1063531531	-1.55	72.39	12.6	11.21	66.8	68.0	79.3
1065532532	-1.62	69.77	13.9	10.78	69.9	71.2	78.7
1067533533	-1.66	67.39	15.2	10.49	72.8	74.4	78.2
1069534534	-1.73	64.78	16.8	10.10	76.2	78.0	77.5
1071535535	-1.83	62.31	19.0	9.54	79.4	81.7	76.5
1073536536	-1.93	59.81	21.5	9.03	82.8	85.5	75.5
1075537537	-2.06	57.15	24.7	8.47	86.5	89.9	74.1
1077538538	-2.21	54.45	28.5	7.90	90.2	94.6	72.4
1079539539	-2.35	51.91	32.7	7.43	93.7	99.2	70.8
1081540540	-2.53	49.33	37.8	6.90	96.9	104.1	68.7
1083541541	-2.70	46.79	43.4	6.47	100.1	109.1	66.5
1085542542	-2.93	44.00	50.8	5.98	102.7	114.6	63.7
1087543543	-3.17	41.23	59.2	5.54	104.6	120.1	60.5
1089544544	-3.45	38.35	68.9	5.10	104.9	125.5	56.7
1091545545	-3.72	35.65	78.7	4.74	103.9	130.3	52.9
1093546546	-4.04	32.74	89.6	4.38	100.5	134.7	48.3
1095547547	-4.36	29.71	100.6	4.07	95.3	138.6	43.4
1097548548	-4.75	26.45	111.4	3.75	86.4	141.0	37.8
1099549549	-5.17	23.10	120.1	3.46	74.7	141.5	31.9
1101550550	-5.67	19.70	125.3	3.17	60.4	139.1	25.7
1103551551	-6.14	16.04	128.2	2.95	46.2	136.3	19.8
1105552552	-6.70	12.20	126.8	2.72	31.5	130.7	14.0
1107553553	-7.30	8.01	122.7	2.52	18.1	124.0	8.4
1109554554	-7.94	3.60	116.4	2.34	7.0	116.6	3.4
1111555555	-8.61	-1.44	108.9	2.18	-2.3	108.9	-1.2
1113556556	-9.33	-6.33	100.9	2.04	-8.6	101.3	-4.9
1115557557	-10.00	-12.00	93.5	1.92	-13.6	94.4	-8.3
1117558558	-10.76	-18.34	85.8	1.82	-17.1	87.5	-11.3
1119559559	-11.47	-25.64	78.7	1.73	-19.6	81.1	-14.0
1121560560	-12.16	-34.39	71.8	1.65	-21.3	74.9	-16.5
1123561561	-12.81	-43.05	66.0	1.59	-21.8	69.5	-18.2
1125562562	-13.19	-53.52	60.4	1.56	-22.4	64.5	-20.3
1127563563	-13.46	-64.63	55.3	1.54	-22.2	59.6	-21.9
1129564564	-13.61	-75.94	50.8	1.53	-21.5	55.1	-23.0
1131565565	-13.49	-87.30	46.6	1.54	-20.6	51.0	-23.9
1133566566	-13.20	-97.54	43.1	1.56	-19.6	47.3	-24.5
1135567567	-12.84	-106.77	40.0	1.59	-18.5	44.1	-24.7
1137568568	-12.33	-116.00	37.1	1.64	-17.1	40.8	-24.8
1139569569	-11.77	-123.78	34.5	1.69	-15.8	38.0	-24.7
1141570570	-11.21	-130.85	32.2	1.76	-14.5	35.3	-24.3
1143571571	-10.61	-137.29	30.0	1.84	-13.2	32.8	-23.7
1145572572	-10.06	-143.41	28.1	1.92	-11.7	30.4	-22.6
1147573573	-9.50	-149.01	26.3	2.01	-10.2	28.2	-21.2
1149574574	-8.97	-154.01	24.7	2.11	-8.8	26.2	-19.7
1151575575	-8.45	-158.64	23.2	2.22	-7.5	24.4	-17.8
1153576576	-8.00	-162.85	21.9	2.32	-6.1	22.8	-15.6
1155577577	-7.55	-166.85	20.7	2.45	-4.8	21.2	-13.0
1157578578	-7.10	-171.03	19.5	2.58	-3.3	19.8	-9.7
1159579579	-6.63	-174.53	18.3	2.74	-2.1	18.4	-6.5
1161580580	-6.22	-178.04	17.2	2.91	-0.8	17.2	-2.5
1163581581	-5.84	178.53	16.2	3.09	0.6	16.2	2.0
1165582582	-5.46	175.44	15.2	3.29	1.8	15.3	6.8
1167583583	-5.10	172.18	14.3	3.51	3.1	14.7	12.4
1169584584	-4.77	169.15	13.5	3.73	4.4	14.2	18.1
1171585585	-4.47	166.21	12.8	3.97	5.7	14.0	23.9
1173586586	-4.14	163.26	11.9	4.28	6.9	13.8	30.2
1175587587	-3.83	160.46	11.2	4.61	8.2	13.8	36.3
1177588588	-3.56	157.45	10.5	4.95	9.5	14.2	42.3
1179589589	-3.29	154.79	9.8	5.34	10.8	14.6	47.7
1181590590	-3.01	151.94	9.1	5.82	12.1	15.1	53.1
1183591591	-2.80	149.27	8.6	6.25	13.4	15.9	57.3
1185592592	-2.59	146.08	8.1	6.76	14.9	16.9	61.5
1187593593	-2.42	143.46	7.7	7.23	16.2	17.9	64.6
1189594594	-2.25	140.55	7.3	7.76	17.6	19.0	67.6
1191595595	-2.11	137.94	6.9	8.29	18.9	20.1	69.9
1193596596	-2.00	134.84	6.7	8.74	20.5	21.5	71.9
1195597597	-1.90	132.09	6.5	9.19	21.9	22.8	73.5
1197598598	-1.84	129.37	6.4	9.50	23.3	24.2	74.6
1199599599	-1.78	126.46	6.4	9.79	24.9	25.7	75.6
1201600600	-1.80	123.32	6.6	9.70	26.6	27.4	76.0
1203601601	-1.80	120.64	6.8	9.69	28.1	28.9	76.4
1205602602	-1.86	117.74	7.3	9.37	29.7	30.6	76.3
1207603603	-1.94	114.98	7.8	8.98	31.3	32.3	76.0
1209604604	-2.06	112.14	8.5	8.49	33.0	34.0	75.5
1211605605	-2.15	109.56	9.1	8.13	34.5	35.7	75.2
1213606606	-2.29	106.75	10.1	7.63	36.2	37.6	74.4
1215607607	-2.46	104.44	11.1	7.11	37.5	39.2	73.5
1217608608	-2.62	102.96	12.0	6.69	38.4	40.2	72.6
1219609609	-2.75	101.18	12.9	6.37	39.4	41.5	71.8
1221610610	-2.81	99.71	13.5	6.23	40.3	42.5	71.5
1223611611	-2.84	98.64	13.8	6.17	41.0	43.3	71.4
1225612612	-2.88	97.65	14.2	6.10	41.7	44.0	71.2
1227613613	-2.82	96.60	14.2	6.20	42.5	44.8	71.6
1229614614	-2.73	95.50	13.9	6.42	43.4	45.6	72.2
1231615615	-2.53	94.36	13.2	6.91	44.6	46.5	73.5
1233616616	-2.29	92.47	12.4	7.64	46.3	48.0	75.1
1235617617	-2.01	90.61	11.2	8.68	48.2	49.5	76.9
1237618618	-1.76	87.88	10.4	9.92	50.8	51.8	78.5
1239619619	-1.48	84.35	9.3	11.77	54.3	55.1	80.2
1241620620	-1.24	80.83	8.4	14.03	58.0	58.6	81.7
1243621621	-1.06	76.92	7.9	16.36	62.3	62.8	82.8
1245622622	-0.82	72.63	6.7	21.25	67.6	67.9	84.4
1247623623	-0.65	68.06	5.9	26.90	73.7	74.0	85.4
1249624624	-0.52	63.59	5.4	33.18	80.4	80.6	86.1
1251625625	-0.42	58.89	5.0	41.13	88.4	88.5	86.7
1253626626	-0.39	53.93	5.4	44.99	98.1	98.2	86.9
1255627627	-0.36	49.39	5.9	48.11	108.5	108.6	86.9
1257628628	-0.35	44.52	7.0	49.40	121.8	122.0	86.7
1259629629	-0.36	40.01	8.8	48.29	136.8	137.1	86.3
1261630630	-0.39	35.08	12.4	44.10	157.3	157.8	85.5
1263631631	-0.44	30.62	18.1	39.22	180.9	181.9	84.3
1265632632	-0.54	26.25	29.6	32.20	210.5	212.6	82.0
1267633633	-0.65	21.75	50.7	26.67	250.4	255.5	78.5
1269634634	-0.77	17.55	87.8	22.61	298.8	311.4	73.6
1271635635	-0.92	13.43	160.7	18.95	352.7	387.6	65.5
1273636636	-1.03	9.37	291.6	16.91	399.8	494.8	53.9
1275637637	-1.20	5.78	473.4	14.52	344.6	585.6	36.0
1277638638	-1.41	1.84	592.3	12.31	116.3	603.6	11.1
1279639639	-1.55	-1.87	542.2	11.20	-98.3	551.0	-10.3
1281640640	-1.75	-5.50	406.2	9.96	-191.8	449.2	-25.3
1283641641	-1.91	-8.94	304.2	9.12	-212.8	371.2	-35.0
1285642642	-2.13	-12.42	231.1	8.21	-201.1	306.3	-41.0
1287643643	-2.30	-15.73	184.2	7.61	-186.7	262.3	-45.4
1289644644	-2.50	-19.06	151.1	7.00	-169.3	226.9	-48.2
1291645645	-2.68	-22.58	125.7	6.54	-154.2	199.0	-50.8
1293646646	-2.88	-25.87	108.5	6.08	-140.0	177.1	-52.2
1295647647	-3.08	-28.86	96.4	5.71	-128.7	160.8	-53.2
1297648648	-3.23	-32.03	85.6	5.44	-119.4	146.9	-54.4
1299649649	-3.44	-35.46	76.7	5.12	-109.6	133.7	-55.0
1301650650	-3.58	-38.81	69.0	4.93	-102.2	123.3	-56.0
1303651651	-3.73	-41.99	63.2	4.73	-95.5	114.5	-56.5
1305652652	-3.87	-45.06	58.3	4.57	-89.7	107.0	-57.0
1307653653	-4.00	-48.27	53.9	4.42	-84.4	100.1	-57.4
1309654654	-4.10	-51.28	50.2	4.32	-80.0	94.4	-57.9
1311655655	-4.23	-54.28	47.2	4.19	-75.6	89.1	-58.0
1313656656	-4.33	-57.46	44.1	4.09	-71.6	84.1	-58.3
1315657657	-4.40	-60.49	41.4	4.03	-68.1	79.7	-58.7
1317658658	-4.47	-63.37	39.1	3.98	-65.1	75.9	-59.0
1319659659	-4.53	-66.19	37.1	3.92	-62.2	72.4	-59.2
1321660660	-4.54	-68.93	35.0	3.92	-59.8	69.3	-59.7
1323661661	-4.55	-71.65	33.2	3.91	-57.5	66.4	-60.0
1325662662	-4.56	-74.36	31.5	3.90	-55.3	63.6	-60.3
1327663663	-4.58	-76.79	30.2	3.88	-53.3	61.2	-60.4
1329664664	-4.59	-79.24	28.9	3.88	-51.4	59.0	-60.6
1331665665	-4.55	-81.67	27.5	3.90	-49.7	56.8	-61.0
1333666666	-4.54	-83.96	26.4	3.91	-48.1	54.8	-61.2
1335667667	-4.54	-86.04	25.5	3.92	-46.6	53.1	-61.3
1337668668	-4.48	-88.04	24.5	3.96	-45.4	51.5	-61.7
1339669669	-4.46	-90.12	23.6	3.98	-44.0	49.9	-61.8
1341670670	-4.42	-92.19	22.7	4.01	-42.7	48.3	-62.0
1343671671	-4.40	-94.13	22.0	4.03	-41.4	46.9	-62.1
1345672672	-4.34	-96.08	21.1	4.08	-40.3	45.5	-62.3
1347673673	-4.29	-97.72	20.4	4.13	-39.4	44.3	-62.6
1349674674	-4.22	-99.43	19.7	4.20	-38.4	43.2	-62.9
1351675675	-4.20	-100.93	19.2	4.22	-37.5	42.1	-62.9
1353676676	-4.17	-102.48	18.7	4.24	-36.6	41.1	-62.9
1355677677	-4.10	-104.02	18.1	4.31	-35.8	40.1	-63.2
1357678678	-4.05	-105.69	17.5	4.36	-34.9	39.0	-63.3
1359679679	-4.02	-107.20	17.1	4.39	-34.0	38.0	-63.3
1361680680	-3.98	-108.58	16.7	4.44	-33.2	37.2	-63.4
1363681681	-3.94	-109.80	16.3	4.48	-32.6	36.4	-63.5
1365682682	-3.90	-111.08	15.9	4.52	-31.9	35.6	-63.5
1367683683	-3.84	-112.56	15.4	4.59	-31.1	34.7	-63.7
1369684684	-3.80	-113.83	15.0	4.64	-30.5	34.0	-63.7
1371685685	-3.76	-115.08	14.7	4.69	-29.8	33.2	-63.8
1373686686	-3.69	-116.10	14.3	4.77	-29.3	32.6	-64.0
1375687687	-3.67	-117.24	14.1	4.80	-28.7	32.0	-63.9
1377688688	-3.64	-118.55	13.8	4.84	-28.0	31.2	-63.8
1379689689	-3.56	-119.87	13.3	4.95	-27.4	30.4	-64.1
1381690690	-3.53	-120.99	13.1	4.99	-26.8	29.8	-64.0
1383691691	-3.49	-121.84	12.8	5.04	-26.4	29.3	-64.1
1385692692	-3.44	-123.16	12.5	5.11	-25.7	28.6	-64.1
1387693693	-3.40	-124.16	12.2	5.18	-25.2	28.1	-64.1
1389694694	-3.37	-125.28	12.0	5.23	-24.7	27.4	-64.1
1391695695	-3.32	-126.20	11.8	5.30	-24.2	26.9	-64.1
1393696696	-3.25	-127.16	11.4	5.40	-23.8	26.4	-64.3
1395697697	-3.20	-128.19	11.2	5.49	-23.3	25.8	-64.4
1397698698	-3.13	-129.25	10.8	5.61	-22.8	25.2	-64.5
1399699699	-3.08	-130.24	10.6	5.70	-22.3	24.7	-64.6
1401700700	-3.01	-131.02	10.3	5.83	-22.0	24.3	-64.9
1403701701	-2.96	-132.16	10.0	5.93	-21.4	23.7	-64.9
1405702702	-2.90	-132.89	9.8	6.05	-21.1	23.2	-65.1
1407703703	-2.85	-133.61	9.6	6.15	-20.8	22.9	-65.2
1409704704	-2.78	-134.54	9.3	6.29	-20.3	22.4	-65.4
1411705705	-2.73	-135.34	9.1	6.41	-20.0	21.9	-65.5
1413706706	-2.66	-136.19	8.8	6.58	-19.6	21.5	-65.8
1415707707	-2.60	-136.91	8.6	6.72	-19.2	21.1	-66.0
1417708708	-2.54	-137.49	8.3	6.90	-19.0	20.7	-66.3
1419709709	-2.47	-138.28	8.1	7.07	-18.6	20.3	-66.6
1421710710	-2.40	-139.08	7.8	7.28	-18.3	19.9	-66.9
1423711711	-2.34	-139.73	7.6	7.48	-18.0	19.5	-67.2
1425712712	-2.27	-140.30	7.3	7.70	-17.7	19.2	-67.5
1427713713	-2.21	-140.85	7.1	7.91	-17.5	18.9	-67.9
1429714714	-2.13	-141.55	6.8	8.21	-17.1	18.5	-68.3
1431715715	-2.05	-142.13	6.6	8.49	-16.9	18.1	-68.7
1433716716	-2.01	-142.66	6.4	8.70	-16.6	17.8	-69.0
1435717717	-1.96	-143.03	6.2	8.92	-16.5	17.6	-69.3
1437718718	-1.89	-143.64	6.0	9.23	-16.2	17.3	-69.7
1439719719	-1.81	-144.22	5.7	9.62	-15.9	16.9	-70.2
1441720720	-1.73	-144.52	5.5	10.10	-15.8	16.7	-71.0
1443721721	-1.66	-144.83	5.2	10.52	-15.7	16.5	-71.6
1445722722	-1.61	-145.26	5.1	10.81	-15.5	16.3	-71.9
1447723723	-1.55	-145.71	4.9	11.23	-15.3	16.0	-72.3
1449724724	-1.51	-146.11	4.7	11.52	-15.1	15.8	-72.6
1451725725	-1.46	-146.49	4.6	11.97	-14.9	15.6	-73.0
1453726726	-1.38	-146.83	4.3	12.61	-14.8	15.4	-73.7
1455727727	-1.34	-147.12	4.2	13.00	-14.7	15.2	-74.1
1457728728	-1.29	-147.34	4.0	13.51	-14.6	15.1	-74.6
1459729729	-1.26	-147.63	3.9	13.84	-14.4	15.0	-74.8
1461730730	-1.20	-147.96	3.7	14.45	-14.3	14.8	-75.3
1463731731	-1.17	-148.17	3.6	14.88	-14.2	14.6	-75.6
1465732732	-1.13	-148.41	3.5	15.45	-14.1	14.5	-76.1
1467733733	-1.06	-148.66	3.3	16.34	-14.0	14.4	-76.7
1469734734	-1.03	-148.85	3.2	16.86	-13.9	14.2	-77.0
1471735735	-1.02	-149.03	3.2	17.05	-13.8	14.2	-77.1
1473736736	-1.01	-149.26	3.1	17.13	-13.7	14.0	-77.1
1475737737	-0.98	-149.36	3.0	17.80	-13.6	14.0	-77.5
1477738738	-0.92	-149.59	2.8	18.99	-13.5	13.8	-78.2
1479739739	-0.87	-149.85	2.7	19.90	-13.4	13.7	-78.7
1481740740	-0.84	-149.96	2.6	20.60	-13.4	13.6	-79.0
1483741741	-0.86	-150.22	2.6	20.31	-13.3	13.5	-78.8
1485742742	-0.85	-150.34	2.6	20.52	-13.2	13.5	-78.8
1487743743	-0.81	-150.54	2.5	21.57	-13.1	13.3	-79.3
1489744744	-0.81	-150.86	2.5	21.39	-13.0	13.2	-79.1
1491745745	-0.82	-150.98	2.5	21.32	-12.9	13.1	-79.0
1493746746	-0.77	-151.27	2.4	22.55	-12.8	13.0	-79.5
1495747747	-0.76	-151.39	2.3	22.91	-12.7	12.9	-79.6
1497748748	-0.79	-151.42	2.4	22.11	-12.7	12.9	-79.3
1499749749	-0.77	-151.83	2.3	22.71	-12.5	12.7	-79.4
1501750750	-0.75	-151.99	2.3	23.29	-12.4	12.7	-79.6
1503751751	-0.74	-152.33	2.3	23.50	-12.3	12.5	-79.6
1505752752	-0.72	-152.49	2.2	24.26	-12.2	12.4	-79.9
1507753753	-0.72	-152.89	2.2	24.02	-12.0	12.2	-79.6
1509754754	-0.73	-153.25	2.2	23.84	-11.9	12.1	-79.4
1511755755	-0.74	-153.43	2.2	23.65	-11.8	12.0	-79.3
1513756756	-0.72	-153.76	2.2	24.27	-11.6	11.8	-79.4
1515757757	-0.72	-154.06	2.2	24.19	-11.5	11.7	-79.3
1517758758	-0.70	-154.26	2.1	24.86	-11.4	11.6	-79.5
1519759759	-0.67	-154.58	2.0	25.77	-11.3	11.4	-79.7
1521760760	-0.69	-155.03	2.1	25.19	-11.1	11.2	-79.3
1523761761	-0.67	-155.38	2.0	26.03	-10.9	11.1	-79.5
1525762762	-0.62	-156.21	1.9	28.17	-10.5	10.7	-80.0
1527763763	-0.55	-157.64	1.7	31.43	-9.9	10.0	-80.5
1529764764	-0.59	-156.61	1.8	29.27	-10.3	10.5	-80.2
1531765765	-0.62	-156.39	1.9	27.95	-10.4	10.6	-79.9
1533766766	-0.63	-156.82	1.9	27.62	-10.2	10.4	-79.6
1535767767	-0.59	-157.05	1.8	29.34	-10.1	10.3	-80.1
1537768768	-0.58	-157.34	1.7	30.08	-10.0	10.2	-80.2
1539769769	-0.55	-157.93	1.7	31.39	-9.7	9.9	-80.4
1541770770	-0.58	-158.50	1.7	29.98	-9.5	9.6	-79.7
1543771771	-0.56	-158.80	1.7	31.09	-9.3	9.5	-79.9
1545772772	-0.53	-159.11	1.6	32.58	-9.2	9.3	-80.2
1547773773	-0.48	-159.67	1.4	35.85	-9.0	9.1	-80.9
1549774774	-0.49	-160.00	1.4	35.75	-8.8	8.9	-80.7
1551775775	-0.48	-160.54	1.4	36.26	-8.6	8.7	-80.6
1553776776	-0.43	-160.75	1.3	40.31	-8.5	8.6	-81.4
1555777777	-0.39	-161.29	1.2	44.62	-8.2	8.3	-82.0
1557778778	-0.38	-161.93	1.1	46.10	-7.9	8.0	-82.0
1559779779	-0.35	-162.28	1.0	49.62	-7.8	7.9	-82.5
1561780780	-0.30	-162.69	0.9	57.77	-7.6	7.7	-83.4
1563781781	-0.29	-163.26	0.8	60.64	-7.4	7.4	-83.5
1565782782	-0.24	-163.77	0.7	71.58	-7.1	7.2	-84.3
1567783783	-0.17	-164.27	0.5	100.47	-6.9	6.9	-85.8
1569784784	-0.13	-164.48	0.4	131.37	-6.8	6.8	-86.7
1571785785	-0.12	-165.24	0.3	147.02	-6.5	6.5	-86.9
1573786786	-0.08	-165.62	0.2	213.55	-6.3	6.3	-87.8
1575787787	-0.05	-165.75	0.1	352.59	-6.2	6.3	-88.7
1577788788	0.00	-166.18	0.0	?	-6.1	6.1	-90.0
1579789789	0.00	-166.67	0.0	?	-5.8	5.8	-90.0
1581790790	0.00	-167.28	0.0	?	-5.6	5.6	-90.0
1583791791	0.00	-167.44	0.0	?	-5.5	5.5	-90.0
1585792792	0.00	-167.95	0.0	?	-5.3	5.3	-90.0
1587793793	0.00	-168.52	0.0	?	-5.0	5.0	-90.0
1589794794	0.00	-168.83	0.0	?	-4.9	4.9	-90.0
1591795795	0.00	-169.12	0.0	?	-4.8	4.8	-90.0
1593796796	0.00	-169.63	0.0	?	-4.5	4.5	-90.0
1595797797	0.00	-169.92	0.0	?	-4.4	4.4	-90.0
1597798798	0.00	-170.31	0.0	?	-4.2	4.2	-90.0
1599799799	0.00	-170.69	0.0	?	-4.1	4.1	-90.0
1601800800	0.00	-170.98	0.0	?	-3.9	3.9	-90.0
1603801801	0.00	-171.34	0.0	?	-3.8	3.8	-90.0
1605802802	0.00	-171.55	0.0	?	-3.7	3.7	-90.0
1607803803	0.00	-171.90	0.0	?	-3.5	3.5	-90.0
1609804804	0.00	-172.34	0.0	?	-3.3	3.3	-90.0
1611805805	0.00	-172.67	0.0	?	-3.2	3.2	-90.0
1613806806	0.00	-172.97	0.0	?	-3.1	3.1	-90.0
1615807807	0.00	-173.20	0.0	?	-3.0	3.0	-90.0
1617808808	0.00	-173.70	0.0	?	-2.8	2.8	-90.0
1619809809	0.00	-174.19	0.0	?	-2.5	2.5	-90.0
1621810810	0.00	-174.46	0.0	?	-2.4	2.4	-90.0
1623811811	0.00	-174.58	0.0	?	-2.4	2.4	-90.0
1625812812	0.00	-174.95	0.0	?	-2.2	2.2	-90.0
1627813813	0.00	-175.30	0.0	?	-2.1	2.1	-90.0
1629814814	0.00	-175.57	0.0	?	-1.9	1.9	-90.0
1631815815	0.00	-175.86	0.0	?	-1.8	1.8	-90.0
1633816816	0.00	-176.05	0.0	?	-1.7	1.7	-90.0
1635817817	0.00	-176.31	0.0	?	-1.6	1.6	-90.0
1637818818	0.00	-176.78	0.0	?	-1.4	1.4	-90.0
1639819819	0.00	-177.06	0.0	?	-1.3	1.3	-90.0
1641820820	0.00	-177.37	0.0	?	-1.1	1.1	-90.0
1643821821	0.00	-177.79	0.0	?	-1.0	1.0	-90.0
1645822822	0.00	-177.94	0.0	?	-0.9	0.9	-90.0
1647823823	0.00	-178.25	0.0	?	-0.8	0.8	-90.0
1649824824	0.00	-178.49	0.0	?	-0.7	0.7	-90.0
1651825825	0.00	-178.86	0.0	?	-0.5	0.5	-90.0
1653826826	0.00	-179.22	0.0	?	-0.3	0.3	-90.0
1655827827	0.00	-179.26	0.0	?	-0.3	0.3	-90.0
1657828828	0.00	-179.54	0.0	?	-0.2	0.2	-90.0
1659829829	0.00	179.93	0.0	?	0.0	0.0	90.0
1661830830	0.00	179.71	0.0	?	0.1	0.1	90.0
1663831831	0.00	179.49	0.0	?	0.2	0.2	90.0
1665832832	0.00	179.00	0.0	?	0.4	0.4	90.0
1667833833	0.00	178.63	0.0	?	0.6	0.6	90.0
1669834834	0.00	178.17	0.0	?	0.8	0.8	90.0
1671835835	0.00	177.71	0.0	?	1.0	1.0	90.0
1673836836	0.00	177.35	0.0	?	1.2	1.2	90.0
1675837837	0.00	176.79	0.0	?	1.4	1.4	90.0
1677838838	0.00	176.47	0.0	?	1.5	1.5	90.0
1679839839	0.00	176.11	0.0	?	1.7	1.7	90.0
1681840840	0.00	175.83	0.0	?	1.8	1.8	90.0
1683841841	0.00	174.99	0.0	?	2.2	2.2	90.0
1685842842	0.00	174.69	0.0	?	2.3	2.3	90.0
1687843843	0.00	174.05	0.0	?	2.6	2.6	90.0
1689844844	0.00	173.38	0.0	?	2.9	2.9	90.0
1691845845	0.00	173.27	0.0	?	2.9	2.9	90.0
1693846846	0.00	172.62	0.0	?	3.2	3.2	90.0
1695847847	0.00	171.98	0.0	?	3.5	3.5	90.0
1697848848	0.00	171.82	0.0	?	3.6	3.6	90.0
1699849849	0.00	171.26	0.0	?	3.8	3.8	90.0
1701850850	0.00	170.51	0.0	?	4.1	4.1	90.0
1703851851	0.00	170.06	0.0	?	4.3	4.3	90.0
1705852852	0.00	169.16	0.0	?	4.7	4.7	90.0
1707853853	0.00	168.44	0.0	?	5.1	5.1	90.0
1709854854	0.00	168.06	0.0	?	5.2	5.2	90.0
1711855855	0.00	166.76	0.0	?	5.8	5.8	90.0
1713856856	0.00	166.01	0.0	?	6.1	6.1	90.0
1715857857	0.00	164.60	0.0	?	6.8	6.8	90.0
1717858858	0.00	164.00	0.0	?	7.0	7.0	90.0
1719859859	0.00	163.13	0.0	?	7.4	7.4	90.0
1721860860	0.00	161.66	0.0	?	8.1	8.1	90.0
1723861861	0.00	160.87	0.0	?	8.4	8.4	90.0
1725862862	0.00	159.69	0.0	?	9.0	9.0	90.0
1727863863	0.00	158.36	0.0	?	9.6	9.6	90.0
1729864864	0.00	157.12	0.0	?	10.1	10.1	90.0
1731865865	0.00	155.98	0.0	?	10.6	10.6	90.0
1733866866	0.00	154.26	0.0	?	11.4	11.4	90.0
1735867867	0.00	152.86	0.0	?	12.1	12.1	90.0
1737868868	0.00	151.91	0.0	?	12.5	12.5	90.0
1739869869	0.00	150.63	0.0	?	13.1	13.1	90.0
1741870870	0.00	148.95	0.0	?	13.9	13.9	90.0
1743871871	0.00	147.33	0.0	?	14.7	14.7	90.0
1745872872	0.00	145.54	0.0	?	15.5	15.5	90.0
1747873873	0.00	144.48	0.0	?	16.0	16.0	90.0
1749874874	0.00	143.09	0.0	?	16.7	16.7	90.0
1751875875	0.00	141.39	0.0	?	17.5	17.5	90.0
1753876876	0.00	139.77	0.0	?	18.3	18.3	90.0
1755877877	0.00	138.19	0.0	?	19.1	19.1	90.0
1757878878	0.00	136.63	0.0	?	19.9	19.9	90.0
1759879879	0.00	134.68	0.0	?	20.9	20.9	90.0
1761880880	0.00	133.45	0.0	?	21.5	21.5	90.0
1763881881	0.00	131.69	0.0	?	22.4	22.4	90.0
1765882882	0.00	130.16	0.0	?	23.2	23.2	90.0
1767883883	0.00	128.18	0.0	?	24.3	24.3	90.0
1769884884	0.00	126.72	0.0	?	25.1	25.1	90.0
1771885885	0.00	124.96	0.0	?	26.0	26.0	90.0
1773886886	0.00	122.87	0.0	?	27.2	27.2	90.0
1775887887	0.00	121.62	0.0	?	27.9	27.9	90.0
1777888888	0.00	119.53	0.0	?	29.1	29.1	90.0
1779889889	0.00	117.55	0.0	?	30.3	30.3	90.0
1781890890	0.00	116.23	0.0	?	31.1	31.1	90.0
1783891891	0.00	114.33	0.0	?	32.3	32.3	90.0
1785892892	0.00	112.90	0.0	?	33.2	33.2	90.0
1787893893	0.00	110.99	0.0	?	34.4	34.4	90.0
1789894894	0.00	109.25	0.0	?	35.5	35.5	90.0
1791895895	0.00	107.25	0.0	?	36.8	36.8	90.0
1793896896	0.00	105.64	0.0	?	37.9	37.9	90.0
1795897897	0.00	103.37	0.0	?	39.5	39.5	90.0
1797898898	0.00	101.70	0.0	?	40.7	40.7	90.0
1799899899	0.00	100.14	0.0	?	41.8	41.8	90.0
1801900900	0.00	98.40	0.0	?	43.2	43.2	90.0
1803901901	0.00	96.38	0.0	?	44.7	44.7	90.0
1805902902	0.00	94.54	0.0	?	46.2	46.2	90.0
1807903903	0.00	92.66	0.0	?	47.7	47.7	90.0
1809904904	0.00	90.44	0.0	?	49.6	49.6	90.0
1811905905	0.00	88.57	0.0	?	51.3	51.3	90.0
1813906906	0.00	86.52	0.0	?	53.1	53.1	90.0
1815907907	0.00	84.81	0.0	?	54.8	54.8	90.0
1817908908	-0.01	82.89	0.0	271.32	56.6	56.6	90.0
1819909909	-0.21	80.85	1.4	83.92	58.7	58.7	88.6
1821910910	-0.47	78.62	3.4	36.59	60.9	61.0	86.8
1823911911	-0.62	76.79	4.6	27.92	62.9	63.1	85.8
1825912912	-0.92	74.78	7.1	18.96	64.9	65.3	83.7
1827913913	-1.11	72.38	9.1	15.61	67.5	68.2	82.3
1829914914	-1.37	70.17	11.8	12.72	69.9	70.8	80.5
1831915915	-1.63	67.85	14.7	10.69	72.3	73.8	78.5
1833916916	-1.81	65.57	17.2	9.64	74.9	76.8	77.0
1835917917	-2.09	63.43	20.9	8.36	76.9	79.6	74.8
1837918918	-2.32	61.07	24.5	7.53	79.2	82.9	72.8
1839919919	-2.53	58.76	28.2	6.92	81.6	86.3	71.0
1841920920	-2.75	56.49	32.3	6.38	83.7	89.7	68.9
1843921921	-2.95	54.10	36.7	5.94	85.8	93.4	66.9
1845922922	-3.18	52.00	41.4	5.53	87.2	96.5	64.6
1847923923	-3.48	49.23	48.0	5.06	88.4	100.6	61.5
1849924924	-3.66	46.44	54.2	4.81	90.3	105.3	59.0
1851925925	-3.84	43.84	60.4	4.60	91.6	109.7	56.6
1853926926	-4.00	41.21	67.0	4.42	92.7	114.4	54.1
1855927927	-4.21	38.85	73.9	4.21	92.0	118.0	51.2
1857928928	-4.39	36.03	81.9	4.04	91.4	122.7	48.1
1859929929	-4.52	33.23	90.1	3.93	90.7	127.9	45.2
1861930930	-4.69	30.72	97.8	3.80	88.2	131.7	42.1
1863931931	-4.84	27.75	106.9	3.68	84.9	136.5	38.5
1865932932	-4.98	25.09	115.0	3.58	80.6	140.4	35.0
1867933933	-5.06	22.18	124.0	3.53	76.0	145.5	31.5
1869934934	-5.16	19.95	130.3	3.47	70.6	148.2	28.5
1871935935	-5.23	17.25	137.9	3.42	64.0	152.0	24.9
1873936936	-5.39	14.49	143.4	3.33	54.3	153.3	20.7
1875937937	-5.52	11.99	147.2	3.25	45.0	153.9	17.0
1877938938	-5.50	8.83	154.3	3.26	35.0	158.2	12.8
1879939939	-5.63	6.30	155.4	3.19	24.6	157.3	9.0
1881940940	-5.71	3.60	156.2	3.15	13.9	156.8	5.1
1883941941	-5.73	0.73	156.9	3.14	2.8	156.9	1.0
1885942942	-5.82	-1.91	154.3	3.09	-7.1	154.5	-2.6
1887943943	-5.82	-4.30	152.9	3.10	-15.9	153.7	-5.9
1889944944	-5.87	-6.67	149.3	3.07	-23.8	151.2	-9.1
1891945945	-6.00	-9.21	143.1	3.01	-30.7	146.4	-12.1
1893946946	-6.02	-11.94	138.0	3.00	-38.0	143.1	-15.4
1895947947	-6.06	-14.35	132.8	2.98	-43.5	139.7	-18.2
1897948948	-6.13	-16.55	127.2	2.95	-47.3	135.8	-20.4
1899949949	-6.23	-19.11	120.6	2.91	-50.6	130.8	-22.8
1901950950	-6.29	-21.25	115.4	2.88	-53.0	127.0	-24.7
1903951951	-6.36	-23.40	110.2	2.85	-54.7	123.1	-26.4
1905952952	-6.53	-26.09	103.6	2.79	-55.3	117.4	-28.1
1907953953	-6.59	-27.62	100.2	2.76	-55.7	114.6	-29.1
1909954954	-6.65	-29.35	96.6	2.74	-56.2	111.8	-30.2
1911955955	-6.75	-30.63	93.8	2.70	-55.7	109.1	-30.7
1913956956	-6.88	-31.82	91.3	2.66	-54.8	106.5	-31.0
1915957957	-6.88	-33.78	87.9	2.66	-55.7	104.1	-32.4
1917958958	-6.93	-35.17	85.4	2.64	-55.5	101.9	-33.0
1919959959	-6.95	-36.10	83.9	2.63	-55.6	100.6	-33.5
1921960960	-7.01	-36.71	82.8	2.61	-55.1	99.4	-33.7
1923961961	-6.95	-37.75	81.2	2.63	-56.0	98.6	-34.6
1925962962	-6.91	-38.70	79.8	2.65	-56.5	97.8	-35.3
1927963963	-6.93	-39.35	78.7	2.64	-56.3	96.8	-35.6
1929964964	-6.88	-39.91	77.9	2.65	-56.9	96.4	-36.2
1931965965	-6.85	-40.61	76.8	2.67	-57.3	95.8	-36.7
1933966966	-6.73	-42.05	74.6	2.71	-58.4	94.8	-38.1
1935967967	-6.68	-42.61	73.7	2.73	-58.9	94.3	-38.6
1937968968	-6.56	-43.14	72.8	2.77	-60.0	94.4	-39.5
1939969969	-6.48	-43.72	71.9	2.80	-60.7	94.1	-40.2
1941970970	-6.35	-44.20	70.9	2.86	-62.0	94.2	-41.1
1943971971	-6.30	-45.14	69.4	2.88	-62.2	93.2	-41.9
1945972972	-6.21	-45.52	68.7	2.91	-63.0	93.2	-42.5
1947973973	-6.13	-46.01	67.8	2.95	-63.7	93.0	-43.2
1949974974	-5.94	-46.35	66.8	3.04	-65.4	93.5	-44.4
1951975975	-5.85	-47.06	65.5	3.08	-66.0	93.0	-45.2
1953976976	-5.71	-47.89	63.8	3.15	-67.0	92.5	-46.4
1955977977	-5.52	-48.69	61.9	3.25	-68.5	92.3	-47.9
1957978978	-5.39	-49.37	60.4	3.32	-69.3	91.9	-48.9
1959979979	-5.24	-51.02	57.3	3.42	-69.6	90.2	-50.5
1961980980	-5.17	-51.46	56.4	3.46	-69.9	89.8	-51.1
1963981981	-5.02	-51.89	55.0	3.56	-71.0	89.8	-52.2
1965982982	-4.84	-52.99	52.6	3.68	-71.6	88.9	-53.7
1967983983	-4.67	-53.78	50.6	3.81	-72.4	88.3	-55.1
1969984984	-4.57	-54.63	49.0	3.88	-72.4	87.4	-55.9
1971985985	-4.48	-55.23	47.7	3.96	-72.6	86.8	-56.7
1973986986	-4.34	-56.11	45.7	4.08	-72.8	86.0	-57.9
1975987987	-4.16	-57.30	43.1	4.26	-73.0	84.8	-59.4
1977988988	-4.03	-57.79	41.7	4.38	-73.3	84.4	-60.4
1979989989	-4.01	-58.65	40.6	4.41	-72.6	83.2	-60.8
1981990990	-3.94	-59.47	39.3	4.48	-72.2	82.2	-61.4
1983991991	-3.86	-60.42	37.8	4.58	-71.7	81.1	-62.2
1985992992	-3.72	-61.28	36.0	4.75	-71.6	80.1	-63.3
1987993993	-3.64	-61.94	34.9	4.84	-71.3	79.4	-63.9
1989994994	-3.57	-62.58	33.8	4.94	-71.0	78.6	-64.6
1991995995	-3.51	-63.14	32.9	5.01	-70.7	78.0	-65.0
1993996996	-3.46	-63.86	32.0	5.09	-70.2	77.1	-65.5
1995997997	-3.38	-64.65	30.8	5.20	-69.7	76.2	-66.2
1997998998	-3.32	-65.48	29.7	5.29	-69.0	75.2	-66.7
1999999999	-3.25	-66.14	28.7	5.41	-68.6	74.4	-67.3
