1000000	-0.75	87.38	4.5	23.17	52.1	52.3	85.1
3001001	0.00	82.03	0.0	?	57.5	57.5	90.0
5002002	0.00	76.55	0.0	?	63.4	63.4	90.0
7003003	0.00	72.57	0.0	?	68.1	68.1	90.0
9004004	0.00	69.06	0.0	?	72.7	72.7	90.0
11005005	0.00	67.04	0.0	?	75.5	75.5	90.0
13006006	0.00	64.81	0.0	?	78.8	78.8	90.0
15007007	-0.17	62.00	1.8	102.45	83.2	83.2	88.7
17008008	-0.24	60.25	2.7	72.42	86.1	86.1	88.2
19009009	-0.35	58.51	4.2	49.74	89.1	89.2	87.3
21010010	-0.41	56.83	5.2	42.71	92.2	92.3	86.8
23011011	-0.46	55.24	6.1	37.74	95.3	95.5	86.3
25012012	-0.52	53.78	7.3	33.42	98.2	98.4	85.8
27013013	-0.55	52.25	8.1	31.55	101.4	101.7	85.4
29014014	-0.59	50.87	9.1	29.55	104.5	104.9	85.0
31015015	-0.62	49.58	10.0	28.23	107.5	108.0	84.7
33016016	-0.63	48.39	10.7	27.56	110.4	110.9	84.4
35017017	-0.64	47.29	11.3	27.31	113.3	113.8	84.3
37018018	-0.63	46.15	11.7	27.71	116.4	117.0	84.3
39019019	-0.62	45.00	12.0	28.26	119.7	120.3	84.3
41020020	-0.61	43.90	12.5	28.43	123.0	123.6	84.2
43021021	-0.62	42.84	13.2	28.24	126.3	127.0	84.0
45022022	-0.62	41.86	13.9	27.92	129.4	130.2	83.9
47023023	-0.63	40.92	14.6	27.77	132.6	133.4	83.7
49024024	-0.63	40.11	15.3	27.48	135.4	136.3	83.5
51025025	-0.64	39.24	16.1	27.33	138.6	139.6	83.4
53026026	-0.65	38.44	16.9	26.93	141.6	142.6	83.2
55027027	-0.66	37.71	18.1	26.16	144.4	145.5	82.9
57028028	-0.67	36.99	19.0	25.85	147.3	148.5	82.7
59029029	-0.69	36.30	20.2	25.08	150.1	151.4	82.3
61030030	-0.72	35.61	21.8	24.17	152.9	154.4	81.9
63031031	-0.75	34.98	23.5	23.16	155.5	157.2	81.4
65032032	-0.78	34.33	25.3	22.19	158.2	160.2	80.9
67033033	-0.83	33.69	27.7	21.00	160.8	163.1	80.2
69034034	-0.87	33.03	30.1	20.02	163.6	166.3	79.6
71035035	-0.91	32.40	32.7	19.01	166.2	169.4	78.9
73036036	-0.97	31.67	36.1	17.89	169.2	173.0	77.9
75037037	-1.03	31.00	39.7	16.87	171.8	176.4	77.0
77038038	-1.10	30.33	43.7	15.84	174.3	179.7	75.9
79039039	-1.17	29.58	48.6	14.84	177.0	183.5	74.7
81040040	-1.24	28.87	53.4	13.98	179.4	187.2	73.4
83041041	-1.33	28.14	59.2	13.07	181.4	190.8	71.9
85042042	-1.42	27.51	65.1	12.23	182.5	193.8	70.4
87043043	-1.50	26.84	70.7	11.61	184.1	197.2	69.0
89044044	-1.56	26.10	76.4	11.18	186.2	201.3	67.7
91045045	-1.63	25.19	83.6	10.71	188.9	206.5	66.1
93046046	-1.71	24.25	92.0	10.20	190.8	211.8	64.3
95047047	-1.81	23.33	101.3	9.64	191.3	216.5	62.1
97048048	-1.89	22.49	109.8	9.24	191.7	220.9	60.2
99049049	-1.95	21.44	119.8	8.94	193.4	227.5	58.2
101050050	-2.02	20.34	131.1	8.64	194.1	234.3	56.0
103051051	-2.10	19.14	144.1	8.33	194.0	241.7	53.4
105052052	-2.17	17.81	159.1	8.05	193.0	250.1	50.5
107053053	-2.25	16.55	174.3	7.76	189.4	257.4	47.4
109054054	-2.33	15.27	189.8	7.50	184.2	264.5	44.1
111055055	-2.41	13.91	206.4	7.26	176.9	271.8	40.6
113056056	-2.48	12.55	223.0	7.06	167.6	279.0	36.9
115057057	-2.55	11.12	239.4	6.86	154.9	285.2	32.9
117058058	-2.61	9.66	255.4	6.70	140.3	291.4	28.8
119059059	-2.67	8.14	270.5	6.55	122.5	297.0	24.4
121060060	-2.73	6.47	284.4	6.42	100.4	301.7	19.4
123061061	-2.78	4.85	294.3	6.29	76.2	304.0	14.5
125062062	-2.84	3.14	300.0	6.17	49.3	304.0	9.3
127063063	-2.89	1.47	301.1	6.06	22.8	302.0	4.3
129064064	-2.92	-0.17	299.8	6.00	-2.5	299.8	-0.5
131065065	-2.96	-1.90	293.8	5.93	-28.1	295.2	-5.5
133066066	-2.98	-3.74	284.5	5.90	-53.2	289.4	-10.6
135067067	-2.98	-5.62	272.1	5.88	-76.1	282.6	-15.6
137068068	-2.97	-7.56	257.2	5.90	-97.0	274.9	-20.7
139069069	-2.98	-9.55	238.7	5.89	-113.2	264.2	-25.4
141070070	-2.96	-11.67	218.8	5.92	-127.2	253.1	-30.2
143071071	-2.96	-13.74	199.1	5.93	-136.1	241.2	-34.4
145072072	-2.94	-15.90	179.6	5.97	-142.7	229.4	-38.5
147073073	-2.92	-18.04	161.2	6.01	-146.0	217.5	-42.2
149074074	-2.89	-20.32	143.5	6.06	-147.0	205.4	-45.7
151075075	-2.86	-22.59	127.6	6.13	-146.2	194.0	-48.9
153076076	-2.82	-24.89	113.1	6.22	-144.2	183.2	-51.9
155077077	-2.77	-27.25	99.9	6.33	-141.2	173.0	-54.7
157078078	-2.74	-29.62	88.6	6.40	-136.7	162.9	-57.0
159079079	-2.70	-32.01	78.6	6.49	-132.1	153.7	-59.2
161080080	-2.66	-34.40	70.0	6.58	-127.1	145.2	-61.1
163081081	-2.63	-36.95	62.2	6.66	-121.7	136.7	-62.9
165082082	-2.60	-39.37	55.8	6.74	-116.6	129.3	-64.5
167083083	-2.55	-41.75	50.0	6.87	-112.0	122.7	-65.9
169084084	-2.51	-44.11	45.2	6.96	-107.4	116.5	-67.2
171085085	-2.44	-46.50	40.5	7.17	-103.2	110.9	-68.6
173086086	-2.39	-49.07	36.3	7.33	-98.7	105.2	-69.8
175087087	-2.31	-51.75	32.4	7.55	-94.2	99.6	-71.0
177088088	-2.26	-54.48	29.0	7.74	-89.8	94.4	-72.1
179089089	-2.21	-57.46	26.0	7.89	-85.2	89.1	-73.0
181090090	-2.17	-60.40	23.5	8.06	-80.9	84.2	-73.8
183091091	-2.15	-63.43	21.4	8.12	-76.6	79.6	-74.4
185092092	-2.10	-66.58	19.3	8.32	-72.6	75.1	-75.1
187093093	-2.08	-70.15	17.5	8.40	-68.2	70.5	-75.6
189094094	-2.05	-73.84	15.9	8.51	-64.1	66.0	-76.1
191095095	-2.04	-77.76	14.5	8.55	-59.9	61.6	-76.4
193096096	-2.04	-81.99	13.4	8.54	-55.7	57.3	-76.5
195097097	-2.04	-86.60	12.2	8.55	-51.5	53.0	-76.6
197098098	-2.05	-91.81	11.2	8.51	-47.2	48.5	-76.6
199099099	-2.05	-98.00	10.2	8.53	-42.4	43.6	-76.5
201100100	-2.12	-105.05	9.5	8.25	-37.4	38.6	-75.7
203101101	-2.24	-113.00	9.2	7.79	-32.3	33.6	-74.2
205102102	-2.45	-122.18	9.1	7.14	-26.9	28.4	-71.3
207103103	-2.74	-132.20	9.3	6.38	-21.5	23.4	-66.6
209104104	-3.14	-143.40	9.9	5.59	-15.9	18.8	-58.2
211105105	-3.70	-155.98	11.0	4.76	-10.1	14.9	-42.8
213106106	-4.46	-169.97	12.7	3.98	-4.1	13.3	-18.0
215107107	-5.48	174.87	15.3	3.27	2.0	15.4	7.6
217108108	-6.64	158.37	18.8	2.74	8.2	20.5	23.7
219109109	-7.74	141.24	23.0	2.39	14.2	27.0	31.7
221110110	-8.44	123.68	27.4	2.22	20.1	34.0	36.3
223111111	-8.58	107.32	31.6	2.19	26.1	41.0	39.6
225112112	-8.28	92.03	36.2	2.26	32.8	48.8	42.2
227113113	-7.45	78.98	40.3	2.47	40.9	57.4	45.5
229114114	-6.52	67.45	45.1	2.79	50.6	67.8	48.3
231115115	-5.60	56.67	51.8	3.21	62.8	81.4	50.5
233116116	-4.76	46.86	61.2	3.74	77.6	98.9	51.7
235117117	-4.10	38.29	74.5	4.32	94.3	120.2	51.7
237118118	-3.57	30.61	93.9	4.94	113.2	147.1	50.3
239119119	-3.15	23.79	122.4	5.57	133.1	180.8	47.4
241120120	-2.86	17.56	165.5	6.12	148.8	222.5	42.0
243121121	-2.63	11.98	226.1	6.66	152.7	272.9	34.0
245122122	-2.42	6.97	303.7	7.22	130.6	330.6	23.3
247123123	-2.25	2.18	380.6	7.78	55.5	384.6	8.3
249124124	-2.13	-2.36	398.0	8.18	-65.9	403.4	-9.4
251125125	-2.06	-6.66	341.5	8.45	-165.0	379.3	-25.8
253126126	-2.01	-10.66	264.4	8.69	-209.7	337.4	-38.4
255127127	-1.97	-14.39	199.9	8.86	-217.4	295.3	-47.4
257128128	-1.93	-17.90	152.9	9.06	-210.3	260.0	-54.0
259129129	-1.89	-21.27	119.3	9.23	-197.4	230.7	-58.9
261130130	-1.86	-24.63	94.5	9.39	-182.9	205.9	-62.7
263131131	-1.83	-27.87	76.7	9.54	-169.1	185.7	-65.6
265132132	-1.79	-30.85	63.8	9.72	-157.4	169.8	-67.9
267133133	-1.76	-33.81	53.9	9.88	-146.6	156.2	-69.8
269134134	-1.72	-36.59	46.0	10.12	-137.5	145.0	-71.5
271135135	-1.68	-39.39	39.6	10.37	-129.0	135.0	-72.9
273136136	-1.64	-42.17	34.4	10.60	-121.3	126.0	-74.2
275137137	-1.59	-44.82	30.0	10.92	-114.6	118.5	-75.3
277138138	-1.55	-47.38	26.4	11.25	-108.6	111.8	-76.3
279139139	-1.51	-49.86	23.6	11.52	-103.2	105.8	-77.1
281140140	-1.46	-52.17	21.0	11.94	-98.5	100.8	-77.9
283141141	-1.41	-54.66	18.8	12.32	-93.8	95.7	-78.7
285142142	-1.35	-56.89	16.8	12.88	-89.9	91.4	-79.4
287143143	-1.29	-59.15	15.0	13.49	-86.2	87.4	-80.1
289144144	-1.23	-61.30	13.4	14.14	-82.8	83.8	-80.8
291145145	-1.17	-63.46	12.0	14.93	-79.6	80.5	-81.4
293146146	-1.11	-65.56	10.8	15.69	-76.6	77.3	-82.0
295147147	-1.07	-67.68	9.8	16.24	-73.7	74.3	-82.4
297148148	-1.03	-69.70	9.0	16.86	-71.0	71.6	-82.8
299149149	-0.99	-71.70	8.3	17.56	-68.5	69.0	-83.1
301150150	-0.95	-73.46	7.6	18.28	-66.5	66.9	-83.5
303151151	-0.93	-75.24	7.1	18.71	-64.4	64.8	-83.7
305152152	-0.90	-76.98	6.7	19.29	-62.4	62.8	-83.9
307153153	-0.87	-78.79	6.2	20.05	-60.5	60.8	-84.2
309154154	-0.85	-80.51	5.8	20.56	-58.7	59.0	-84.4
311155155	-0.84	-82.19	5.6	20.67	-57.0	57.3	-84.4
313156156	-0.83	-83.80	5.3	20.97	-55.4	55.7	-84.5
315157157	-0.83	-85.38	5.2	21.04	-53.9	54.2	-84.5
317158158	-0.83	-86.89	5.0	20.92	-52.5	52.8	-84.5
319159159	-0.82	-88.35	4.8	21.32	-51.2	51.5	-84.6
321160160	-0.80	-89.79	4.6	21.65	-50.0	50.2	-84.7
323161161	-0.81	-91.21	4.5	21.54	-48.7	49.0	-84.7
325162162	-0.80	-92.57	4.4	21.72	-47.6	47.8	-84.7
327163163	-0.80	-94.01	4.3	21.65	-46.4	46.6	-84.7
329164164	-0.80	-95.28	4.2	21.72	-45.4	45.6	-84.7
331165165	-0.79	-96.72	4.1	22.04	-44.3	44.5	-84.8
333166166	-0.77	-98.20	3.9	22.63	-43.2	43.3	-84.9
335167167	-0.76	-99.68	3.7	22.82	-42.1	42.2	-84.9
337168168	-0.76	-101.07	3.7	22.83	-41.0	41.2	-84.9
339169169	-0.76	-102.61	3.6	22.93	-39.9	40.1	-84.9
341170170	-0.77	-104.20	3.5	22.62	-38.8	39.0	-84.8
343171171	-0.77	-105.77	3.5	22.49	-37.7	37.9	-84.7
345172172	-0.78	-107.30	3.4	22.39	-36.7	36.8	-84.6
347173173	-0.78	-108.83	3.4	22.24	-35.7	35.8	-84.6
349174174	-0.79	-110.40	3.4	22.03	-34.6	34.8	-84.5
351175175	-0.79	-111.96	3.3	21.88	-33.6	33.8	-84.4
353176176	-0.81	-113.55	3.3	21.56	-32.7	32.8	-84.2
355177177	-0.83	-115.07	3.3	21.06	-31.7	31.9	-84.0
357178178	-0.84	-116.60	3.3	20.71	-30.8	31.0	-83.8
359179179	-0.85	-118.14	3.3	20.42	-29.9	30.0	-83.6
361180180	-0.86	-119.75	3.3	20.23	-28.9	29.1	-83.5
363181181	-0.87	-121.33	3.3	19.96	-28.0	28.2	-83.3
365182182	-0.88	-122.89	3.3	19.78	-27.1	27.3	-83.1
367183183	-0.89	-124.53	3.3	19.45	-26.2	26.4	-82.9
369184184	-0.90	-126.04	3.2	19.43	-25.4	25.6	-82.7
371185185	-0.90	-127.52	3.2	19.34	-24.6	24.8	-82.6
373186186	-0.89	-129.07	3.2	19.43	-23.7	23.9	-82.4
375187187	-0.90	-130.60	3.1	19.42	-22.9	23.1	-82.3
377188188	-0.89	-132.06	3.1	19.46	-22.2	22.4	-82.1
379189189	-0.89	-133.50	3.0	19.47	-21.4	21.6	-81.9
381190190	-0.89	-134.99	3.0	19.58	-20.7	20.9	-81.8
383191191	-0.88	-136.43	2.9	19.73	-19.9	20.1	-81.6
385192192	-0.88	-137.82	2.9	19.80	-19.2	19.4	-81.4
387193193	-0.87	-139.24	2.8	20.01	-18.5	18.7	-81.3
389194194	-0.86	-140.63	2.8	20.16	-17.8	18.1	-81.1
391195195	-0.85	-141.98	2.7	20.34	-17.2	17.4	-80.9
393196196	-0.84	-143.26	2.7	20.60	-16.6	16.8	-80.8
395197197	-0.84	-144.54	2.6	20.82	-15.9	16.2	-80.6
397198198	-0.82	-145.89	2.6	21.22	-15.3	15.5	-80.4
399199199	-0.81	-147.10	2.5	21.55	-14.7	14.9	-80.3
401200200	-0.80	-148.30	2.5	21.71	-14.2	14.4	-80.0
403201201	-0.79	-149.49	2.4	22.03	-13.6	13.8	-79.8
405202202	-0.78	-150.71	2.4	22.29	-13.0	13.3	-79.6
407203203	-0.77	-151.82	2.4	22.50	-12.5	12.7	-79.3
409204204	-0.76	-153.00	2.3	22.92	-12.0	12.2	-79.1
411205205	-0.75	-154.14	2.3	23.18	-11.5	11.7	-78.8
413206206	-0.76	-155.12	2.3	22.99	-11.0	11.2	-78.3
415207207	-0.75	-156.23	2.3	23.14	-10.5	10.7	-77.9
417208208	-0.75	-157.23	2.2	23.18	-10.0	10.3	-77.4
419209209	-0.75	-158.27	2.2	23.13	-9.6	9.8	-76.8
421210210	-0.75	-159.28	2.2	23.03	-9.1	9.4	-76.2
423211211	-0.76	-160.25	2.3	22.89	-8.7	9.0	-75.5
425212212	-0.76	-161.19	2.2	22.85	-8.3	8.6	-74.8
427213213	-0.78	-162.18	2.3	22.23	-7.8	8.2	-73.6
429214214	-0.79	-163.12	2.3	22.05	-7.4	7.8	-72.6
431215215	-0.80	-164.06	2.4	21.68	-7.0	7.4	-71.4
433216216	-0.82	-164.98	2.4	21.33	-6.6	7.0	-70.1
435217217	-0.83	-165.87	2.4	20.91	-6.2	6.6	-68.6
437218218	-0.85	-166.79	2.5	20.38	-5.8	6.3	-66.7
439219219	-0.87	-167.71	2.5	19.87	-5.4	5.9	-64.6
441220220	-0.90	-168.63	2.6	19.42	-5.0	5.6	-62.4
443221221	-0.92	-169.53	2.7	18.88	-4.6	5.3	-59.7
445222222	-0.94	-170.42	2.7	18.43	-4.2	5.0	-56.8
447223223	-0.97	-171.30	2.8	17.93	-3.8	4.7	-53.5
449224224	-1.01	-172.25	2.9	17.29	-3.4	4.5	-49.3
451225225	-1.03	-173.18	3.0	16.86	-3.0	4.2	-44.9
453226226	-1.06	-174.08	3.1	16.34	-2.6	4.0	-40.0
455227227	-1.09	-175.00	3.1	16.00	-2.2	3.8	-34.8
457228228	-1.12	-175.93	3.2	15.47	-1.8	3.7	-28.7
459229229	-1.15	-176.85	3.3	15.07	-1.4	3.6	-22.4
461230230	-1.18	-177.89	3.4	14.71	-0.9	3.5	-15.1
463231231	-1.22	-178.86	3.5	14.29	-0.5	3.5	-8.1
465232232	-1.24	-179.84	3.6	14.01	-0.1	3.6	-1.1
467233233	-1.26	179.20	3.6	13.78	0.3	3.6	5.5
469234234	-1.30	178.23	3.7	13.42	0.8	3.8	11.7
471235235	-1.32	177.17	3.8	13.19	1.2	4.0	18.0
473236236	-1.35	176.17	3.9	12.90	1.7	4.2	23.2
475237237	-1.37	175.15	3.9	12.73	2.1	4.5	28.2
477238238	-1.38	174.16	4.0	12.60	2.5	4.7	32.5
479239239	-1.41	173.09	4.1	12.32	3.0	5.1	36.4
481240240	-1.42	172.05	4.1	12.24	3.5	5.4	40.1
483241241	-1.44	170.98	4.2	12.12	3.9	5.7	43.3
485242242	-1.44	169.88	4.2	12.05	4.4	6.1	46.4
487243243	-1.46	168.85	4.2	11.90	4.8	6.4	48.8
489244244	-1.46	167.77	4.3	11.90	5.3	6.8	51.4
491245245	-1.48	166.70	4.3	11.80	5.8	7.2	53.4
493246246	-1.48	165.62	4.3	11.77	6.3	7.6	55.4
495247247	-1.48	164.58	4.3	11.74	6.7	8.0	57.2
497248248	-1.49	163.55	4.4	11.70	7.2	8.4	58.7
499249249	-1.49	162.45	4.4	11.72	7.7	8.8	60.3
501250250	-1.48	161.35	4.3	11.80	8.1	9.2	61.9
503251251	-1.47	160.29	4.4	11.83	8.6	9.7	63.2
505252252	-1.47	159.22	4.4	11.87	9.1	10.1	64.4
507253253	-1.47	158.18	4.4	11.89	9.6	10.5	65.5
509254254	-1.45	157.11	4.3	11.98	10.0	10.9	66.6
511255255	-1.45	156.06	4.4	12.01	10.5	11.4	67.5
513256256	-1.44	154.91	4.3	12.11	11.0	11.9	68.6
515257257	-1.43	153.88	4.3	12.14	11.5	12.3	69.4
517258258	-1.42	152.82	4.3	12.27	12.0	12.8	70.2
519259259	-1.42	151.78	4.3	12.28	12.5	13.2	70.9
521260260	-1.41	150.68	4.3	12.33	13.0	13.7	71.6
523261261	-1.40	149.60	4.3	12.42	13.5	14.2	72.2
525262262	-1.39	148.55	4.3	12.49	14.0	14.6	72.8
527263263	-1.39	147.43	4.3	12.53	14.5	15.1	73.4
529264264	-1.38	146.33	4.3	12.58	15.0	15.6	73.9
531265265	-1.38	145.19	4.3	12.62	15.6	16.2	74.4
533266266	-1.37	144.10	4.3	12.71	16.1	16.7	74.9
535267267	-1.37	143.05	4.4	12.68	16.6	17.2	75.2
537268268	-1.37	141.91	4.4	12.70	17.1	17.7	75.6
539269269	-1.36	140.76	4.4	12.78	17.7	18.2	76.0
541270270	-1.36	139.59	4.4	12.78	18.3	18.8	76.3
543271271	-1.37	138.56	4.5	12.74	18.8	19.3	76.6
545272272	-1.38	137.38	4.6	12.58	19.4	19.9	76.7
547273273	-1.39	136.21	4.6	12.56	19.9	20.5	77.0
549274274	-1.40	134.96	4.7	12.43	20.6	21.1	77.1
551275275	-1.41	133.79	4.8	12.33	21.2	21.7	77.3
553276276	-1.44	132.51	4.9	12.12	21.8	22.4	77.3
555277277	-1.44	131.29	5.0	12.13	22.4	23.0	77.5
557278278	-1.46	130.05	5.1	11.94	23.1	23.6	77.6
559279279	-1.47	128.83	5.2	11.81	23.7	24.3	77.7
561280280	-1.49	127.49	5.3	11.65	24.4	25.0	77.7
563281281	-1.52	126.18	5.5	11.42	25.1	25.7	77.7
565282282	-1.54	124.86	5.6	11.31	25.8	26.5	77.7
567283283	-1.58	123.52	5.8	11.02	26.6	27.2	77.6
569284284	-1.62	122.26	6.0	10.76	27.3	27.9	77.5
571285285	-1.65	120.80	6.2	10.59	28.1	28.8	77.5
573286286	-1.69	119.40	6.5	10.32	28.8	29.6	77.3
575287287	-1.73	118.01	6.7	10.06	29.6	30.4	77.2
577288288	-1.78	116.66	7.0	9.82	30.4	31.2	77.0
579289289	-1.82	115.22	7.3	9.55	31.2	32.1	76.8
581290290	-1.88	113.75	7.6	9.29	32.1	33.0	76.6
583291291	-1.92	112.46	7.9	9.06	32.8	33.8	76.4
585292292	-1.99	111.03	8.4	8.75	33.7	34.7	76.1
587293293	-2.05	109.59	8.7	8.51	34.6	35.6	75.8
589294294	-2.10	108.25	9.1	8.31	35.4	36.5	75.6
591295295	-2.17	106.83	9.5	8.06	36.2	37.5	75.3
593296296	-2.24	105.39	10.0	7.80	37.1	38.4	74.9
595297297	-2.30	104.15	10.4	7.61	37.9	39.3	74.6
597298298	-2.37	102.98	11.0	7.36	38.6	40.1	74.1
599299299	-2.44	101.77	11.5	7.15	39.4	41.0	73.8
601300300	-2.52	100.64	12.0	6.93	40.0	41.8	73.3
603301301	-2.60	99.66	12.5	6.73	40.6	42.5	72.9
605302302	-2.66	98.75	13.0	6.57	41.2	43.2	72.5
607303303	-2.71	97.89	13.4	6.46	41.8	43.8	72.2
609304304	-2.76	97.14	13.7	6.35	42.2	44.4	72.0
611305305	-2.79	96.64	14.0	6.29	42.5	44.8	71.8
613306306	-2.79	95.99	14.1	6.29	43.0	45.3	71.8
615307307	-2.77	95.40	14.2	6.32	43.5	45.7	71.9
617308308	-2.74	94.71	14.2	6.39	44.0	46.2	72.1
619309309	-2.70	93.99	14.1	6.48	44.6	46.8	72.4
621310310	-2.66	93.24	14.1	6.59	45.2	47.4	72.7
623311311	-2.59	92.47	13.9	6.76	45.9	48.0	73.2
625312312	-2.54	91.69	13.8	6.90	46.6	48.6	73.5
627313313	-2.46	90.65	13.7	7.11	47.5	49.5	74.0
629314314	-2.40	89.72	13.6	7.28	48.4	50.2	74.4
631315315	-2.32	88.71	13.4	7.52	49.3	51.1	74.9
633316316	-2.26	87.69	13.2	7.73	50.3	52.0	75.2
635317317	-2.20	86.69	13.1	7.95	51.2	52.9	75.6
637318318	-2.13	85.64	13.0	8.20	52.3	53.8	76.1
639319319	-2.04	84.49	12.7	8.54	53.4	54.9	76.6
641320320	-1.98	83.28	12.6	8.81	54.6	56.1	77.0
643321321	-1.93	82.28	12.6	9.03	55.6	57.0	77.2
645322322	-1.88	81.20	12.5	9.28	56.8	58.1	77.6
647323323	-1.84	80.07	12.5	9.50	57.9	59.3	77.8
649324324	-1.77	79.05	12.4	9.84	59.1	60.4	78.2
651325325	-1.73	77.86	12.4	10.07	60.4	61.6	78.4
653326326	-1.69	76.77	12.4	10.30	61.6	62.8	78.6
655327327	-1.63	75.60	12.3	10.68	63.0	64.2	79.0
657328328	-1.61	74.37	12.5	10.80	64.4	65.6	79.0
659329329	-1.59	73.20	12.6	10.98	65.8	67.0	79.1
661330330	-1.55	71.65	12.8	11.25	67.7	68.9	79.3
663331331	-1.52	70.34	13.0	11.44	69.4	70.6	79.4
665332332	-1.50	69.06	13.2	11.61	71.0	72.2	79.5
667333333	-1.50	67.88	13.6	11.59	72.5	73.8	79.4
669334334	-1.48	66.61	13.9	11.74	74.3	75.6	79.4
671335335	-1.48	65.27	14.3	11.80	76.2	77.5	79.4
673336336	-1.46	64.00	14.7	11.89	78.0	79.4	79.3
675337337	-1.47	62.67	15.3	11.88	80.0	81.5	79.2
677338338	-1.48	61.30	16.1	11.75	82.1	83.6	78.9
679339339	-1.51	59.92	17.0	11.52	84.2	85.9	78.6
681340340	-1.52	58.70	17.7	11.45	86.2	88.0	78.4
683341341	-1.53	57.32	18.7	11.35	88.5	90.4	78.1
685342342	-1.56	55.82	19.9	11.14	91.0	93.2	77.7
687343343	-1.59	54.26	21.2	10.97	93.8	96.2	77.2
689344344	-1.63	52.81	22.9	10.68	96.4	99.1	76.7
691345345	-1.65	51.20	24.4	10.56	99.5	102.5	76.2
693346346	-1.68	49.60	26.2	10.40	102.8	106.0	75.7
695347347	-1.75	47.93	28.9	9.98	106.0	109.8	74.7
697348348	-1.77	46.14	31.3	9.85	109.9	114.3	74.1
699349349	-1.80	44.28	34.2	9.67	114.2	119.2	73.3
701350350	-1.86	42.53	37.7	9.38	118.1	124.0	72.3
703351351	-1.89	40.67	41.4	9.22	122.8	129.6	71.4
705352352	-1.95	38.72	46.2	8.94	127.6	135.7	70.1
707353353	-2.00	36.83	51.4	8.72	132.5	142.1	68.8
709354354	-2.05	34.81	57.6	8.50	137.9	149.4	67.3
711355355	-2.10	32.70	65.1	8.30	143.7	157.7	65.6
713356356	-2.16	30.54	74.0	8.09	149.6	166.9	63.7
715357357	-2.21	28.61	83.1	7.91	154.9	175.7	61.8
717358358	-2.26	26.46	94.8	7.73	160.5	186.4	59.4
719359359	-2.34	24.53	107.6	7.46	163.7	195.9	56.7
721360360	-2.39	22.41	122.7	7.30	167.5	207.7	53.8
723361361	-2.45	20.31	139.8	7.15	170.0	220.1	50.6
725362362	-2.50	18.27	158.4	6.98	169.9	232.2	47.0
727363363	-2.56	16.32	177.9	6.82	166.9	244.0	43.2
729364364	-2.60	14.22	200.5	6.73	162.1	257.8	39.0
731365365	-2.64	12.33	221.6	6.62	153.0	269.3	34.6
733366366	-2.67	10.46	243.0	6.55	141.2	281.0	30.2
735367367	-2.69	8.53	264.8	6.51	124.9	292.8	25.2
737368368	-2.69	6.51	286.9	6.50	103.3	304.9	19.8
739369369	-2.72	4.48	303.4	6.44	74.5	312.4	13.8
741370370	-2.73	2.49	315.2	6.42	42.8	318.1	7.7
743371371	-2.75	0.65	318.6	6.38	11.3	318.8	2.0
745372372	-2.75	-1.38	316.8	6.37	-23.6	317.7	-4.3
747373373	-2.76	-3.35	307.0	6.35	-55.4	312.0	-10.2
749374374	-2.76	-5.33	292.6	6.35	-84.1	304.5	-16.0
751375375	-2.76	-7.24	274.3	6.35	-107.0	294.5	-21.3
753376376	-2.76	-9.26	252.5	6.34	-125.6	282.0	-26.5
755377377	-2.77	-11.15	231.1	6.33	-137.9	269.2	-30.8
757378378	-2.76	-13.22	208.7	6.34	-147.6	255.6	-35.3
759379379	-2.77	-15.06	189.4	6.33	-152.0	242.9	-38.7
761380380	-2.79	-17.15	169.3	6.29	-153.0	228.2	-42.1
763381381	-2.79	-19.09	152.6	6.28	-152.8	216.0	-45.0
765382382	-2.81	-21.15	137.0	6.24	-150.3	203.4	-47.6
767383383	-2.82	-22.99	124.6	6.22	-147.3	192.9	-49.8
769384384	-2.86	-24.94	113.3	6.13	-142.6	182.1	-51.5
771385385	-2.91	-27.05	102.8	6.03	-137.0	171.3	-53.1
773386386	-2.96	-29.12	93.9	5.93	-131.6	161.7	-54.5
775387387	-3.03	-31.04	87.0	5.79	-126.0	153.1	-55.4
777388388	-3.09	-32.93	80.9	5.68	-121.0	145.5	-56.2
779389389	-3.20	-34.87	75.9	5.49	-115.2	137.9	-56.6
781390390	-3.30	-36.71	71.7	5.32	-110.0	131.4	-56.9
783391391	-3.43	-38.40	68.6	5.13	-105.2	125.6	-56.9
785392392	-3.55	-40.10	65.7	4.97	-100.8	120.3	-56.9
787393393	-3.69	-41.52	63.8	4.78	-96.6	115.8	-56.5
789394394	-3.81	-42.76	62.3	4.63	-93.3	112.2	-56.3
791395395	-3.94	-43.87	61.1	4.48	-90.3	109.0	-55.9
793396396	-4.04	-44.65	60.4	4.38	-88.1	106.9	-55.6
795397397	-4.09	-45.25	59.7	4.33	-86.8	105.4	-55.5
797398398	-4.09	-45.78	58.8	4.33	-86.3	104.4	-55.7
799399399	-4.01	-46.33	57.2	4.41	-86.6	103.8	-56.5
801400400	-3.89	-46.96	55.2	4.54	-87.1	103.1	-57.7
803401401	-3.71	-47.85	52.2	4.76	-88.0	102.3	-59.3
805402402	-3.49	-49.30	48.0	5.04	-88.2	100.4	-61.4
807403403	-3.28	-51.24	43.3	5.36	-87.4	97.6	-63.6
809404404	-3.06	-53.68	38.3	5.73	-85.6	93.8	-65.9
811405405	-2.88	-56.28	33.7	6.09	-83.1	89.7	-67.9
813406406	-2.74	-59.37	29.7	6.38	-79.5	84.9	-69.5
815407407	-2.67	-62.46	26.7	6.55	-75.7	80.3	-70.6
817408408	-2.59	-65.64	24.0	6.75	-72.0	75.9	-71.6
819409409	-2.56	-68.84	21.9	6.83	-68.3	71.7	-72.2
821410410	-2.55	-71.89	20.4	6.85	-64.9	68.0	-72.6
823411411	-2.55	-75.17	18.9	6.86	-61.4	64.2	-72.9
825412412	-2.55	-78.26	17.7	6.87	-58.3	60.9	-73.1
827413413	-2.57	-81.11	16.9	6.80	-55.5	58.0	-73.1
829414414	-2.58	-84.05	16.0	6.79	-52.9	55.2	-73.2
831415415	-2.60	-86.91	15.3	6.74	-50.4	52.7	-73.1
833416416	-2.63	-89.58	14.8	6.66	-48.1	50.4	-72.9
835417417	-2.64	-92.26	14.2	6.63	-46.0	48.1	-72.8
837418418	-2.66	-94.89	13.8	6.57	-44.0	46.1	-72.6
839419419	-2.68	-97.40	13.3	6.52	-42.1	44.2	-72.4
841420420	-2.71	-100.02	13.0	6.45	-40.3	42.3	-72.1
843421421	-2.70	-102.31	12.5	6.48	-38.7	40.7	-72.1
845422422	-2.73	-104.67	12.2	6.42	-37.1	39.1	-71.7
847423423	-2.75	-106.79	12.0	6.37	-35.7	37.7	-71.4
849424424	-2.77	-109.01	11.8	6.33	-34.3	36.3	-71.1
851425425	-2.78	-111.27	11.5	6.30	-32.9	34.9	-70.7
853426426	-2.79	-113.32	11.3	6.29	-31.7	33.7	-70.4
855427427	-2.81	-115.34	11.1	6.24	-30.5	32.5	-70.0
857428428	-2.83	-117.36	11.0	6.19	-29.3	31.3	-69.5
859429429	-2.85	-119.26	10.8	6.14	-28.3	30.3	-69.0
861430430	-2.87	-121.22	10.7	6.11	-27.2	29.2	-68.5
863431431	-2.88	-123.19	10.5	6.08	-26.1	28.2	-68.0
865432432	-2.89	-125.07	10.4	6.08	-25.1	27.2	-67.5
867433433	-2.91	-126.94	10.3	6.03	-24.1	26.2	-66.9
869434434	-2.95	-128.88	10.3	5.94	-23.1	25.3	-66.0
871435435	-2.97	-130.68	10.2	5.90	-22.2	24.4	-65.3
873436436	-2.99	-132.51	10.1	5.87	-21.2	23.5	-64.6
875437437	-3.03	-134.35	10.1	5.79	-20.3	22.7	-63.5
877438438	-3.06	-136.19	10.1	5.74	-19.4	21.9	-62.6
879439439	-3.08	-138.02	10.0	5.70	-18.5	21.0	-61.6
881440440	-3.12	-139.80	10.0	5.63	-17.6	20.3	-60.4
883441441	-3.13	-141.57	10.0	5.61	-16.8	19.5	-59.4
885442442	-3.14	-143.35	9.9	5.59	-16.0	18.8	-58.2
887443443	-3.16	-145.11	9.8	5.56	-15.2	18.1	-57.0
889444444	-3.17	-146.97	9.8	5.53	-14.3	17.3	-55.6
891445445	-3.18	-148.77	9.7	5.53	-13.5	16.6	-54.2
893446446	-3.19	-150.60	9.7	5.51	-12.7	15.9	-52.6
895447447	-3.19	-152.37	9.6	5.50	-11.9	15.3	-51.0
897448448	-3.20	-154.12	9.6	5.49	-11.1	14.6	-49.2
899449449	-3.20	-155.93	9.5	5.49	-10.3	14.0	-47.3
901450450	-3.19	-157.73	9.4	5.51	-9.5	13.4	-45.2
903451451	-3.17	-159.50	9.3	5.53	-8.7	12.8	-43.2
905452452	-3.15	-161.20	9.2	5.57	-8.0	12.2	-41.0
907453453	-3.13	-162.90	9.1	5.60	-7.3	11.7	-38.6
909454454	-3.10	-164.57	9.0	5.66	-6.6	11.1	-36.1
911455455	-3.08	-166.25	8.9	5.70	-5.8	10.6	-33.3
913456456	-3.04	-167.93	8.8	5.77	-5.1	10.2	-30.3
915457457	-3.00	-169.59	8.6	5.86	-4.4	9.7	-27.2
917458458	-2.96	-171.11	8.5	5.93	-3.8	9.3	-24.0
919459459	-2.91	-172.62	8.3	6.03	-3.1	8.9	-20.6
921460460	-2.86	-174.21	8.2	6.13	-2.5	8.5	-16.8
923461461	-2.81	-175.73	8.0	6.24	-1.8	8.2	-12.8
925462462	-2.75	-177.22	7.9	6.36	-1.2	8.0	-8.6
927463463	-2.70	-178.70	7.7	6.48	-0.6	7.7	-4.1
929464464	-2.64	179.87	7.6	6.62	0.1	7.6	0.4
931465465	-2.59	178.50	7.4	6.75	0.6	7.4	4.9
933466466	-2.54	177.08	7.3	6.88	1.2	7.4	9.7
935467467	-2.49	175.79	7.1	7.03	1.8	7.3	14.2
937468468	-2.41	174.52	6.9	7.24	2.3	7.3	18.7
939469469	-2.36	173.18	6.8	7.40	2.9	7.4	23.3
941470470	-2.31	171.91	6.6	7.58	3.5	7.5	27.7
943471471	-2.25	170.78	6.5	7.75	4.0	7.6	31.4
945472472	-2.20	169.45	6.4	7.94	4.5	7.8	35.6
947473473	-2.14	168.25	6.2	8.17	5.1	8.0	39.3
949474474	-2.08	166.98	6.0	8.41	5.6	8.2	43.0
951475475	-2.01	165.76	5.8	8.68	6.2	8.5	46.5
953476476	-1.95	164.53	5.7	8.94	6.7	8.8	49.7
955477477	-1.91	163.35	5.6	9.13	7.2	9.1	52.3
957478478	-1.85	162.25	5.4	9.43	7.7	9.4	54.9
959479479	-1.80	161.00	5.3	9.68	8.3	9.8	57.3
961480480	-1.74	159.81	5.2	10.01	8.8	10.2	59.7
963481481	-1.70	158.62	5.1	10.24	9.3	10.6	61.6
965482482	-1.65	157.35	4.9	10.57	9.9	11.1	63.6
967483483	-1.60	156.12	4.8	10.87	10.5	11.5	65.4
969484484	-1.54	155.00	4.6	11.31	11.0	11.9	67.1
971485485	-1.49	153.81	4.5	11.66	11.5	12.4	68.6
973486486	-1.45	152.53	4.4	12.03	12.1	12.9	70.0
975487487	-1.39	151.26	4.3	12.52	12.7	13.4	71.5
977488488	-1.35	149.99	4.2	12.88	13.3	14.0	72.6
979489489	-1.30	148.72	4.0	13.40	13.9	14.5	73.9
981490490	-1.26	147.33	3.9	13.86	14.6	15.1	75.0
983491491	-1.21	146.15	3.8	14.35	15.1	15.6	75.9
985492492	-1.16	144.82	3.7	15.05	15.8	16.2	77.0
987493493	-1.10	143.47	3.5	15.80	16.4	16.8	78.0
989494494	-1.05	142.07	3.4	16.51	17.1	17.4	78.8
991495495	-0.99	140.51	3.2	17.52	17.9	18.2	79.8
993496496	-0.95	139.09	3.1	18.26	18.6	18.8	80.5
995497497	-0.92	137.62	3.0	18.96	19.3	19.6	81.1
997498498	-0.87	136.30	2.9	19.92	20.0	20.2	81.7
999499499	-0.82	134.70	2.8	21.15	20.8	21.0	82.4
1001500500	-0.78	133.30	2.7	22.32	21.5	21.7	83.0
1003501501	-0.72	131.69	2.5	24.30	22.4	22.5	83.7
1005502502	-0.69	130.17	2.4	25.37	23.2	23.3	84.1
1007503503	-0.63	128.67	2.2	27.45	24.0	24.1	84.7
1009504504	-0.56	127.00	2.0	31.06	24.9	25.0	85.4
1011505505	-0.51	125.51	1.9	33.96	25.7	25.8	85.9
1013506506	-0.44	123.72	1.6	39.42	26.7	26.8	86.5
1015507507	-0.41	122.05	1.5	42.57	27.7	27.7	86.8
1017508508	-0.35	120.53	1.3	49.16	28.5	28.6	87.3
1019509509	-0.29	118.86	1.1	59.79	29.5	29.5	87.8
1021510510	-0.24	117.11	0.9	73.08	30.6	30.6	88.2
1023511511	-0.22	115.47	0.9	79.11	31.6	31.6	88.4
1025512512	-0.18	113.82	0.7	95.86	32.6	32.6	88.7
1027513513	-0.12	111.97	0.5	144.77	33.7	33.7	89.1
1029514514	-0.10	110.22	0.4	180.32	34.9	34.9	89.3
1031515515	-0.08	108.51	0.4	215.35	36.0	36.0	89.4
1033516516	-0.04	106.74	0.2	387.15	37.2	37.2	89.7
1035517517	-0.05	105.01	0.2	383.79	38.4	38.4	89.7
1037518518	-0.03	103.38	0.1	684.89	39.5	39.5	89.8
1039519519	-0.04	101.49	0.2	455.71	40.9	40.9	89.7
1041520520	-0.04	99.66	0.2	388.27	42.2	42.2	89.7
1043521521	-0.06	97.96	0.3	286.68	43.5	43.5	89.6
1045522522	-1.29	158.36	3.8	13.51	9.5	10.2	68.0
1047523523	-0.01	142.99	0.0	179.54	16.7	16.7	89.9
1049524524	-0.66	91.10	3.7	26.38	48.9	49.0	85.7
1051525525	-1.29	84.00	8.2	13.46	54.9	55.5	81.5
1053526526	-1.36	81.75	9.1	12.77	56.9	57.7	81.0
1055527527	-1.45	79.31	10.2	11.97	59.3	60.2	80.3
1057528528	-1.54	77.08	11.2	11.35	61.5	62.5	79.7
1059529529	-1.58	74.62	12.2	11.01	64.2	65.3	79.2
1061530530	-1.67	72.44	13.5	10.46	66.5	67.9	78.6
1063531531	-1.76	69.71	15.1	9.92	69.6	71.2	77.7
1065532532	-1.85	67.03	17.0	9.42	72.8	74.7	76.9
1067533533	-1.97	64.59	19.2	8.86	75.7	78.1	75.8
1069534534	-2.09	62.19	21.5	8.37	78.6	81.5	74.7
1071535535	-2.21	59.67	24.4	7.91	81.8	85.4	73.4
1073536536	-2.33	57.04	27.6	7.51	85.3	89.6	72.1
1075537537	-2.49	54.17	31.9	7.01	88.9	94.4	70.2
1077538538	-2.70	51.52	37.1	6.48	91.8	99.0	68.0
1079539539	-2.91	48.56	43.2	6.02	94.9	104.3	65.5
1081540540	-3.12	45.76	49.9	5.62	97.4	109.5	62.9
1083541541	-3.33	43.04	57.2	5.27	99.3	114.6	60.0
1085542542	-3.64	40.32	66.0	4.85	99.1	119.1	56.3
1087543543	-3.94	37.32	75.8	4.49	98.0	123.9	52.3
1089544544	-4.25	34.18	86.3	4.17	95.2	128.6	47.8
1091545545	-4.66	31.25	96.2	3.82	88.7	130.9	42.7
1093546546	-5.02	28.22	105.1	3.55	81.3	132.8	37.7
1095547547	-5.43	25.11	112.5	3.30	71.7	133.4	32.5
1097548548	-5.86	21.58	118.6	3.08	60.0	133.0	26.8
1099549549	-6.38	18.01	121.2	2.85	46.7	129.9	21.1
1101550550	-6.93	14.00	121.2	2.64	33.1	125.6	15.3
1103551551	-7.55	9.88	117.9	2.44	20.6	119.7	9.9
1105552552	-8.16	5.27	113.1	2.28	9.6	113.5	4.8
1107553553	-8.86	0.61	106.4	2.13	0.9	106.4	0.5
1109554554	-9.59	-5.02	99.0	1.99	-6.4	99.2	-3.7
1111555555	-10.41	-11.06	91.1	1.86	-11.6	91.8	-7.3
1113556556	-11.26	-17.73	83.5	1.75	-15.0	84.9	-10.2
1115557557	-11.98	-24.97	77.1	1.67	-17.5	79.1	-12.8
1117558558	-12.70	-33.72	70.8	1.60	-19.3	73.4	-15.2
1119559559	-13.34	-43.47	65.0	1.55	-20.2	68.0	-17.3
1121560560	-13.92	-53.94	59.7	1.50	-20.3	63.0	-18.7
1123561561	-14.31	-65.46	54.9	1.48	-20.0	58.4	-20.0
1125562562	-14.44	-77.09	50.7	1.47	-19.4	54.3	-21.0
1127563563	-14.29	-88.71	46.8	1.48	-18.7	50.4	-21.8
1129564564	-14.03	-99.31	43.5	1.50	-17.8	47.0	-22.2
1131565565	-13.56	-109.00	40.5	1.53	-16.8	43.8	-22.6
1133566566	-13.01	-117.85	37.7	1.58	-15.7	40.9	-22.6
1135567567	-12.41	-125.95	35.2	1.63	-14.5	38.1	-22.4
1137568568	-11.82	-133.11	33.0	1.69	-13.2	35.5	-21.8
1139569569	-11.27	-139.43	31.1	1.75	-11.9	33.3	-21.0
1141570570	-10.69	-145.27	29.2	1.83	-10.6	31.1	-20.0
1143571571	-10.19	-150.80	27.6	1.90	-9.2	29.1	-18.5
1145572572	-9.63	-156.04	26.0	1.98	-7.8	27.2	-16.7
1147573573	-9.14	-160.68	24.6	2.07	-6.5	25.5	-14.8
1149574574	-8.63	-165.30	23.3	2.18	-5.1	23.8	-12.3
1151575575	-8.19	-169.43	22.1	2.28	-3.7	22.4	-9.6
1153576576	-7.75	-173.67	21.0	2.39	-2.3	21.1	-6.2
1155577577	-7.33	-177.51	19.9	2.51	-0.9	20.0	-2.6
1157578578	-6.92	178.85	18.9	2.64	0.4	18.9	1.3
1159579579	-6.58	175.39	18.1	2.77	1.8	18.2	5.5
1161580580	-6.21	172.11	17.2	2.91	3.0	17.5	10.0
1163581581	-5.90	168.81	16.5	3.06	4.4	17.1	14.8
1165582582	-5.60	165.72	15.8	3.21	5.6	16.8	19.7
1167583583	-5.32	162.55	15.2	3.36	7.0	16.7	24.7
1169584584	-5.01	159.55	14.5	3.56	8.3	16.7	29.8
1171585585	-4.77	156.68	13.9	3.73	9.5	16.9	34.4
1173586586	-4.53	153.66	13.4	3.92	10.9	17.3	39.1
1175587587	-4.34	150.84	13.0	4.09	12.2	17.8	43.1
1177588588	-4.20	147.93	12.8	4.22	13.5	18.6	46.6
1179589589	-4.05	145.45	12.5	4.36	14.7	19.3	49.5
1181590590	-3.88	142.89	12.2	4.55	15.9	20.0	52.6
1183591591	-3.78	140.31	12.0	4.67	17.1	20.9	54.9
1185592592	-3.69	137.80	11.9	4.78	18.3	21.9	56.9
1187593593	-3.63	135.30	11.9	4.86	19.5	22.9	58.6
1189594594	-3.56	133.07	11.9	4.95	20.7	23.9	60.0
1191595595	-3.55	130.77	12.1	4.96	21.8	24.9	61.0
1193596596	-3.54	128.57	12.3	4.98	22.9	26.0	61.8
1195597597	-3.52	126.43	12.4	5.00	24.0	27.0	62.6
1197598598	-3.52	124.41	12.6	5.01	25.0	28.0	63.2
1199599599	-3.53	122.20	12.9	4.99	26.2	29.2	63.7
1201600600	-3.54	120.32	13.2	4.98	27.2	30.2	64.1
1203601601	-3.55	118.65	13.4	4.96	28.1	31.1	64.4
1205602602	-3.57	116.83	13.7	4.94	29.0	32.1	64.7
1207603603	-3.59	115.05	14.1	4.91	30.0	33.1	64.9
1209604604	-3.62	113.76	14.4	4.87	30.7	33.9	64.9
1211605605	-3.59	111.76	14.6	4.91	31.9	35.0	65.4
1213606606	-3.58	110.26	14.8	4.92	32.7	35.9	65.7
1215607607	-3.56	108.62	15.0	4.94	33.7	36.9	66.0
1217608608	-3.52	107.50	15.0	5.01	34.5	37.6	66.4
1219609609	-3.45	105.92	15.1	5.10	35.5	38.6	67.0
1221610610	-3.37	104.16	15.1	5.22	36.7	39.7	67.7
1223611611	-3.24	102.89	14.8	5.42	37.7	40.5	68.6
1225612612	-3.13	101.14	14.6	5.60	39.0	41.6	69.4
1227613613	-3.00	99.47	14.4	5.84	40.3	42.8	70.3
1229614614	-2.82	97.63	14.0	6.20	41.8	44.0	71.5
1231615615	-2.59	95.74	13.2	6.77	43.5	45.4	73.1
1233616616	-2.31	93.66	12.2	7.58	45.4	47.0	74.9
1235617617	-2.08	90.92	11.6	8.38	47.8	49.2	76.4
1237618618	-1.82	87.88	10.7	9.59	50.7	51.8	78.1
1239619619	-1.55	84.81	9.7	11.24	53.8	54.7	79.8
1241620620	-1.31	81.14	8.8	13.30	57.6	58.3	81.3
1243621621	-1.08	77.08	8.0	16.05	62.1	62.7	82.7
1245622622	-0.87	73.02	7.0	20.08	67.1	67.4	84.0
1247623623	-0.67	68.56	6.0	25.98	73.0	73.3	85.3
1249624624	-0.51	64.19	5.2	33.75	79.5	79.6	86.2
1251625625	-0.37	59.56	4.3	47.53	87.2	87.3	87.2
1253626626	-0.25	54.74	3.4	69.01	96.5	96.5	88.0
1255627627	-0.19	50.06	3.0	91.87	107.0	107.0	88.4
1257628628	-0.18	45.57	3.5	94.87	118.9	119.0	88.3
1259629629	-0.15	40.50	3.6	116.88	135.4	135.5	88.5
1261630630	-0.16	36.04	4.9	106.71	153.5	153.6	88.2
1263631631	-0.21	31.36	8.1	84.01	177.8	178.0	87.4
1265632632	-0.24	27.02	12.6	72.23	207.4	207.8	86.5
1267633633	-0.32	22.63	23.7	54.33	247.7	248.9	84.5
1269634634	-0.43	18.39	47.0	40.75	301.7	305.4	81.2
1271635635	-0.52	14.19	93.0	33.27	379.1	390.4	76.2
1273636636	-0.67	10.29	202.2	26.01	469.0	510.7	66.7
1275637637	-0.80	6.48	434.2	21.65	529.1	684.5	50.6
1277638638	-0.97	2.73	758.3	17.93	322.8	824.2	23.1
1279639639	-1.13	-0.95	760.2	15.45	-96.5	766.3	-7.2
1281640640	-1.29	-4.55	523.9	13.46	-278.3	593.2	-28.0
1283641641	-1.46	-7.96	354.9	11.94	-291.3	459.2	-39.4
1285642642	-1.68	-11.23	256.7	10.35	-256.3	362.8	-45.0
1287643643	-1.87	-14.74	193.1	9.33	-226.6	297.8	-49.6
1289644644	-2.06	-18.01	154.9	8.48	-200.2	253.2	-52.3
1291645645	-2.25	-21.40	127.5	7.77	-177.7	218.8	-54.3
1293646646	-2.42	-24.90	106.9	7.23	-159.5	192.0	-56.2
1295647647	-2.62	-27.65	95.7	6.67	-144.9	173.7	-56.5
1297648648	-2.83	-30.74	85.5	6.19	-131.6	156.9	-57.0
1299649649	-3.00	-33.96	76.3	5.85	-121.0	143.1	-57.8
1301650650	-3.21	-37.43	68.8	5.47	-110.5	130.1	-58.1
1303651651	-3.36	-40.56	62.8	5.23	-102.8	120.5	-58.6
1305652652	-3.49	-43.56	57.8	5.04	-96.4	112.4	-59.1
1307653653	-3.66	-46.69	53.6	4.82	-90.1	104.8	-59.2
1309654654	-3.77	-49.72	49.9	4.68	-84.9	98.5	-59.6
1311655655	-3.91	-52.94	46.5	4.52	-79.7	92.3	-59.7
1313656656	-4.04	-56.00	43.8	4.38	-75.2	87.0	-59.8
1315657657	-4.13	-59.00	41.1	4.28	-71.4	82.4	-60.0
1317658658	-4.19	-61.79	38.8	4.22	-68.2	78.5	-60.4
1319659659	-4.25	-64.80	36.6	4.17	-65.0	74.5	-60.6
1321660660	-4.29	-67.60	34.6	4.13	-62.2	71.2	-60.9
1323661661	-4.33	-70.36	32.8	4.10	-59.6	68.0	-61.1
1325662662	-4.37	-73.05	31.3	4.06	-57.1	65.1	-61.3
1327663663	-4.38	-75.55	29.9	4.05	-55.0	62.6	-61.5
1329664664	-4.40	-78.08	28.6	4.03	-52.9	60.1	-61.6
1331665665	-4.39	-80.50	27.3	4.04	-51.1	57.9	-61.9
1333666666	-4.39	-82.90	26.2	4.04	-49.3	55.8	-62.0
1335667667	-4.38	-85.07	25.2	4.05	-47.7	54.0	-62.1
1337668668	-4.35	-87.15	24.2	4.07	-46.3	52.3	-62.4
1339669669	-4.32	-89.27	23.3	4.11	-44.9	50.6	-62.6
1341670670	-4.31	-91.39	22.5	4.11	-43.5	48.9	-62.7
1343671671	-4.27	-93.44	21.6	4.15	-42.2	47.4	-62.8
1345672672	-4.22	-95.44	20.8	4.19	-41.0	45.9	-63.1
1347673673	-4.18	-97.23	20.1	4.24	-39.9	44.7	-63.3
1349674674	-4.11	-98.82	19.4	4.30	-39.0	43.5	-63.6
1351675675	-4.10	-100.40	18.9	4.31	-38.0	42.5	-63.5
1353676676	-4.06	-102.07	18.3	4.36	-37.0	41.3	-63.7
1355677677	-4.00	-103.68	17.8	4.42	-36.1	40.3	-63.8
1357678678	-3.95	-105.34	17.2	4.47	-35.2	39.2	-64.0
1359679679	-3.93	-106.96	16.8	4.50	-34.3	38.1	-63.9
1361680680	-3.89	-108.29	16.4	4.54	-33.5	37.3	-64.0
1363681681	-3.83	-109.63	15.9	4.60	-32.8	36.5	-64.2
1365682682	-3.78	-110.89	15.5	4.67	-32.2	35.7	-64.3
1367683683	-3.75	-112.42	15.1	4.71	-31.3	34.8	-64.3
1369684684	-3.69	-113.88	14.6	4.77	-30.6	33.9	-64.4
1371685685	-3.63	-114.96	14.2	4.86	-30.0	33.2	-64.6
1373686686	-3.59	-116.17	13.9	4.91	-29.4	32.5	-64.7
1375687687	-3.55	-117.40	13.6	4.95	-28.7	31.8	-64.6
1377688688	-3.50	-118.71	13.2	5.03	-28.1	31.0	-64.7
1379689689	-3.44	-119.95	12.9	5.11	-27.4	30.3	-64.9
1381690690	-3.39	-120.97	12.6	5.19	-26.9	29.7	-65.0
1383691691	-3.36	-122.08	12.3	5.24	-26.4	29.1	-64.9
1385692692	-3.31	-123.34	12.0	5.32	-25.7	28.4	-65.0
1387693693	-3.25	-124.37	11.7	5.40	-25.2	27.8	-65.1
1389694694	-3.22	-125.39	11.5	5.46	-24.7	27.3	-65.1
1391695695	-3.17	-126.41	11.2	5.55	-24.2	26.7	-65.1
1393696696	-3.08	-127.45	10.8	5.69	-23.7	26.1	-65.5
1395697697	-3.02	-128.46	10.5	5.81	-23.3	25.5	-65.6
1397698698	-2.97	-129.47	10.3	5.91	-22.8	25.0	-65.7
1399699699	-2.91	-130.39	10.0	6.03	-22.3	24.5	-65.9
1401700700	-2.84	-131.35	9.7	6.18	-21.9	23.9	-66.1
1403701701	-2.78	-132.22	9.4	6.31	-21.5	23.5	-66.3
1405702702	-2.72	-133.07	9.2	6.43	-21.1	23.0	-66.4
1407703703	-2.68	-133.93	9.0	6.54	-20.7	22.5	-66.5
1409704704	-2.60	-134.81	8.7	6.72	-20.3	22.1	-66.8
1411705705	-2.54	-135.55	8.4	6.89	-19.9	21.6	-67.1
1413706706	-2.47	-136.31	8.2	7.07	-19.6	21.2	-67.3
1415707707	-2.41	-136.96	7.9	7.27	-19.3	20.9	-67.7
1417708708	-2.33	-137.67	7.6	7.51	-19.0	20.4	-68.1
1419709709	-2.26	-138.33	7.4	7.73	-18.7	20.1	-68.4
1421710710	-2.19	-139.05	7.1	7.98	-18.3	19.7	-68.8
1423711711	-2.13	-139.68	6.9	8.21	-18.1	19.3	-69.1
1425712712	-2.05	-140.29	6.6	8.51	-17.8	19.0	-69.5
1427713713	-1.98	-140.94	6.4	8.82	-17.5	18.6	-70.0
1429714714	-1.91	-141.51	6.1	9.14	-17.2	18.3	-70.4
1431715715	-1.84	-142.01	5.9	9.46	-17.0	18.0	-70.8
1433716716	-1.77	-142.45	5.7	9.83	-16.8	17.7	-71.4
1435717717	-1.72	-143.01	5.5	10.13	-16.5	17.4	-71.7
1437718718	-1.65	-143.42	5.3	10.54	-16.4	17.2	-72.2
1439719719	-1.59	-143.87	5.0	10.99	-16.2	16.9	-72.7
1441720720	-1.52	-144.33	4.8	11.49	-16.0	16.7	-73.3
1443721721	-1.43	-144.52	4.5	12.21	-15.9	16.5	-74.1
1445722722	-1.36	-144.93	4.3	12.83	-15.7	16.3	-74.7
1447723723	-1.33	-145.33	4.2	13.09	-15.5	16.1	-74.9
1449724724	-1.27	-145.73	4.0	13.66	-15.3	15.8	-75.3
1451725725	-1.23	-146.04	3.9	14.18	-15.2	15.7	-75.8
1453726726	-1.16	-146.30	3.6	14.98	-15.1	15.5	-76.4
1455727727	-1.12	-146.64	3.5	15.57	-14.9	15.3	-76.8
1457728728	-1.07	-146.77	3.4	16.24	-14.9	15.2	-77.3
1459729729	-1.04	-147.13	3.2	16.75	-14.7	15.0	-77.5
1461730730	-0.99	-147.34	3.1	17.54	-14.6	14.9	-78.0
1463731731	-0.94	-147.54	2.9	18.50	-14.5	14.8	-78.6
1465732732	-0.91	-147.88	2.8	19.16	-14.4	14.6	-78.9
1467733733	-0.87	-148.16	2.7	19.97	-14.2	14.5	-79.2
1469734734	-0.81	-148.18	2.5	21.36	-14.2	14.4	-79.9
1471735735	-0.81	-148.34	2.5	21.58	-14.1	14.4	-80.0
1473736736	-0.80	-148.54	2.5	21.72	-14.0	14.3	-80.0
1475737737	-0.77	-148.59	2.4	22.45	-14.0	14.2	-80.3
1477738738	-0.74	-148.80	2.3	23.42	-13.9	14.1	-80.6
1479739739	-0.70	-148.95	2.2	24.77	-13.9	14.0	-81.1
1481740740	-0.65	-149.23	2.0	26.71	-13.7	13.9	-81.7
1483741741	-0.65	-149.40	2.0	26.69	-13.7	13.8	-81.6
1485742742	-0.68	-149.57	2.1	25.69	-13.6	13.7	-81.2
1487743743	-0.64	-149.79	2.0	27.22	-13.5	13.6	-81.7
1489744744	-0.63	-149.98	1.9	27.77	-13.4	13.5	-81.8
1491745745	-0.65	-150.16	2.0	26.80	-13.3	13.5	-81.5
1493746746	-0.62	-150.44	1.9	28.24	-13.2	13.3	-81.8
1495747747	-0.62	-150.51	1.9	28.16	-13.1	13.3	-81.8
1497748748	-0.64	-150.60	2.0	27.34	-13.1	13.2	-81.5
1499749749	-0.60	-150.87	1.9	28.74	-13.0	13.1	-81.9
1501750750	-0.60	-151.08	1.9	28.78	-12.9	13.0	-81.8
1503751751	-0.60	-151.36	1.8	29.17	-12.7	12.9	-81.8
1505752752	-0.58	-151.70	1.8	30.07	-12.6	12.7	-82.0
1507753753	-0.60	-151.98	1.8	28.88	-12.5	12.6	-81.6
1509754754	-0.61	-152.28	1.9	28.48	-12.3	12.5	-81.4
1511755755	-0.62	-152.49	1.9	27.89	-12.2	12.4	-81.2
1513756756	-0.62	-152.69	1.9	27.87	-12.1	12.3	-81.1
1515757757	-0.64	-153.21	1.9	27.33	-11.9	12.0	-80.8
1517758758	-0.62	-153.45	1.9	27.87	-11.8	11.9	-80.9
1519759759	-0.63	-153.72	1.9	27.45	-11.7	11.8	-80.6
1521760760	-0.63	-154.04	1.9	27.42	-11.5	11.7	-80.5
1523761761	-0.63	-154.38	1.9	27.65	-11.4	11.5	-80.5
1525762762	-0.56	-155.35	1.7	30.81	-10.9	11.0	-81.1
1527763763	-0.54	-156.76	1.6	32.23	-10.3	10.4	-81.1
1529764764	-0.58	-155.71	1.7	30.22	-10.7	10.9	-80.9
1531765765	-0.62	-155.57	1.9	28.12	-10.8	11.0	-80.2
1533766766	-0.63	-155.96	1.9	27.73	-10.6	10.8	-79.9
1535767767	-0.61	-156.17	1.8	28.67	-10.5	10.7	-80.2
1537768768	-0.59	-156.47	1.8	29.58	-10.4	10.5	-80.4
1539769769	-0.59	-157.12	1.8	29.39	-10.1	10.3	-80.1
1541770770	-0.61	-157.68	1.8	28.67	-9.9	10.0	-79.6
1543771771	-0.60	-158.00	1.8	29.04	-9.7	9.9	-79.6
1545772772	-0.59	-158.31	1.8	29.30	-9.6	9.7	-79.5
1547773773	-0.58	-158.94	1.7	30.21	-9.3	9.4	-79.5
1549774774	-0.58	-159.22	1.7	30.16	-9.2	9.3	-79.4
1551775775	-0.58	-159.61	1.7	29.84	-9.0	9.1	-79.1
1553776776	-0.57	-159.83	1.7	30.67	-8.9	9.0	-79.3
1555777777	-0.57	-160.24	1.7	30.26	-8.7	8.9	-78.9
1557778778	-0.55	-160.87	1.6	31.44	-8.4	8.6	-79.0
1559779779	-0.53	-161.10	1.6	32.54	-8.3	8.5	-79.2
1561780780	-0.51	-161.59	1.5	34.02	-8.1	8.2	-79.4
1563781781	-0.51	-161.90	1.5	34.30	-8.0	8.1	-79.4
1565782782	-0.46	-162.38	1.3	38.11	-7.7	7.9	-80.2
1567783783	-0.42	-162.84	1.2	41.32	-7.5	7.6	-80.7
1569784784	-0.40	-162.91	1.2	43.81	-7.5	7.6	-81.2
1571785785	-0.35	-163.32	1.0	49.24	-7.3	7.4	-81.9
1573786786	-0.32	-163.73	0.9	53.74	-7.1	7.2	-82.4
1575787787	-0.32	-163.92	0.9	54.00	-7.1	7.1	-82.4
1577788788	-0.23	-164.12	0.7	75.34	-7.0	7.0	-84.5
1579789789	-0.18	-164.52	0.5	99.20	-6.8	6.8	-85.7
1581790790	-0.15	-164.91	0.4	115.77	-6.6	6.6	-86.2
1583791791	-0.07	-164.97	0.2	237.86	-6.6	6.6	-88.1
1585792792	0.00	-165.42	0.0	?	-6.4	6.4	-90.0
1587793793	0.00	-166.07	0.0	?	-6.1	6.1	-90.0
1589794794	0.00	-166.33	0.0	?	-6.0	6.0	-90.0
1591795795	0.00	-166.60	0.0	?	-5.9	5.9	-90.0
1593796796	0.00	-166.94	0.0	?	-5.7	5.7	-90.0
1595797797	0.00	-167.37	0.0	?	-5.5	5.5	-90.0
1597798798	0.00	-167.65	0.0	?	-5.4	5.4	-90.0
1599799799	0.00	-168.14	0.0	?	-5.2	5.2	-90.0
1601800800	0.00	-168.50	0.0	?	-5.0	5.0	-90.0
1603801801	0.00	-168.96	0.0	?	-4.8	4.8	-90.0
1605802802	0.00	-169.17	0.0	?	-4.7	4.7	-90.0
1607803803	0.00	-169.54	0.0	?	-4.6	4.6	-90.0
1609804804	0.00	-169.98	0.0	?	-4.4	4.4	-90.0
1611805805	0.00	-170.43	0.0	?	-4.2	4.2	-90.0
1613806806	0.00	-170.94	0.0	?	-4.0	4.0	-90.0
1615807807	0.00	-171.27	0.0	?	-3.8	3.8	-90.0
1617808808	0.00	-171.84	0.0	?	-3.6	3.6	-90.0
1619809809	0.00	-172.50	0.0	?	-3.3	3.3	-90.0
1621810810	0.00	-172.83	0.0	?	-3.1	3.1	-90.0
1623811811	0.00	-172.90	0.0	?	-3.1	3.1	-90.0
1625812812	0.00	-173.45	0.0	?	-2.9	2.9	-90.0
1627813813	0.00	-173.95	0.0	?	-2.6	2.6	-90.0
1629814814	0.00	-174.19	0.0	?	-2.5	2.5	-90.0
1631815815	0.00	-174.46	0.0	?	-2.4	2.4	-90.0
1633816816	0.00	-175.03	0.0	?	-2.2	2.2	-90.0
1635817817	0.00	-175.45	0.0	?	-2.0	2.0	-90.0
1637818818	0.00	-175.91	0.0	?	-1.8	1.8	-90.0
1639819819	0.00	-176.48	0.0	?	-1.5	1.5	-90.0
1641820820	0.00	-176.81	0.0	?	-1.4	1.4	-90.0
1643821821	0.00	-177.31	0.0	?	-1.2	1.2	-90.0
1645822822	0.00	-177.97	0.0	?	-0.9	0.9	-90.0
1647823823	0.00	-178.24	0.0	?	-0.8	0.8	-90.0
1649824824	0.00	-178.59	0.0	?	-0.6	0.6	-90.0
1651825825	0.00	-178.94	0.0	?	-0.5	0.5	-90.0
1653826826	0.00	-179.45	0.0	?	-0.2	0.2	-90.0
1655827827	0.00	-179.88	0.0	?	-0.1	0.1	-90.0
1657828828	0.00	179.45	0.0	?	0.2	0.2	90.0
1659829829	0.00	178.97	0.0	?	0.4	0.4	90.0
1661830830	0.00	178.46	0.0	?	0.7	0.7	90.0
1663831831	0.00	178.14	0.0	?	0.8	0.8	90.0
1665832832	0.00	177.68	0.0	?	1.0	1.0	90.0
1667833833	0.00	176.89	0.0	?	1.4	1.4	90.0
1669834834	0.00	176.55	0.0	?	1.5	1.5	90.0
1671835835	0.00	175.71	0.0	?	1.9	1.9	90.0
1673836836	0.00	175.20	0.0	?	2.1	2.1	90.0
1675837837	0.00	174.42	0.0	?	2.4	2.4	90.0
1677838838	0.00	173.79	0.0	?	2.7	2.7	90.0
1679839839	0.00	173.20	0.0	?	3.0	3.0	90.0
1681840840	0.00	172.52	0.0	?	3.3	3.3	90.0
1683841841	0.00	172.10	0.0	?	3.5	3.5	90.0
1685842842	0.00	171.14	0.0	?	3.9	3.9	90.0
1687843843	0.00	170.43	0.0	?	4.2	4.2	90.0
1689844844	0.00	169.66	0.0	?	4.5	4.5	90.0
1691845845	0.00	168.98	0.0	?	4.8	4.8	90.0
1693846846	0.00	168.22	0.0	?	5.2	5.2	90.0
1695847847	0.00	167.32	0.0	?	5.6	5.6	90.0
1697848848	0.00	166.69	0.0	?	5.8	5.8	90.0
1699849849	0.00	166.01	0.0	?	6.1	6.1	90.0
1701850850	0.00	165.40	0.0	?	6.4	6.4	90.0
1703851851	0.00	164.40	0.0	?	6.9	6.9	90.0
1705852852	0.00	163.75	0.0	?	7.1	7.1	90.0
1707853853	0.00	162.56	0.0	?	7.7	7.7	90.0
1709854854	0.00	162.56	0.0	?	7.7	7.7	90.0
1711855855	0.00	161.78	0.0	?	8.0	8.0	90.0
1713856856	0.00	161.01	0.0	?	8.4	8.4	90.0
1715857857	0.00	160.25	0.0	?	8.7	8.7	90.0
1717858858	0.00	159.69	0.0	?	9.0	9.0	90.0
1719859859	0.00	159.57	0.0	?	9.0	9.0	90.0
1721860860	0.00	159.10	0.0	?	9.2	9.2	90.0
1723861861	0.00	158.61	0.0	?	9.4	9.4	90.0
1725862862	0.00	158.26	0.0	?	9.6	9.6	90.0
1727863863	0.00	157.69	0.0	?	9.9	9.9	90.0
1729864864	0.00	157.36	0.0	?	10.0	10.0	90.0
1731865865	0.00	157.01	0.0	?	10.2	10.2	90.0
1733866866	0.00	156.12	0.0	?	10.6	10.6	90.0
1735867867	0.00	155.06	0.0	?	11.1	11.1	90.0
1737868868	0.00	154.21	0.0	?	11.4	11.4	90.0
1739869869	0.00	153.45	0.0	?	11.8	11.8	90.0
1741870870	0.00	152.80	0.0	?	12.1	12.1	90.0
1743871871	0.00	151.06	0.0	?	12.9	12.9	90.0
1745872872	0.00	149.74	0.0	?	13.5	13.5	90.0
1747873873	0.00	148.50	0.0	?	14.1	14.1	90.0
1749874874	0.00	147.28	0.0	?	14.7	14.7	90.0
1751875875	0.00	145.77	0.0	?	15.4	15.4	90.0
1753876876	0.00	143.96	0.0	?	16.3	16.3	90.0
1755877877	0.00	142.88	0.0	?	16.8	16.8	90.0
1757878878	0.00	140.78	0.0	?	17.8	17.8	90.0
1759879879	0.00	139.08	0.0	?	18.7	18.7	90.0
1761880880	0.00	137.31	0.0	?	19.5	19.5	90.0
1763881881	0.00	135.79	0.0	?	20.3	20.3	90.0
1765882882	0.00	134.04	0.0	?	21.2	21.2	90.0
1767883883	0.00	132.04	0.0	?	22.2	22.2	90.0
1769884884	0.00	130.53	0.0	?	23.0	23.0	90.0
1771885885	0.00	128.57	0.0	?	24.1	24.1	90.0
1773886886	0.00	126.64	0.0	?	25.1	25.1	90.0
1775887887	0.00	124.66	0.0	?	26.2	26.2	90.0
1777888888	0.00	122.78	0.0	?	27.3	27.3	90.0
1779889889	0.00	120.73	0.0	?	28.4	28.4	90.0
1781890890	0.00	119.12	0.0	?	29.4	29.4	90.0
1783891891	0.00	117.31	0.0	?	30.5	30.5	90.0
1785892892	0.00	115.77	0.0	?	31.4	31.4	90.0
1787893893	0.00	113.55	0.0	?	32.8	32.8	90.0
1789894894	0.00	111.82	0.0	?	33.8	33.8	90.0
1791895895	0.00	109.93	0.0	?	35.1	35.1	90.0
1793896896	0.00	107.77	0.0	?	36.5	36.5	90.0
1795897897	0.00	106.00	0.0	?	37.7	37.7	90.0
1797898898	0.00	103.89	0.0	?	39.1	39.1	90.0
1799899899	0.00	102.01	0.0	?	40.5	40.5	90.0
1801900900	0.00	100.20	0.0	?	41.8	41.8	90.0
1803901901	0.00	98.44	0.0	?	43.1	43.1	90.0
1805902902	0.00	96.20	0.0	?	44.9	44.9	90.0
1807903903	0.00	94.37	0.0	?	46.3	46.3	90.0
1809904904	0.00	91.91	0.0	?	48.4	48.4	90.0
1811905905	0.00	90.13	0.0	?	49.9	49.9	90.0
1813906906	0.00	88.38	0.0	?	51.4	51.4	90.0
1815907907	0.00	86.36	0.0	?	53.3	53.3	90.0
1817908908	0.00	84.28	0.0	?	55.3	55.3	90.0
1819909909	0.00	82.58	0.0	?	56.9	56.9	90.0
1821910910	0.00	80.06	0.0	?	59.5	59.5	90.0
1823911911	0.00	78.23	0.0	?	61.5	61.5	90.0
1825912912	0.00	76.03	0.0	?	64.0	64.0	90.0
1827913913	-0.07	73.58	0.6	236.18	66.9	66.9	89.5
1829914914	-0.27	71.86	2.3	64.14	68.9	69.0	88.1
1831915915	-0.57	69.54	5.0	30.46	71.8	72.0	86.0
1833916916	-0.86	67.15	8.1	20.19	74.7	75.2	83.9
1835917917	-1.15	64.84	11.3	15.19	77.6	78.4	81.7
1837918918	-1.40	62.63	14.6	12.45	80.3	81.6	79.7
1839919919	-1.63	60.38	18.0	10.71	83.0	85.0	77.8
1841920920	-1.85	57.94	21.8	9.43	86.1	88.8	75.8
1843921921	-2.14	55.68	26.6	8.17	88.5	92.4	73.3
1845922922	-2.43	53.82	31.6	7.19	89.9	95.2	70.6
1847923923	-2.67	51.03	37.3	6.56	92.9	100.1	68.1
1849924924	-2.86	48.26	43.1	6.12	95.9	105.1	65.8
1851925925	-3.14	45.32	50.9	5.59	98.0	110.4	62.5
1853926926	-3.40	43.01	58.0	5.17	98.4	114.2	59.5
1855927927	-3.59	40.32	65.6	4.91	99.8	119.4	56.7
1857928928	-3.81	37.58	74.2	4.63	99.8	124.4	53.4
1859929929	-3.98	34.59	83.7	4.44	100.1	130.4	50.1
1861930930	-4.22	32.48	91.2	4.20	97.1	133.2	46.8
1863931931	-4.41	29.50	101.4	4.02	94.1	138.3	42.9
1865932932	-4.58	26.60	111.3	3.88	90.2	143.2	39.0
1867933933	-4.71	23.83	120.6	3.78	85.6	147.9	35.4
1869934934	-4.80	21.36	128.9	3.71	80.8	152.2	32.1
1871935935	-4.95	18.32	138.3	3.61	72.4	156.0	27.6
1873936936	-5.13	15.24	145.6	3.48	61.2	158.0	22.8
1875937937	-5.22	12.45	152.2	3.43	51.5	160.7	18.7
1877938938	-5.35	9.66	156.1	3.35	39.9	161.1	14.3
1879939939	-5.49	7.18	157.6	3.27	29.2	160.2	10.5
1881940940	-5.57	4.38	159.0	3.22	17.7	160.0	6.3
1883941941	-5.70	1.38	157.7	3.16	5.4	157.8	2.0
1885942942	-5.76	-1.37	156.2	3.13	-5.2	156.3	-1.9
1887943943	-5.81	-4.09	153.4	3.10	-15.2	154.1	-5.7
1889944944	-5.88	-6.68	149.0	3.06	-23.7	150.8	-9.0
1891945945	-5.95	-9.52	143.5	3.03	-32.1	147.0	-12.6
1893946946	-6.04	-12.45	136.7	2.99	-39.1	142.2	-16.0
1895947947	-6.12	-14.87	130.8	2.95	-43.9	138.0	-18.6
1897948948	-6.21	-17.15	124.9	2.92	-47.4	133.6	-20.8
1899949949	-6.31	-20.06	117.8	2.88	-51.1	128.4	-23.4
1901950950	-6.33	-22.23	113.0	2.87	-53.8	125.2	-25.5
1903951951	-6.52	-24.66	106.5	2.79	-53.9	119.4	-26.9
1905952952	-6.72	-27.68	99.5	2.71	-54.2	113.3	-28.6
1907953953	-6.88	-29.43	95.5	2.65	-53.4	109.4	-29.2
1909954954	-7.04	-30.76	92.5	2.60	-52.5	106.4	-29.5
1911955955	-7.28	-32.45	88.9	2.52	-50.7	102.4	-29.7
1913956956	-7.43	-34.01	86.1	2.48	-49.9	99.5	-30.1
1915957957	-7.56	-33.99	85.7	2.44	-48.7	98.6	-29.6
1917958958	-7.66	-34.73	84.4	2.41	-48.0	97.1	-29.6
1919959959	-7.70	-34.33	84.8	2.40	-47.5	97.2	-29.2
1921960960	-7.69	-34.32	84.9	2.41	-47.6	97.3	-29.3
1923961961	-7.49	-33.59	86.5	2.46	-49.2	99.5	-29.6
1925962962	-7.39	-33.62	86.8	2.49	-50.2	100.2	-30.0
1927963963	-7.15	-33.79	87.2	2.56	-52.7	101.9	-31.2
1929964964	-6.97	-33.52	88.1	2.63	-54.6	103.6	-31.8
1931965965	-6.74	-34.64	86.7	2.71	-57.6	104.1	-33.6
1933966966	-6.49	-35.54	85.5	2.80	-60.7	104.8	-35.4
1935967967	-6.27	-36.31	84.3	2.89	-63.5	105.5	-37.0
1937968968	-6.00	-37.36	82.4	3.01	-66.9	106.1	-39.1
1939969969	-5.82	-38.45	80.2	3.10	-69.1	105.9	-40.8
1941970970	-5.61	-39.74	77.4	3.20	-71.5	105.4	-42.7
1943971971	-5.44	-40.98	74.6	3.30	-73.2	104.6	-44.5
1945972972	-5.33	-42.02	72.3	3.36	-74.2	103.6	-45.7
1947973973	-5.15	-43.13	69.6	3.47	-75.7	102.9	-47.4
1949974974	-5.03	-44.19	67.2	3.55	-76.5	101.9	-48.7
1951975975	-4.87	-45.38	64.3	3.66	-77.5	100.7	-50.3
1953976976	-4.72	-46.71	61.3	3.77	-78.1	99.3	-51.9
1955977977	-4.62	-47.70	59.1	3.85	-78.3	98.1	-53.0
1957978978	-4.49	-48.93	56.3	3.96	-78.6	96.7	-54.4
1959979979	-4.34	-50.59	52.8	4.09	-78.5	94.6	-56.0
1961980980	-4.22	-51.25	51.1	4.20	-78.9	94.0	-57.1
1963981981	-4.13	-51.91	49.5	4.28	-78.9	93.2	-57.9
1965982982	-3.97	-53.23	46.6	4.45	-78.9	91.6	-59.4
1967983983	-3.86	-54.17	44.5	4.58	-78.7	90.5	-60.5
1969984984	-3.77	-54.84	43.1	4.68	-78.6	89.7	-61.3
1971985985	-3.72	-55.66	41.7	4.74	-78.0	88.5	-61.9
1973986986	-3.60	-56.56	39.8	4.90	-77.8	87.4	-62.9
1975987987	-3.50	-57.44	38.0	5.03	-77.4	86.3	-63.8
1977988988	-3.38	-57.83	36.7	5.20	-77.8	86.0	-64.8
1979989989	-3.32	-58.87	35.1	5.30	-76.8	84.5	-65.4
1981990990	-3.27	-59.50	34.1	5.38	-76.4	83.7	-65.9
1983991991	-3.20	-60.72	32.5	5.49	-75.3	82.0	-66.6
1985992992	-3.07	-61.61	30.7	5.72	-74.9	80.9	-67.7
1987993993	-3.00	-61.97	29.8	5.85	-74.8	80.5	-68.2
1989994994	-2.94	-62.58	28.9	5.96	-74.3	79.7	-68.7
1991995995	-2.91	-63.07	28.3	6.02	-73.8	79.1	-69.0
1993996996	-2.84	-63.77	27.2	6.16	-73.3	78.2	-69.6
1995997997	-2.77	-64.63	26.0	6.33	-72.5	77.1	-70.3
1997998998	-2.71	-65.29	25.1	6.46	-72.0	76.2	-70.8
1999999999	-2.69	-65.77	24.6	6.51	-71.5	75.6	-71.0
