1000000	-0.78	87.93	4.6	22.39	51.6	51.8	84.9
3001001	0.00	82.47	0.0	?	57.0	57.0	90.0
5002002	0.00	76.95	0.0	?	62.9	62.9	90.0
7003003	0.00	72.88	0.0	?	67.7	67.7	90.0
9004004	0.00	69.34	0.0	?	72.3	72.3	90.0
11005005	0.00	67.30	0.0	?	75.1	75.1	90.0
13006006	0.00	65.11	0.0	?	78.3	78.3	90.0
15007007	-0.18	62.30	2.0	94.85	82.7	82.7	88.6
17008008	-0.25	60.54	2.8	70.91	85.6	85.6	88.1
19009009	-0.35	58.80	4.1	50.16	88.6	88.7	87.3
21010010	-0.40	57.18	5.0	43.38	91.5	91.7	86.9
23011011	-0.46	55.57	6.0	38.15	94.6	94.8	86.4
25012012	-0.51	54.12	7.1	34.03	97.5	97.7	85.8
27013013	-0.55	52.68	8.0	31.81	100.5	100.8	85.5
29014014	-0.58	51.27	8.9	30.03	103.6	104.0	85.1
31015015	-0.61	50.01	9.8	28.45	106.5	106.9	84.8
33016016	-0.63	48.81	10.6	27.59	109.4	109.9	84.5
35017017	-0.64	47.73	11.2	27.20	112.1	112.6	84.3
37018018	-0.63	46.58	11.6	27.37	115.2	115.7	84.2
39019019	-0.63	45.48	12.0	27.79	118.3	118.9	84.2
41020020	-0.63	44.39	12.5	27.73	121.5	122.1	84.1
43021021	-0.64	43.31	13.3	27.37	124.7	125.4	83.9
45022022	-0.65	42.37	14.1	26.89	127.7	128.4	83.7
47023023	-0.65	41.46	14.8	26.63	130.7	131.5	83.5
49024024	-0.66	40.60	15.6	26.35	133.6	134.5	83.3
51025025	-0.66	39.80	16.3	26.14	136.4	137.4	83.2
53026026	-0.68	38.97	17.4	25.58	139.4	140.5	82.9
55027027	-0.70	38.21	18.5	24.87	142.2	143.4	82.6
57028028	-0.72	37.48	19.7	24.26	145.0	146.3	82.3
59029029	-0.74	36.77	20.9	23.62	147.8	149.2	81.9
61030030	-0.76	36.09	22.5	22.76	150.4	152.1	81.5
63031031	-0.79	35.46	24.1	21.92	152.9	154.8	81.0
65032032	-0.84	34.80	26.4	20.69	155.5	157.7	80.4
67033033	-0.88	34.09	28.8	19.67	158.3	160.9	79.7
69034034	-0.92	33.45	31.0	18.86	160.9	163.9	79.1
71035035	-0.98	32.78	34.1	17.78	163.5	167.0	78.2
73036036	-1.04	32.07	37.5	16.74	166.2	170.3	77.3
75037037	-1.09	31.38	40.9	15.92	168.9	173.8	76.4
77038038	-1.15	30.66	44.8	15.07	171.6	177.3	75.3
79039039	-1.22	29.96	49.2	14.21	173.9	180.8	74.2
81040040	-1.30	29.21	54.1	13.43	176.4	184.5	72.9
83041041	-1.38	28.50	59.5	12.64	178.3	188.0	71.5
85042042	-1.46	27.78	65.2	11.94	180.1	191.5	70.1
87043043	-1.53	27.04	71.0	11.36	181.9	195.3	68.7
89044044	-1.59	26.22	77.0	10.94	184.5	199.9	67.4
91045045	-1.67	25.29	84.5	10.45	186.8	205.1	65.7
93046046	-1.75	24.41	92.5	9.93	188.1	209.6	63.8
95047047	-1.84	23.50	101.1	9.49	189.2	214.5	61.9
97048048	-1.92	22.69	109.2	9.10	189.4	218.6	60.0
99049049	-1.98	21.68	118.6	8.83	190.9	224.8	58.1
101050050	-2.04	20.62	129.1	8.57	192.1	231.4	56.1
103051051	-2.11	19.42	141.7	8.28	192.2	238.7	53.6
105052052	-2.18	18.19	155.3	8.01	191.2	246.3	50.9
107053053	-2.26	16.96	169.6	7.74	188.3	253.4	48.0
109054054	-2.34	15.71	184.6	7.46	183.0	259.9	44.7
111055055	-2.41	14.47	199.4	7.24	177.0	266.6	41.6
113056056	-2.48	13.13	215.4	7.04	168.7	273.6	38.1
115057057	-2.56	11.80	230.3	6.83	157.3	278.9	34.3
117058058	-2.62	10.28	247.3	6.67	144.0	286.1	30.2
119059059	-2.69	8.80	261.6	6.50	127.0	290.8	25.9
121060060	-2.76	7.23	274.7	6.36	107.2	294.9	21.3
123061061	-2.81	5.58	286.0	6.23	84.5	298.3	16.5
125062062	-2.87	3.88	293.5	6.11	59.1	299.4	11.4
127063063	-2.94	2.23	294.7	5.97	33.3	296.5	6.4
129064064	-2.97	0.47	294.9	5.90	6.9	295.0	1.3
131065065	-3.01	-1.26	290.3	5.83	-18.1	290.8	-3.6
133066066	-3.04	-3.11	281.7	5.77	-42.8	284.9	-8.6
135067067	-3.05	-5.03	270.9	5.75	-66.3	278.9	-13.7
137068068	-3.06	-6.98	256.3	5.73	-86.5	270.5	-18.6
139069069	-3.07	-9.01	239.1	5.72	-103.8	260.7	-23.5
141070070	-3.07	-11.10	220.4	5.71	-117.5	249.8	-28.1
143071071	-3.06	-13.27	201.1	5.73	-128.3	238.5	-32.5
145072072	-3.05	-15.38	182.7	5.76	-135.4	227.4	-36.5
147073073	-3.02	-17.59	164.5	5.81	-140.2	216.2	-40.4
149074074	-2.99	-19.90	146.8	5.86	-142.2	204.4	-44.1
151075075	-2.97	-22.15	131.2	5.91	-142.0	193.3	-47.3
153076076	-2.92	-24.57	116.0	6.01	-141.0	182.6	-50.5
155077077	-2.88	-26.88	103.2	6.09	-138.3	172.6	-53.2
157078078	-2.84	-29.24	91.7	6.18	-134.8	163.0	-55.8
159079079	-2.79	-31.68	81.3	6.27	-130.6	153.8	-58.1
161080080	-2.76	-34.06	72.7	6.34	-125.8	145.3	-60.0
163081081	-2.73	-36.47	65.0	6.42	-121.1	137.4	-61.8
165082082	-2.68	-38.87	58.1	6.54	-116.5	130.2	-63.5
167083083	-2.64	-41.22	52.4	6.64	-112.0	123.6	-64.9
169084084	-2.59	-43.55	47.3	6.75	-107.6	117.6	-66.3
171085085	-2.52	-45.86	42.5	6.94	-103.7	112.1	-67.7
173086086	-2.45	-48.38	38.0	7.15	-99.5	106.5	-69.1
175087087	-2.39	-50.91	34.2	7.32	-95.2	101.2	-70.3
177088088	-2.33	-53.65	30.6	7.51	-90.8	95.8	-71.4
179089089	-2.27	-56.46	27.4	7.70	-86.5	90.7	-72.4
181090090	-2.22	-59.30	24.7	7.88	-82.3	85.9	-73.3
183091091	-2.17	-62.25	22.3	8.05	-78.2	81.3	-74.1
185092092	-2.12	-65.41	20.0	8.25	-74.1	76.7	-74.9
187093093	-2.08	-68.79	18.1	8.41	-69.9	72.2	-75.5
189094094	-2.03	-72.36	16.3	8.61	-65.8	67.8	-76.1
191095095	-1.97	-76.46	14.4	8.85	-61.4	63.1	-76.8
193096096	-1.97	-81.14	13.1	8.87	-56.7	58.2	-77.0
195097097	-2.00	-86.06	12.1	8.71	-52.1	53.5	-76.9
197098098	-2.06	-91.34	11.4	8.49	-47.5	48.9	-76.6
199099099	-2.10	-97.25	10.6	8.30	-42.9	44.2	-76.2
201100100	-2.17	-103.95	9.9	8.03	-38.1	39.4	-75.4
203101101	-2.30	-111.63	9.6	7.59	-33.1	34.5	-73.9
205102102	-2.50	-120.46	9.4	7.01	-27.8	29.4	-71.3
207103103	-2.77	-130.05	9.6	6.33	-22.6	24.5	-67.0
209104104	-3.09	-140.67	9.9	5.67	-17.2	19.9	-60.1
211105105	-3.51	-152.64	10.5	5.02	-11.7	15.7	-47.9
213106106	-4.08	-166.17	11.7	4.34	-5.7	13.0	-26.2
215107107	-4.84	178.87	13.6	3.68	0.5	13.6	1.9
217108108	-5.72	162.40	16.2	3.15	6.9	17.6	23.2
219109109	-6.56	144.69	19.6	2.77	13.7	23.9	34.9
221110110	-7.15	126.18	23.6	2.56	20.7	31.4	41.3
223111111	-7.35	108.05	28.1	2.50	28.1	39.8	45.0
225112112	-7.17	91.65	33.2	2.56	36.0	49.0	47.3
227113113	-6.62	77.75	38.4	2.75	44.7	58.9	49.4
229114114	-5.92	65.93	44.1	3.05	54.8	70.3	51.2
231115115	-5.17	55.15	51.6	3.46	67.2	84.7	52.5
233116116	-4.47	45.76	61.4	3.97	81.8	102.3	53.1
235117117	-3.87	37.24	75.5	4.57	99.3	124.8	52.8
237118118	-3.38	29.77	95.7	5.20	118.9	152.6	51.2
239119119	-3.03	22.86	127.1	5.80	138.8	188.2	47.5
241120120	-2.76	16.65	174.0	6.34	154.1	232.4	41.5
243121121	-2.54	11.08	240.2	6.88	155.3	286.1	32.9
245122122	-2.40	5.98	319.4	7.30	119.2	340.9	20.5
247123123	-2.26	1.34	382.7	7.71	33.8	384.2	5.1
249124124	-2.17	-3.14	383.3	8.03	-83.0	392.1	-12.2
251125125	-2.14	-7.19	324.1	8.15	-162.7	362.7	-26.7
253126126	-2.07	-10.96	257.1	8.42	-203.0	327.6	-38.3
255127127	-2.04	-14.66	196.7	8.56	-210.1	287.8	-46.9
257128128	-2.02	-18.08	153.3	8.65	-202.9	254.3	-52.9
259129129	-2.00	-21.30	122.4	8.71	-191.2	227.0	-57.4
261130130	-1.98	-24.28	100.3	8.83	-179.7	205.8	-60.8
263131131	-1.92	-27.25	82.3	9.06	-168.8	187.8	-64.0
265132132	-1.86	-30.22	67.8	9.38	-158.4	172.3	-66.8
267133133	-1.80	-33.12	56.8	9.67	-148.4	158.9	-69.1
269134134	-1.76	-36.05	48.1	9.89	-138.7	146.8	-70.9
271135135	-1.72	-38.76	41.5	10.14	-130.5	137.0	-72.3
273136136	-1.67	-41.51	35.8	10.46	-122.9	128.0	-73.8
275137137	-1.63	-44.22	31.3	10.71	-115.9	120.0	-74.9
277138138	-1.57	-46.84	27.3	11.12	-109.8	113.1	-76.0
279139139	-1.54	-49.30	24.5	11.32	-104.2	107.1	-76.8
281140140	-1.49	-51.81	21.8	11.68	-99.1	101.5	-77.6
283141141	-1.44	-54.18	19.4	12.08	-94.6	96.6	-78.4
285142142	-1.39	-56.51	17.5	12.49	-90.4	92.1	-79.1
287143143	-1.35	-58.74	15.8	12.94	-86.7	88.1	-79.7
289144144	-1.28	-61.05	14.1	13.54	-83.0	84.2	-80.4
291145145	-1.24	-63.15	12.8	14.06	-79.9	80.9	-80.9
293146146	-1.18	-65.23	11.6	14.69	-76.9	77.8	-81.4
295147147	-1.14	-67.36	10.6	15.24	-74.0	74.7	-81.9
297148148	-1.10	-69.31	9.7	15.76	-71.4	72.1	-82.2
299149149	-1.07	-71.29	9.0	16.28	-69.0	69.5	-82.6
301150150	-1.02	-73.15	8.2	16.98	-66.7	67.2	-83.0
303151151	-0.99	-74.87	7.7	17.50	-64.7	65.2	-83.2
305152152	-0.97	-76.74	7.2	17.91	-62.6	63.1	-83.4
307153153	-0.93	-78.54	6.7	18.60	-60.7	61.1	-83.7
309154154	-0.93	-80.31	6.4	18.70	-58.9	59.2	-83.8
311155155	-0.92	-82.00	6.1	18.89	-57.2	57.5	-83.9
313156156	-0.92	-83.68	5.9	18.83	-55.5	55.8	-83.9
315157157	-0.95	-85.25	5.9	18.31	-54.0	54.3	-83.7
317158158	-0.97	-86.66	5.9	17.93	-52.7	53.0	-83.6
319159159	-0.96	-87.87	5.7	18.10	-51.6	51.9	-83.7
321160160	-0.94	-89.14	5.5	18.52	-50.5	50.8	-83.8
323161161	-0.89	-90.46	5.1	19.54	-49.3	49.6	-84.1
325162162	-0.86	-91.97	4.8	20.15	-48.1	48.3	-84.3
327163163	-0.83	-93.45	4.5	20.85	-46.9	47.1	-84.5
329164164	-0.82	-94.99	4.3	21.22	-45.6	45.8	-84.6
331165165	-0.80	-96.46	4.1	21.68	-44.5	44.7	-84.7
333166166	-0.79	-98.09	4.0	22.00	-43.2	43.4	-84.7
335167167	-0.79	-99.65	3.9	22.14	-42.1	42.2	-84.8
337168168	-0.79	-101.09	3.8	21.93	-41.0	41.2	-84.7
339169169	-0.81	-102.66	3.8	21.56	-39.9	40.1	-84.6
341170170	-0.82	-104.26	3.8	21.29	-38.7	38.9	-84.5
343171171	-0.83	-105.87	3.7	21.01	-37.6	37.8	-84.3
345172172	-0.84	-107.35	3.7	20.75	-36.6	36.8	-84.2
347173173	-0.85	-108.85	3.7	20.49	-35.6	35.8	-84.1
349174174	-0.86	-110.44	3.7	20.19	-34.6	34.8	-84.0
351175175	-0.87	-112.05	3.6	19.93	-33.6	33.8	-83.8
353176176	-0.89	-113.58	3.7	19.54	-32.6	32.8	-83.6
355177177	-0.91	-115.10	3.7	19.10	-31.7	31.9	-83.4
357178178	-0.92	-116.61	3.6	18.92	-30.8	31.0	-83.2
359179179	-0.93	-118.18	3.6	18.72	-29.8	30.0	-83.1
361180180	-0.95	-119.78	3.6	18.35	-28.9	29.1	-82.8
363181181	-0.96	-121.28	3.6	18.06	-28.0	28.2	-82.6
365182182	-0.98	-122.83	3.6	17.77	-27.1	27.4	-82.3
367183183	-0.99	-124.47	3.6	17.61	-26.2	26.5	-82.1
369184184	-0.99	-126.00	3.6	17.55	-25.4	25.6	-82.0
371185185	-0.99	-127.48	3.5	17.52	-24.6	24.8	-81.8
373186186	-1.01	-128.98	3.6	17.27	-23.8	24.0	-81.5
375187187	-1.00	-130.49	3.5	17.34	-23.0	23.2	-81.3
377188188	-1.00	-132.05	3.4	17.40	-22.1	22.4	-81.2
379189189	-1.00	-133.48	3.4	17.42	-21.4	21.7	-81.0
381190190	-1.00	-134.90	3.4	17.41	-20.7	21.0	-80.8
383191191	-0.99	-136.35	3.3	17.54	-20.0	20.2	-80.6
385192192	-0.98	-137.80	3.2	17.73	-19.2	19.5	-80.4
387193193	-0.98	-139.18	3.2	17.79	-18.5	18.8	-80.2
389194194	-0.98	-140.56	3.2	17.83	-17.9	18.1	-80.0
391195195	-0.97	-141.92	3.1	17.95	-17.2	17.5	-79.7
393196196	-0.96	-143.21	3.1	18.06	-16.6	16.9	-79.5
395197197	-0.95	-144.49	3.0	18.27	-16.0	16.2	-79.3
397198198	-0.94	-145.83	2.9	18.56	-15.3	15.6	-79.1
399199199	-0.93	-147.02	2.9	18.77	-14.8	15.0	-78.9
401200200	-0.92	-148.27	2.9	18.87	-14.2	14.5	-78.6
403201201	-0.91	-149.44	2.8	19.16	-13.6	13.9	-78.4
405202202	-0.89	-150.64	2.7	19.50	-13.1	13.3	-78.2
407203203	-0.89	-151.85	2.7	19.44	-12.5	12.8	-77.7
409204204	-0.88	-152.98	2.7	19.76	-12.0	12.3	-77.4
411205205	-0.87	-154.05	2.6	19.94	-11.5	11.8	-77.1
413206206	-0.87	-155.10	2.6	20.01	-11.0	11.3	-76.6
415207207	-0.87	-156.22	2.6	19.98	-10.5	10.8	-76.0
417208208	-0.87	-157.21	2.6	19.96	-10.1	10.4	-75.5
419209209	-0.87	-158.21	2.6	19.94	-9.6	9.9	-74.8
421210210	-0.88	-159.24	2.6	19.80	-9.1	9.5	-74.1
423211211	-0.88	-160.22	2.6	19.79	-8.7	9.1	-73.3
425212212	-0.89	-161.17	2.6	19.49	-8.3	8.7	-72.3
427213213	-0.90	-162.17	2.7	19.24	-7.8	8.3	-71.2
429214214	-0.91	-163.09	2.7	19.07	-7.4	7.9	-70.1
431215215	-0.93	-164.01	2.7	18.69	-7.0	7.5	-68.7
433216216	-0.95	-164.96	2.8	18.36	-6.6	7.1	-67.2
435217217	-0.97	-165.86	2.8	17.96	-6.2	6.8	-65.4
437218218	-0.98	-166.77	2.9	17.70	-5.8	6.4	-63.6
439219219	-1.01	-167.71	2.9	17.30	-5.4	6.1	-61.4
441220220	-1.03	-168.62	3.0	16.89	-5.0	5.8	-58.9
443221221	-1.05	-169.50	3.1	16.52	-4.6	5.5	-56.3
445222222	-1.08	-170.37	3.1	16.15	-4.2	5.2	-53.4
447223223	-1.11	-171.33	3.2	15.69	-3.8	5.0	-49.7
449224224	-1.14	-172.19	3.3	15.29	-3.4	4.7	-45.9
451225225	-1.17	-173.14	3.4	14.81	-3.0	4.5	-41.4
453226226	-1.20	-174.09	3.5	14.51	-2.6	4.3	-36.6
455227227	-1.23	-174.99	3.5	14.14	-2.2	4.2	-31.6
457228228	-1.27	-175.91	3.6	13.75	-1.8	4.1	-26.0
459229229	-1.29	-176.88	3.7	13.46	-1.4	4.0	-20.0
461230230	-1.32	-177.88	3.8	13.22	-0.9	3.9	-13.6
463231231	-1.35	-178.83	3.9	12.87	-0.5	3.9	-7.5
465232232	-1.38	-179.82	4.0	12.57	-0.1	4.0	-1.2
467233233	-1.41	179.20	4.1	12.32	0.3	4.1	4.9
469234234	-1.45	178.22	4.2	12.05	0.8	4.2	10.5
471235235	-1.47	177.19	4.2	11.81	1.2	4.4	16.0
473236236	-1.50	176.16	4.3	11.64	1.7	4.6	21.2
475237237	-1.52	175.12	4.4	11.49	2.1	4.8	25.9
477238238	-1.54	174.10	4.4	11.35	2.6	5.1	30.0
479239239	-1.56	173.12	4.5	11.18	3.0	5.4	33.6
481240240	-1.58	171.99	4.5	11.05	3.5	5.7	37.4
483241241	-1.59	170.95	4.6	10.94	3.9	6.0	40.5
485242242	-1.60	169.89	4.6	10.89	4.4	6.4	43.5
487243243	-1.61	168.83	4.7	10.82	4.8	6.7	46.1
489244244	-1.62	167.75	4.7	10.73	5.3	7.1	48.5
491245245	-1.63	166.76	4.8	10.66	5.8	7.5	50.4
493246246	-1.64	165.70	4.8	10.60	6.2	7.8	52.4
495247247	-1.65	164.62	4.8	10.55	6.7	8.2	54.2
497248248	-1.66	163.59	4.9	10.51	7.1	8.6	55.8
499249249	-1.65	162.47	4.8	10.58	7.6	9.0	57.6
501250250	-1.64	161.42	4.8	10.64	8.1	9.4	59.3
503251251	-1.64	160.34	4.8	10.65	8.6	9.9	60.6
505252252	-1.63	159.31	4.8	10.67	9.0	10.3	61.8
507253253	-1.63	158.22	4.8	10.70	9.5	10.7	63.1
509254254	-1.62	157.18	4.9	10.72	10.0	11.1	64.1
511255255	-1.62	156.12	4.9	10.72	10.5	11.6	65.1
513256256	-1.61	155.00	4.8	10.84	11.0	12.0	66.2
515257257	-1.60	153.92	4.8	10.88	11.5	12.5	67.1
517258258	-1.59	152.88	4.8	10.95	12.0	12.9	68.0
519259259	-1.59	151.87	4.8	10.97	12.4	13.3	68.7
521260260	-1.59	150.80	4.9	10.98	12.9	13.8	69.4
523261261	-1.58	149.73	4.9	11.02	13.4	14.3	70.0
525262262	-1.58	148.71	4.9	11.04	13.9	14.7	70.6
527263263	-1.57	147.58	4.9	11.12	14.4	15.2	71.3
529264264	-1.57	146.48	4.9	11.13	14.9	15.7	71.8
531265265	-1.56	145.34	4.9	11.13	15.5	16.2	72.3
533266266	-1.56	144.23	4.9	11.20	16.0	16.7	72.9
535267267	-1.54	143.16	4.9	11.28	16.5	17.2	73.4
537268268	-1.55	142.08	5.0	11.24	17.0	17.7	73.7
539269269	-1.54	140.95	5.0	11.31	17.6	18.3	74.2
541270270	-1.54	139.81	5.0	11.29	18.1	18.8	74.5
543271271	-1.55	138.69	5.1	11.22	18.7	19.4	74.8
545272272	-1.55	137.54	5.1	11.21	19.2	19.9	75.1
547273273	-1.57	136.37	5.2	11.11	19.8	20.5	75.3
549274274	-1.57	135.19	5.3	11.10	20.4	21.1	75.5
551275275	-1.58	133.97	5.3	11.03	21.0	21.7	75.7
553276276	-1.59	132.74	5.4	10.95	21.7	22.3	75.9
555277277	-1.61	131.52	5.6	10.80	22.3	23.0	76.0
557278278	-1.63	130.31	5.7	10.71	22.9	23.6	76.1
559279279	-1.64	129.01	5.8	10.60	23.6	24.3	76.2
561280280	-1.66	127.75	5.9	10.50	24.2	25.0	76.3
563281281	-1.68	126.35	6.0	10.36	25.0	25.7	76.4
565282282	-1.72	125.07	6.2	10.15	25.7	26.4	76.3
567283283	-1.75	123.76	6.4	9.96	26.4	27.1	76.3
569284284	-1.78	122.50	6.6	9.77	27.1	27.9	76.2
571285285	-1.81	121.08	6.8	9.64	27.8	28.7	76.2
573286286	-1.84	119.67	7.0	9.49	28.6	29.5	76.2
575287287	-1.88	118.33	7.3	9.28	29.4	30.3	76.1
577288288	-1.92	116.97	7.5	9.10	30.1	31.1	76.0
579289289	-1.95	115.57	7.8	8.93	31.0	31.9	75.9
581290290	-2.00	114.06	8.1	8.73	31.8	32.8	75.7
583291291	-2.05	112.78	8.4	8.52	32.6	33.6	75.5
585292292	-2.09	111.32	8.7	8.34	33.4	34.6	75.4
587293293	-2.14	109.88	9.1	8.15	34.3	35.5	75.2
589294294	-2.18	108.48	9.4	7.99	35.2	36.4	75.0
591295295	-2.24	107.09	9.8	7.81	36.0	37.3	74.8
593296296	-2.29	105.58	10.2	7.64	37.0	38.3	74.5
595297297	-2.35	104.20	10.7	7.45	37.8	39.3	74.3
597298298	-2.40	102.91	11.1	7.28	38.6	40.2	74.0
599299299	-2.46	101.57	11.6	7.10	39.5	41.1	73.6
601300300	-2.52	100.27	12.1	6.93	40.3	42.1	73.3
603301301	-2.58	98.95	12.6	6.77	41.2	43.0	73.0
605302302	-2.65	97.79	13.1	6.59	41.9	43.9	72.6
607303303	-2.72	96.68	13.6	6.45	42.6	44.7	72.3
609304304	-2.78	95.72	14.1	6.31	43.2	45.5	71.9
611305305	-2.83	94.69	14.6	6.19	43.9	46.3	71.6
613306306	-2.89	93.70	15.1	6.06	44.5	47.0	71.2
615307307	-2.94	92.89	15.5	5.97	45.1	47.7	71.0
617308308	-2.96	92.13	15.8	5.93	45.6	48.3	70.8
619309309	-3.01	91.51	16.2	5.84	46.0	48.8	70.6
621310310	-3.02	90.88	16.5	5.81	46.4	49.3	70.5
623311311	-3.03	90.32	16.7	5.80	46.9	49.7	70.4
625312312	-3.00	89.78	16.7	5.85	47.3	50.2	70.6
627313313	-2.98	89.09	16.8	5.89	47.9	50.8	70.7
629314314	-2.93	88.44	16.7	5.98	48.5	51.3	71.0
631315315	-2.86	87.79	16.5	6.13	49.2	51.9	71.4
633316316	-2.80	87.17	16.4	6.25	49.8	52.4	71.8
635317317	-2.74	86.48	16.2	6.39	50.5	53.0	72.2
637318318	-2.67	85.69	16.0	6.57	51.3	53.7	72.6
639319319	-2.58	84.71	15.8	6.78	52.3	54.6	73.2
641320320	-2.50	83.88	15.6	6.99	53.2	55.4	73.6
643321321	-2.41	82.98	15.4	7.24	54.1	56.3	74.2
645322322	-2.33	81.89	15.2	7.51	55.3	57.3	74.7
647323323	-2.27	80.86	15.1	7.69	56.4	58.4	75.0
649324324	-2.19	79.75	14.9	7.98	57.6	59.5	75.5
651325325	-2.12	78.69	14.8	8.24	58.8	60.6	75.9
653326326	-2.07	77.50	14.8	8.42	60.1	61.9	76.1
655327327	-2.01	76.35	14.8	8.67	61.4	63.2	76.5
657328328	-1.96	75.20	14.8	8.88	62.8	64.5	76.7
659329329	-1.95	74.05	15.1	8.95	64.1	65.8	76.8
661330330	-1.90	72.41	15.3	9.17	66.0	67.8	77.0
663331331	-1.86	71.12	15.4	9.37	67.6	69.4	77.1
665332332	-1.84	69.93	15.7	9.48	69.1	70.9	77.2
667333333	-1.84	68.72	16.1	9.50	70.6	72.5	77.1
669334334	-1.82	67.52	16.5	9.59	72.2	74.1	77.1
671335335	-1.80	66.15	16.9	9.70	74.1	76.0	77.2
673336336	-1.78	64.89	17.3	9.78	75.9	77.8	77.1
675337337	-1.79	63.67	17.9	9.75	77.6	79.6	77.0
677338338	-1.80	62.30	18.8	9.68	79.5	81.7	76.7
679339339	-1.80	60.95	19.5	9.67	81.5	83.8	76.6
681340340	-1.82	59.67	20.4	9.59	83.5	85.9	76.3
683341341	-1.83	58.35	21.4	9.51	85.5	88.2	76.0
685342342	-1.85	56.80	22.6	9.43	88.0	90.9	75.6
687343343	-1.88	55.34	24.0	9.29	90.4	93.6	75.2
689344344	-1.91	53.80	25.5	9.14	93.0	96.5	74.7
691345345	-1.92	52.41	26.8	9.11	95.6	99.3	74.3
693346346	-1.97	50.71	29.1	8.87	98.6	102.8	73.6
695347347	-2.01	49.02	31.5	8.68	101.7	106.5	72.8
697348348	-2.05	47.27	34.1	8.50	105.1	110.5	72.0
699349349	-2.09	45.52	37.0	8.36	108.6	114.7	71.2
701350350	-2.13	43.78	40.1	8.21	112.3	119.2	70.3
703351351	-2.18	41.98	43.9	8.02	116.0	124.1	69.3
705352352	-2.21	40.21	47.8	7.92	120.1	129.3	68.3
707353353	-2.25	38.37	52.5	7.75	124.2	134.9	67.1
709354354	-2.31	36.34	58.5	7.56	128.8	141.4	65.6
711355355	-2.34	34.38	64.6	7.45	133.6	148.4	64.2
713356356	-2.40	32.38	72.1	7.30	138.2	155.9	62.4
715357357	-2.44	30.48	80.0	7.16	142.5	163.4	60.7
717358358	-2.49	28.55	89.1	7.04	146.8	171.7	58.7
719359359	-2.53	26.59	99.4	6.92	150.8	180.7	56.6
721360360	-2.55	24.53	111.4	6.87	155.4	191.2	54.4
723361361	-2.59	22.41	125.8	6.75	158.2	202.2	51.5
725362362	-2.61	20.41	140.9	6.70	161.0	214.0	48.8
727363363	-2.64	18.31	158.8	6.62	161.4	226.5	45.5
729364364	-2.65	16.14	179.4	6.61	161.0	241.1	41.9
731365365	-2.68	14.17	199.9	6.54	156.3	253.8	38.0
733366366	-2.70	12.19	221.7	6.49	148.2	266.6	33.8
735367367	-2.71	10.05	246.1	6.46	135.4	280.9	28.8
737368368	-2.71	7.86	271.0	6.45	116.6	295.0	23.3
739369369	-2.71	5.67	293.4	6.45	91.3	307.3	17.3
741370370	-2.71	3.66	310.4	6.47	62.5	316.6	11.4
743371371	-2.73	1.57	318.5	6.42	27.4	319.7	4.9
745372372	-2.74	-0.67	319.0	6.39	-11.6	319.2	-2.1
747373373	-2.73	-2.78	313.2	6.41	-47.5	316.8	-8.6
749374374	-2.76	-4.91	296.3	6.35	-78.6	306.5	-14.9
751375375	-2.76	-6.98	276.7	6.34	-103.9	295.6	-20.6
753376376	-2.77	-9.04	254.5	6.32	-123.2	282.7	-25.8
755377377	-2.79	-11.16	230.3	6.28	-136.3	267.6	-30.6
757378378	-2.81	-13.25	207.4	6.24	-144.6	252.8	-34.9
759379379	-2.81	-15.23	187.1	6.23	-149.2	239.3	-38.6
761380380	-2.85	-17.33	167.5	6.14	-149.1	224.2	-41.7
763381381	-2.88	-19.45	150.0	6.09	-148.0	210.7	-44.6
765382382	-2.92	-21.46	135.5	6.01	-144.9	198.4	-46.9
767383383	-2.94	-23.46	122.8	5.97	-141.8	187.5	-49.1
769384384	-3.01	-25.60	111.3	5.83	-136.1	175.8	-50.7
771385385	-3.08	-27.60	102.1	5.69	-130.6	165.8	-52.0
773386386	-3.17	-29.56	94.5	5.53	-124.8	156.5	-52.9
775387387	-3.28	-31.48	88.1	5.37	-119.2	148.2	-53.5
777388388	-3.38	-33.46	82.3	5.21	-113.8	140.4	-54.1
779389389	-3.51	-35.20	78.2	5.02	-108.5	133.7	-54.2
781390390	-3.67	-36.88	74.8	4.81	-103.3	127.5	-54.1
783391391	-3.81	-38.47	71.9	4.64	-98.9	122.2	-54.0
785392392	-3.95	-39.77	69.9	4.47	-95.0	117.9	-53.6
787393393	-4.08	-40.93	68.3	4.33	-91.8	114.4	-53.4
789394394	-4.22	-41.89	67.2	4.19	-88.8	111.3	-52.9
791395395	-4.33	-42.56	66.6	4.09	-86.6	109.2	-52.4
793396396	-4.37	-43.16	65.6	4.06	-85.5	107.8	-52.5
795397397	-4.42	-43.53	65.2	4.02	-84.6	106.8	-52.4
797398398	-4.36	-43.98	64.0	4.07	-84.9	106.3	-53.0
799399399	-4.24	-44.38	62.4	4.18	-86.0	106.3	-54.0
801400400	-4.05	-45.01	59.9	4.37	-87.6	106.1	-55.6
803401401	-3.83	-46.10	56.2	4.61	-88.8	105.1	-57.7
805402402	-3.61	-47.86	51.3	4.88	-89.0	102.7	-60.0
807403403	-3.39	-49.96	46.1	5.19	-88.3	99.6	-62.4
809404404	-3.19	-52.59	40.8	5.50	-86.2	95.3	-64.7
811405405	-3.03	-55.30	36.1	5.80	-83.5	91.0	-66.6
813406406	-2.92	-58.35	32.1	6.01	-80.0	86.2	-68.1
815407407	-2.83	-61.44	28.8	6.19	-76.3	81.6	-69.3
817408408	-2.77	-64.57	26.1	6.33	-72.6	77.1	-70.3
819409409	-2.73	-67.72	23.8	6.41	-69.0	73.0	-70.9
821410410	-2.74	-70.76	22.2	6.40	-65.5	69.2	-71.3
823411411	-2.72	-73.82	20.7	6.43	-62.3	65.6	-71.6
825412412	-2.72	-76.96	19.3	6.44	-59.1	62.2	-71.9
827413413	-2.73	-79.80	18.3	6.42	-56.4	59.3	-72.0
829414414	-2.73	-82.76	17.3	6.41	-53.7	56.4	-72.1
831415415	-2.74	-85.57	16.5	6.39	-51.2	53.8	-72.1
833416416	-2.77	-88.28	15.9	6.33	-48.9	51.4	-72.0
835417417	-2.78	-91.04	15.2	6.30	-46.7	49.1	-72.0
837418418	-2.79	-93.63	14.7	6.28	-44.7	47.1	-71.9
839419419	-2.81	-96.30	14.1	6.24	-42.8	45.0	-71.7
841420420	-2.81	-98.86	13.6	6.24	-40.9	43.1	-71.6
843421421	-2.81	-101.32	13.2	6.23	-39.2	41.4	-71.4
845422422	-2.82	-103.70	12.8	6.21	-37.7	39.8	-71.2
847423423	-2.85	-105.96	12.6	6.15	-36.2	38.3	-70.8
849424424	-2.87	-108.17	12.3	6.11	-34.8	36.9	-70.5
851425425	-2.88	-110.41	12.0	6.09	-33.4	35.5	-70.2
853426426	-2.88	-112.60	11.7	6.09	-32.1	34.1	-69.9
855427427	-2.89	-114.66	11.5	6.06	-30.8	32.9	-69.5
857428428	-2.93	-116.69	11.4	5.98	-29.7	31.8	-69.0
859429429	-2.95	-118.67	11.3	5.94	-28.5	30.7	-68.4
861430430	-2.97	-120.66	11.1	5.90	-27.4	29.6	-67.9
863431431	-3.00	-122.57	11.0	5.85	-26.4	28.6	-67.3
865432432	-2.99	-124.52	10.8	5.86	-25.3	27.5	-66.9
867433433	-3.03	-126.38	10.7	5.80	-24.3	26.6	-66.2
869434434	-3.07	-128.28	10.7	5.71	-23.3	25.7	-65.3
871435435	-3.09	-130.13	10.6	5.68	-22.4	24.8	-64.6
873436436	-3.11	-131.97	10.6	5.64	-21.4	23.9	-63.8
875437437	-3.16	-133.79	10.6	5.57	-20.5	23.1	-62.8
877438438	-3.18	-135.62	10.5	5.53	-19.6	22.3	-61.9
879439439	-3.19	-137.41	10.4	5.50	-18.8	21.4	-61.0
881440440	-3.23	-139.16	10.4	5.44	-17.9	20.7	-59.8
883441441	-3.24	-141.00	10.3	5.42	-17.0	19.9	-58.8
885442442	-3.25	-142.70	10.3	5.40	-16.2	19.2	-57.7
887443443	-3.27	-144.49	10.2	5.38	-15.4	18.5	-56.4
889444444	-3.28	-146.31	10.1	5.36	-14.6	17.7	-55.2
891445445	-3.29	-148.17	10.1	5.35	-13.7	17.0	-53.7
893446446	-3.29	-149.95	10.0	5.34	-12.9	16.3	-52.2
895447447	-3.31	-151.80	10.0	5.31	-12.1	15.7	-50.4
897448448	-3.31	-153.55	9.9	5.32	-11.3	15.0	-48.8
899449449	-3.32	-155.26	9.9	5.30	-10.6	14.5	-46.9
901450450	-3.30	-157.06	9.8	5.33	-9.8	13.8	-45.0
903451451	-3.30	-158.81	9.7	5.33	-9.0	13.2	-42.9
905452452	-3.28	-160.51	9.6	5.36	-8.3	12.7	-40.8
907453453	-3.26	-162.31	9.5	5.40	-7.5	12.1	-38.4
909454454	-3.23	-163.90	9.4	5.44	-6.8	11.6	-36.1
911455455	-3.22	-165.61	9.3	5.46	-6.1	11.1	-33.3
913456456	-3.17	-167.29	9.1	5.55	-5.4	10.6	-30.6
915457457	-3.13	-168.91	9.0	5.62	-4.7	10.1	-27.6
917458458	-3.09	-170.39	8.9	5.67	-4.1	9.8	-24.6
919459459	-3.06	-172.04	8.7	5.74	-3.4	9.4	-21.1
921460460	-3.01	-173.50	8.6	5.83	-2.8	9.0	-17.7
923461461	-2.96	-175.02	8.4	5.93	-2.1	8.7	-14.0
925462462	-2.91	-176.54	8.3	6.02	-1.5	8.4	-10.0
927463463	-2.86	-177.95	8.2	6.13	-0.9	8.2	-6.1
929464464	-2.81	-179.36	8.0	6.24	-0.3	8.0	-2.0
931465465	-2.75	179.25	7.8	6.38	0.3	7.8	2.3
933466466	-2.69	177.89	7.7	6.50	0.9	7.7	6.7
935467467	-2.65	176.63	7.6	6.61	1.4	7.7	10.8
937468468	-2.59	175.30	7.4	6.76	2.0	7.7	15.1
939469469	-2.53	174.06	7.3	6.90	2.5	7.7	19.3
941470470	-2.48	172.79	7.1	7.06	3.1	7.8	23.4
943471471	-2.42	171.55	7.0	7.23	3.6	7.8	27.5
945472472	-2.37	170.37	6.8	7.37	4.1	8.0	31.2
947473473	-2.33	169.15	6.7	7.51	4.7	8.2	34.8
949474474	-2.26	168.04	6.5	7.73	5.1	8.3	38.2
951475475	-2.21	166.70	6.4	7.92	5.7	8.6	41.9
953476476	-2.14	165.60	6.2	8.14	6.2	8.8	44.9
955477477	-2.10	164.46	6.1	8.32	6.7	9.1	47.7
957478478	-2.04	163.32	6.0	8.54	7.2	9.4	50.4
959479479	-1.98	162.15	5.8	8.81	7.7	9.7	53.1
961480480	-1.94	160.96	5.7	9.00	8.3	10.1	55.4
963481481	-1.89	159.85	5.6	9.21	8.8	10.4	57.5
965482482	-1.85	158.71	5.5	9.44	9.3	10.8	59.5
967483483	-1.79	157.48	5.3	9.73	9.8	11.2	61.5
969484484	-1.74	156.37	5.2	9.99	10.3	11.6	63.2
971485485	-1.69	155.24	5.1	10.30	10.9	12.0	64.9
973486486	-1.64	154.11	4.9	10.64	11.4	12.4	66.5
975487487	-1.59	152.93	4.8	10.97	11.9	12.9	68.0
977488488	-1.54	151.67	4.7	11.34	12.5	13.4	69.5
979489489	-1.49	150.43	4.6	11.70	13.1	13.9	70.8
981490490	-1.44	149.16	4.4	12.12	13.7	14.4	72.0
983491491	-1.39	147.97	4.3	12.56	14.3	14.9	73.2
985492492	-1.34	146.62	4.2	12.98	14.9	15.5	74.3
987493493	-1.29	145.30	4.1	13.53	15.5	16.0	75.4
989494494	-1.25	144.04	4.0	13.96	16.1	16.6	76.2
991495495	-1.17	142.66	3.7	14.88	16.8	17.2	77.5
993496496	-1.13	141.36	3.7	15.36	17.4	17.8	78.2
995497497	-1.09	139.88	3.5	16.00	18.2	18.5	79.0
997498498	-1.02	138.48	3.4	17.02	18.9	19.2	79.9
999499499	-0.97	137.07	3.2	17.89	19.6	19.9	80.7
1001500500	-0.91	135.65	3.1	19.08	20.3	20.5	81.5
1003501501	-0.86	134.16	2.9	20.22	21.1	21.3	82.1
1005502502	-0.80	132.62	2.7	21.72	21.9	22.1	82.9
1007503503	-0.76	131.19	2.6	22.76	22.6	22.8	83.3
1009504504	-0.70	129.54	2.4	24.98	23.5	23.6	84.1
1011505505	-0.61	128.03	2.2	28.53	24.3	24.4	84.9
1013506506	-0.57	126.48	2.1	30.46	25.2	25.3	85.3
1015507507	-0.52	124.77	1.9	33.19	26.1	26.2	85.8
1017508508	-0.46	123.17	1.7	37.45	27.0	27.1	86.3
1019509509	-0.40	121.56	1.5	42.97	27.9	28.0	86.9
1021510510	-0.36	119.95	1.4	48.94	28.9	28.9	87.3
1023511511	-0.32	118.50	1.3	53.95	29.7	29.8	87.6
1025512512	-0.26	116.72	1.0	66.97	30.8	30.8	88.1
1027513513	-0.23	115.02	0.9	75.01	31.8	31.8	88.3
1029514514	-0.19	113.26	0.8	90.86	32.9	32.9	88.6
1031515515	-0.17	111.63	0.7	104.52	34.0	34.0	88.8
1033516516	-0.13	109.92	0.6	129.35	35.1	35.1	89.1
1035517517	-0.13	108.19	0.5	138.97	36.2	36.2	89.1
1037518518	-0.11	106.53	0.5	157.77	37.3	37.3	89.2
1039519519	-0.10	104.83	0.5	171.40	38.5	38.5	89.3
1041520520	-0.10	103.09	0.5	173.63	39.7	39.7	89.3
1043521521	-0.10	101.53	0.5	166.02	40.8	40.8	89.3
1045522522	-1.42	160.82	4.2	12.27	8.4	9.4	63.5
1047523523	-0.13	145.91	0.4	135.94	15.3	15.3	88.5
1049524524	-0.63	95.22	3.3	27.51	45.5	45.6	85.8
1051525525	-1.19	88.28	7.0	14.63	51.0	51.5	82.2
1053526526	-1.25	85.96	7.7	13.89	53.1	53.6	81.7
1055527527	-1.28	83.68	8.2	13.56	55.2	55.8	81.5
1057528528	-1.32	81.28	8.9	13.15	57.5	58.1	81.2
1059529529	-1.37	78.93	9.6	12.75	59.8	60.6	80.9
1061530530	-1.44	76.73	10.6	12.12	62.1	63.0	80.3
1063531531	-1.48	74.20	11.5	11.75	64.8	65.8	79.9
1065532532	-1.57	71.49	13.0	11.11	67.8	69.1	79.2
1067533533	-1.63	69.17	14.3	10.67	70.6	72.0	78.6
1069534534	-1.72	66.48	16.0	10.15	73.9	75.6	77.8
1071535535	-1.83	63.95	18.2	9.54	77.0	79.2	76.7
1073536536	-1.96	61.12	20.9	8.91	80.7	83.4	75.4
1075537537	-2.07	58.51	23.7	8.45	84.2	87.5	74.3
1077538538	-2.24	55.75	27.7	7.81	87.8	92.1	72.5
1079539539	-2.41	53.13	32.1	7.25	91.2	96.6	70.6
1081540540	-2.58	50.43	37.0	6.78	94.6	101.6	68.6
1083541541	-2.79	47.72	43.1	6.28	97.5	106.6	66.2
1085542542	-3.03	44.82	50.5	5.79	100.1	112.1	63.2
1087543543	-3.31	41.94	59.2	5.31	101.3	117.4	59.7
1089544544	-3.60	39.37	67.9	4.90	101.0	121.7	56.1
1091545545	-3.90	36.33	78.2	4.53	99.8	126.8	51.9
1093546546	-4.22	33.47	88.3	4.20	96.4	130.7	47.5
1095547547	-4.62	30.37	98.8	3.85	89.6	133.4	42.2
1097548548	-5.03	27.02	108.7	3.55	80.7	135.3	36.6
1099549549	-5.46	23.56	116.6	3.29	69.5	135.8	30.8
1101550550	-5.98	20.27	120.6	3.02	56.2	133.1	25.0
1103551551	-6.55	16.56	121.9	2.78	42.0	128.9	19.0
1105552552	-7.16	12.77	119.8	2.56	28.7	123.2	13.5
1107553553	-7.76	8.74	116.1	2.38	17.3	117.4	8.5
1109554554	-8.46	4.20	110.1	2.21	7.1	110.3	3.7
1111555555	-9.20	-0.60	103.1	2.06	-0.8	103.1	-0.5
1113556556	-10.02	-5.78	95.4	1.92	-6.7	95.7	-4.0
1115557557	-10.78	-11.62	88.6	1.81	-11.3	89.3	-7.2
1117558558	-11.56	-18.50	81.8	1.72	-14.7	83.1	-10.2
1119559559	-12.35	-25.96	75.4	1.64	-16.9	77.3	-12.6
1121560560	-13.15	-34.93	69.2	1.56	-18.3	71.6	-14.8
1123561561	-13.83	-44.44	63.8	1.51	-19.0	66.6	-16.6
1125562562	-14.41	-55.11	58.9	1.47	-19.1	61.9	-18.0
1127563563	-14.79	-66.74	54.4	1.45	-18.8	57.5	-19.1
1129564564	-14.85	-79.43	50.0	1.44	-18.4	53.3	-20.2
1131565565	-14.72	-90.64	46.6	1.45	-17.7	49.8	-20.8
1133566566	-14.34	-102.19	43.1	1.47	-16.8	46.2	-21.3
1135567567	-13.93	-112.02	40.3	1.50	-15.7	43.2	-21.2
1137568568	-13.35	-121.04	37.6	1.55	-14.5	40.3	-21.1
1139569569	-12.78	-128.74	35.3	1.60	-13.4	37.8	-20.7
1141570570	-12.21	-135.72	33.3	1.65	-12.1	35.4	-20.0
1143571571	-11.62	-142.16	31.4	1.71	-10.9	33.2	-19.1
1145572572	-11.03	-148.69	29.5	1.78	-9.4	31.0	-17.6
1147573573	-10.47	-154.17	27.9	1.86	-8.0	29.1	-16.0
1149574574	-9.92	-158.79	26.5	1.94	-6.8	27.3	-14.4
1151575575	-9.39	-163.54	25.1	2.03	-5.4	25.7	-12.2
1153576576	-8.94	-167.92	23.9	2.11	-4.1	24.2	-9.7
1155577577	-8.48	-172.04	22.7	2.21	-2.8	22.9	-6.9
1157578578	-8.05	-176.15	21.7	2.31	-1.4	21.7	-3.6
1159579579	-7.59	-179.65	20.5	2.43	-0.1	20.5	-0.4
1161580580	-7.22	176.80	19.7	2.54	1.2	19.7	3.4
1163581581	-6.82	173.36	18.7	2.68	2.5	18.9	7.6
1165582582	-6.45	169.94	17.9	2.81	3.8	18.3	12.1
1167583583	-6.14	166.71	17.2	2.95	5.1	17.9	16.7
1169584584	-5.82	163.75	16.4	3.10	6.4	17.6	21.2
1171585585	-5.58	160.75	15.9	3.22	7.6	17.7	25.6
1173586586	-5.32	157.72	15.4	3.36	8.9	17.8	30.2
1175587587	-5.08	155.04	14.9	3.52	10.1	18.0	34.3
1177588588	-4.87	152.27	14.4	3.66	11.4	18.4	38.3
1179589589	-4.69	149.62	14.1	3.79	12.6	18.9	41.7
1181590590	-4.50	147.19	13.7	3.95	13.7	19.4	45.0
1183591591	-4.38	144.56	13.5	4.05	14.9	20.1	47.8
1185592592	-4.29	142.07	13.4	4.13	16.1	20.9	50.1
1187593593	-4.17	139.78	13.2	4.25	17.2	21.7	52.4
1189594594	-4.06	137.64	13.1	4.35	18.2	22.4	54.3
1191595595	-4.01	136.00	13.1	4.41	19.0	23.1	55.4
1193596596	-3.94	133.61	13.1	4.49	20.2	24.0	57.1
1195597597	-3.86	131.76	13.0	4.58	21.1	24.8	58.4
1197598598	-3.79	130.00	12.9	4.66	22.0	25.5	59.6
1199599599	-3.71	127.89	12.9	4.76	23.1	26.5	60.9
1201600600	-3.66	126.01	12.9	4.82	24.1	27.4	61.8
1203601601	-3.59	124.11	12.9	4.91	25.1	28.2	62.8
1205602602	-3.50	122.03	12.8	5.04	26.3	29.2	64.0
1207603603	-3.44	120.04	12.9	5.11	27.4	30.3	64.8
1209604604	-3.38	118.14	12.9	5.21	28.5	31.3	65.7
1211605605	-3.33	115.84	13.0	5.28	29.8	32.5	66.4
1213606606	-3.28	113.42	13.2	5.36	31.2	33.9	67.1
1215607607	-3.24	111.08	13.4	5.42	32.6	35.2	67.7
1217608608	-3.21	109.50	13.5	5.47	33.6	36.2	68.1
1219609609	-3.19	107.02	13.8	5.51	35.1	37.7	68.6
1221610610	-3.15	105.16	13.9	5.58	36.3	38.9	69.0
1223611611	-3.11	102.89	14.2	5.65	37.8	40.4	69.4
1225612612	-3.06	100.97	14.3	5.74	39.2	41.7	69.9
1227613613	-3.02	98.94	14.6	5.82	40.6	43.1	70.3
1229614614	-2.96	97.12	14.7	5.92	42.0	44.5	70.7
1231615615	-2.86	95.08	14.7	6.12	43.6	46.0	71.4
1233616616	-2.67	93.27	14.2	6.55	45.2	47.3	72.6
1235617617	-2.51	91.23	13.8	6.98	47.0	49.0	73.7
1237618618	-2.26	88.73	13.0	7.73	49.4	51.1	75.3
1239619619	-2.05	85.73	12.5	8.51	52.3	53.8	76.6
1241620620	-1.82	82.90	11.7	9.59	55.2	56.5	78.0
1243621621	-1.56	79.31	10.9	11.14	59.1	60.1	79.6
1245622622	-1.32	75.41	10.0	13.20	63.7	64.5	81.0
1247623623	-1.09	71.25	9.1	15.99	69.0	69.6	82.4
1249624624	-0.87	66.67	8.2	20.06	75.4	75.8	83.8
1251625625	-0.69	62.29	7.4	25.17	82.2	82.6	84.9
1253626626	-0.56	57.40	7.0	31.02	90.9	91.2	85.6
1255627627	-0.52	52.76	7.5	33.73	100.4	100.6	85.7
1257628628	-0.45	48.06	7.8	38.57	111.7	112.0	86.0
1259629629	-0.39	43.18	8.3	44.08	125.9	126.1	86.2
1261630630	-0.35	38.20	9.4	49.63	143.8	144.2	86.3
1263631631	-0.37	33.68	12.7	46.79	164.3	164.8	85.6
1265632632	-0.45	29.30	20.2	38.41	189.3	190.3	83.9
1267633633	-0.52	24.86	31.7	33.45	222.6	224.8	81.9
1269634634	-0.64	20.20	57.3	27.21	268.9	274.9	78.0
1271635635	-0.71	15.81	99.6	24.41	330.7	345.4	73.2
1273636636	-0.86	11.91	187.6	20.21	390.3	433.1	64.3
1275637637	-1.01	8.11	347.8	17.17	419.7	545.1	50.4
1277638638	-1.19	4.17	569.7	14.58	300.3	644.0	27.8
1279639639	-1.37	0.44	634.9	12.73	31.0	635.6	2.8
1281640640	-1.51	-3.21	522.4	11.53	-167.2	548.5	-17.7
1283641641	-1.67	-6.63	383.7	10.45	-229.5	447.1	-30.9
1285642642	-1.89	-10.39	273.0	9.21	-223.9	353.1	-39.4
1287643643	-2.13	-13.69	211.2	8.19	-201.5	291.9	-43.7
1289644644	-2.30	-17.12	168.3	7.60	-184.9	250.1	-47.7
1291645645	-2.49	-20.60	138.0	7.03	-167.2	216.8	-50.5
1293646646	-2.69	-23.84	117.7	6.52	-151.4	191.7	-52.1
1295647647	-2.85	-26.64	104.1	6.16	-139.8	174.3	-53.3
1297648648	-3.09	-30.20	91.0	5.68	-125.9	155.4	-54.1
1299649649	-3.29	-33.38	81.6	5.35	-115.9	141.7	-54.8
1301650650	-3.48	-36.91	73.0	5.06	-106.6	129.2	-55.6
1303651651	-3.64	-39.95	66.9	4.84	-99.5	119.9	-56.1
1305652652	-3.79	-43.20	61.2	4.66	-93.1	111.4	-56.7
1307653653	-3.93	-46.28	56.6	4.50	-87.5	104.3	-57.1
1309654654	-4.07	-49.61	52.4	4.35	-82.1	97.4	-57.5
1311655655	-4.20	-52.63	49.0	4.22	-77.6	91.8	-57.7
1313656656	-4.32	-55.77	46.0	4.10	-73.3	86.5	-57.9
1315657657	-4.41	-58.84	43.1	4.02	-69.7	81.9	-58.2
1317658658	-4.47	-61.71	40.7	3.97	-66.5	78.0	-58.6
1319659659	-4.56	-64.81	38.4	3.90	-63.2	74.0	-58.7
1321660660	-4.60	-67.71	36.3	3.87	-60.5	70.6	-59.1
1323661661	-4.64	-70.40	34.5	3.84	-58.1	67.6	-59.3
1325662662	-4.64	-73.33	32.6	3.84	-55.8	64.6	-59.7
1327663663	-4.67	-75.83	31.2	3.81	-53.7	62.1	-59.8
1329664664	-4.68	-78.37	29.8	3.80	-51.7	59.7	-60.0
1331665665	-4.67	-80.89	28.5	3.81	-49.9	57.4	-60.3
1333666666	-4.67	-83.30	27.3	3.81	-48.2	55.4	-60.4
1335667667	-4.64	-85.44	26.3	3.83	-46.7	53.6	-60.7
1337668668	-4.60	-87.57	25.2	3.86	-45.4	51.9	-60.9
1339669669	-4.58	-89.71	24.3	3.88	-44.0	50.2	-61.1
1341670670	-4.54	-91.85	23.3	3.91	-42.6	48.6	-61.3
1343671671	-4.52	-94.01	22.5	3.93	-41.3	47.0	-61.4
1345672672	-4.47	-95.86	21.7	3.97	-40.2	45.7	-61.6
1347673673	-4.43	-97.78	21.0	4.01	-39.1	44.3	-61.8
1349674674	-4.36	-99.37	20.2	4.07	-38.2	43.2	-62.1
1351675675	-4.34	-100.92	19.8	4.08	-37.3	42.2	-62.0
1353676676	-4.30	-102.64	19.2	4.13	-36.3	41.1	-62.2
1355677677	-4.24	-104.15	18.6	4.18	-35.5	40.1	-62.4
1357678678	-4.17	-105.90	17.9	4.24	-34.6	38.9	-62.6
1359679679	-4.12	-107.55	17.4	4.29	-33.7	37.9	-62.7
1361680680	-4.09	-108.85	17.0	4.33	-33.0	37.1	-62.7
1363681681	-4.05	-110.13	16.6	4.37	-32.3	36.3	-62.8
1365682682	-3.98	-111.57	16.1	4.44	-31.5	35.4	-63.0
1367683683	-3.92	-112.99	15.6	4.50	-30.8	34.5	-63.1
1369684684	-3.88	-114.41	15.2	4.55	-30.1	33.7	-63.1
1371685685	-3.83	-115.49	14.9	4.61	-29.5	33.1	-63.2
1373686686	-3.77	-116.73	14.5	4.68	-28.9	32.3	-63.4
1375687687	-3.73	-118.03	14.2	4.72	-28.2	31.6	-63.3
1377688688	-3.69	-119.31	13.9	4.77	-27.6	30.9	-63.3
1379689689	-3.60	-120.48	13.4	4.89	-27.0	30.2	-63.7
1381690690	-3.55	-121.57	13.1	4.96	-26.5	29.5	-63.7
1383691691	-3.52	-122.55	12.8	5.01	-26.0	29.0	-63.7
1385692692	-3.48	-123.75	12.6	5.06	-25.4	28.3	-63.7
1387693693	-3.44	-124.96	12.3	5.12	-24.8	27.7	-63.7
1389694694	-3.36	-125.92	11.9	5.23	-24.4	27.1	-63.9
1391695695	-3.31	-126.95	11.7	5.31	-23.9	26.6	-64.0
1393696696	-3.25	-127.97	11.4	5.41	-23.4	26.0	-64.1
1395697697	-3.18	-128.98	11.0	5.53	-22.9	25.4	-64.3
1397698698	-3.10	-129.99	10.7	5.66	-22.4	24.9	-64.5
1399699699	-3.05	-130.92	10.4	5.76	-22.0	24.3	-64.6
1401700700	-2.98	-131.77	10.1	5.88	-21.6	23.9	-64.9
1403701701	-2.91	-132.76	9.8	6.03	-21.2	23.3	-65.1
1405702702	-2.85	-133.50	9.6	6.14	-20.8	22.9	-65.3
1407703703	-2.79	-134.48	9.3	6.28	-20.4	22.4	-65.4
1409704704	-2.74	-135.25	9.1	6.40	-20.0	22.0	-65.5
1411705705	-2.69	-135.90	8.9	6.51	-19.7	21.6	-65.7
1413706706	-2.61	-136.81	8.6	6.71	-19.3	21.1	-66.0
1415707707	-2.53	-137.50	8.3	6.91	-19.0	20.7	-66.4
1417708708	-2.47	-138.15	8.1	7.07	-18.7	20.4	-66.6
1419709709	-2.38	-138.80	7.8	7.34	-18.4	20.0	-67.2
1421710710	-2.33	-139.55	7.6	7.49	-18.1	19.6	-67.3
1423711711	-2.25	-140.16	7.3	7.76	-17.8	19.2	-67.7
1425712712	-2.18	-140.74	7.0	8.03	-17.5	18.9	-68.2
1427713713	-2.11	-141.39	6.8	8.29	-17.2	18.5	-68.6
1429714714	-2.04	-141.95	6.5	8.57	-17.0	18.2	-69.0
1431715715	-1.95	-142.46	6.2	8.95	-16.8	17.9	-69.6
1433716716	-1.88	-142.89	6.0	9.27	-16.6	17.6	-70.1
1435717717	-1.83	-143.38	5.8	9.55	-16.3	17.3	-70.5
1437718718	-1.79	-143.84	5.7	9.76	-16.1	17.1	-70.7
1439719719	-1.71	-144.50	5.4	10.22	-15.8	16.7	-71.2
1441720720	-1.62	-144.72	5.1	10.73	-15.7	16.6	-72.0
1443721721	-1.55	-144.97	4.9	11.26	-15.6	16.4	-72.7
1445722722	-1.49	-145.42	4.7	11.72	-15.4	16.1	-73.1
1447723723	-1.44	-145.79	4.5	12.10	-15.3	15.9	-73.5
1449724724	-1.38	-146.24	4.3	12.58	-15.1	15.7	-73.9
1451725725	-1.35	-146.51	4.2	12.85	-14.9	15.5	-74.2
1453726726	-1.27	-146.71	4.0	13.65	-14.9	15.4	-75.0
1455727727	-1.22	-147.12	3.8	14.22	-14.7	15.2	-75.4
1457728728	-1.19	-147.25	3.7	14.64	-14.6	15.1	-75.8
1459729729	-1.16	-147.52	3.6	14.98	-14.5	14.9	-76.0
1461730730	-1.11	-147.83	3.4	15.70	-14.4	14.8	-76.5
1463731731	-1.07	-148.00	3.3	16.30	-14.3	14.7	-76.9
1465732732	-1.01	-148.27	3.1	17.20	-14.2	14.5	-77.5
1467733733	-0.97	-148.55	3.0	17.96	-14.0	14.4	-77.9
1469734734	-0.96	-148.68	3.0	18.14	-14.0	14.3	-78.0
1471735735	-0.92	-148.78	2.9	18.86	-13.9	14.2	-78.4
1473736736	-0.89	-149.01	2.8	19.49	-13.8	14.1	-78.7
1475737737	-0.89	-149.03	2.8	19.56	-13.8	14.1	-78.7
1477738738	-0.83	-149.31	2.6	20.86	-13.7	13.9	-79.3
1479739739	-0.80	-149.47	2.5	21.77	-13.6	13.8	-79.7
1481740740	-0.78	-149.60	2.4	22.22	-13.6	13.8	-79.9
1483741741	-0.77	-149.84	2.4	22.45	-13.4	13.7	-79.9
1485742742	-0.78	-150.00	2.4	22.18	-13.4	13.6	-79.8
1487743743	-0.74	-150.22	2.3	23.43	-13.3	13.5	-80.2
1489744744	-0.76	-150.40	2.3	23.01	-13.2	13.4	-80.0
1491745745	-0.76	-150.60	2.3	22.94	-13.1	13.3	-79.9
1493746746	-0.74	-150.90	2.3	23.62	-13.0	13.1	-80.1
1495747747	-0.73	-150.92	2.2	23.82	-12.9	13.1	-80.2
1497748748	-0.73	-151.11	2.3	23.66	-12.9	13.0	-80.1
1499749749	-0.73	-151.23	2.2	23.82	-12.8	13.0	-80.1
1501750750	-0.70	-151.45	2.1	24.95	-12.7	12.9	-80.5
1503751751	-0.71	-151.68	2.2	24.60	-12.6	12.8	-80.3
1505752752	-0.70	-152.04	2.1	24.83	-12.4	12.6	-80.2
1507753753	-0.71	-152.34	2.2	24.51	-12.3	12.5	-80.0
1509754754	-0.72	-152.63	2.2	24.17	-12.2	12.4	-79.8
1511755755	-0.72	-152.74	2.2	24.24	-12.1	12.3	-79.8
1513756756	-0.72	-153.10	2.2	24.18	-11.9	12.1	-79.6
1515757757	-0.73	-153.55	2.2	23.67	-11.7	11.9	-79.2
1517758758	-0.73	-153.72	2.2	23.78	-11.7	11.9	-79.2
1519759759	-0.72	-154.07	2.2	23.99	-11.5	11.7	-79.2
1521760760	-0.73	-154.41	2.2	23.92	-11.3	11.5	-79.0
1523761761	-0.74	-154.68	2.2	23.64	-11.2	11.4	-78.8
1525762762	-0.68	-155.77	2.0	25.57	-10.7	10.9	-79.2
1527763763	-0.64	-156.99	1.9	27.23	-10.2	10.3	-79.3
1529764764	-0.69	-156.08	2.1	25.29	-10.6	10.8	-78.9
1531765765	-0.71	-155.86	2.1	24.54	-10.7	10.9	-78.7
1533766766	-0.73	-156.20	2.2	23.77	-10.5	10.7	-78.2
1535767767	-0.72	-156.47	2.1	24.31	-10.4	10.6	-78.3
1537768768	-0.71	-156.89	2.1	24.58	-10.2	10.4	-78.3
1539769769	-0.67	-157.39	2.0	26.00	-10.0	10.2	-78.7
1541770770	-0.69	-157.81	2.1	25.10	-9.8	10.0	-78.1
1543771771	-0.70	-158.05	2.1	24.79	-9.7	9.9	-77.8
1545772772	-0.68	-158.44	2.0	25.70	-9.5	9.7	-78.0
1547773773	-0.64	-159.00	1.9	27.25	-9.3	9.4	-78.4
1549774774	-0.65	-159.43	1.9	26.73	-9.1	9.3	-78.0
1551775775	-0.66	-159.69	2.0	26.38	-8.9	9.2	-77.7
1553776776	-0.63	-160.03	1.9	27.38	-8.8	9.0	-77.9
1555777777	-0.62	-160.48	1.8	28.09	-8.6	8.8	-78.0
1557778778	-0.61	-161.10	1.8	28.46	-8.3	8.5	-77.7
1559779779	-0.56	-161.36	1.7	30.79	-8.2	8.4	-78.5
1561780780	-0.54	-161.73	1.6	32.46	-8.0	8.2	-78.9
1563781781	-0.54	-162.37	1.6	32.28	-7.7	7.9	-78.4
1565782782	-0.49	-162.68	1.4	35.36	-7.6	7.7	-79.2
1567783783	-0.45	-163.04	1.3	39.03	-7.4	7.6	-80.0
1569784784	-0.42	-163.27	1.2	41.05	-7.3	7.5	-80.4
1571785785	-0.38	-163.79	1.1	45.52	-7.1	7.2	-81.1
1573786786	-0.35	-164.17	1.0	49.22	-7.0	7.0	-81.5
1575787787	-0.29	-164.37	0.9	59.77	-6.9	6.9	-82.9
1577788788	-0.23	-164.81	0.7	74.12	-6.7	6.7	-84.1
1579789789	-0.20	-165.05	0.6	86.63	-6.6	6.6	-84.9
1581790790	-0.15	-165.73	0.4	114.03	-6.3	6.3	-85.9
1583791791	-0.11	-165.80	0.3	153.25	-6.2	6.2	-87.0
1585792792	-0.03	-166.28	0.1	544.14	-6.0	6.0	-89.1
1587793793	0.00	-166.97	0.0	?	-5.7	5.7	-90.0
1589794794	0.00	-167.21	0.0	?	-5.6	5.6	-90.0
1591795795	0.00	-167.70	0.0	?	-5.4	5.4	-90.0
1593796796	0.00	-168.08	0.0	?	-5.2	5.2	-90.0
1595797797	0.00	-168.24	0.0	?	-5.2	5.2	-90.0
1597798798	0.00	-168.84	0.0	?	-4.9	4.9	-90.0
1599799799	0.00	-169.18	0.0	?	-4.7	4.7	-90.0
1601800800	0.00	-169.68	0.0	?	-4.5	4.5	-90.0
1603801801	0.00	-169.99	0.0	?	-4.4	4.4	-90.0
1605802802	0.00	-170.38	0.0	?	-4.2	4.2	-90.0
1607803803	0.00	-170.62	0.0	?	-4.1	4.1	-90.0
1609804804	0.00	-170.88	0.0	?	-4.0	4.0	-90.0
1611805805	0.00	-171.49	0.0	?	-3.7	3.7	-90.0
1613806806	0.00	-171.81	0.0	?	-3.6	3.6	-90.0
1615807807	0.00	-172.22	0.0	?	-3.4	3.4	-90.0
1617808808	0.00	-172.66	0.0	?	-3.2	3.2	-90.0
1619809809	0.00	-173.27	0.0	?	-2.9	2.9	-90.0
1621810810	0.00	-173.68	0.0	?	-2.8	2.8	-90.0
1623811811	0.00	-173.93	0.0	?	-2.7	2.7	-90.0
1625812812	0.00	-174.29	0.0	?	-2.5	2.5	-90.0
1627813813	0.00	-174.68	0.0	?	-2.3	2.3	-90.0
1629814814	0.00	-175.01	0.0	?	-2.2	2.2	-90.0
1631815815	0.00	-175.32	0.0	?	-2.0	2.0	-90.0
1633816816	0.00	-175.76	0.0	?	-1.9	1.9	-90.0
1635817817	0.00	-176.22	0.0	?	-1.7	1.7	-90.0
1637818818	0.00	-176.75	0.0	?	-1.4	1.4	-90.0
1639819819	0.00	-177.05	0.0	?	-1.3	1.3	-90.0
1641820820	0.00	-177.55	0.0	?	-1.1	1.1	-90.0
1643821821	0.00	-177.85	0.0	?	-0.9	0.9	-90.0
1645822822	0.00	-178.44	0.0	?	-0.7	0.7	-90.0
1647823823	0.00	-178.74	0.0	?	-0.5	0.5	-90.0
1649824824	0.00	-179.20	0.0	?	-0.3	0.3	-90.0
1651825825	0.00	-179.65	0.0	?	-0.2	0.2	-90.0
1653826826	0.00	-179.79	0.0	?	-0.1	0.1	-90.0
1655827827	0.00	179.37	0.0	?	0.3	0.3	90.0
1657828828	0.00	179.01	0.0	?	0.4	0.4	90.0
1659829829	0.00	178.50	0.0	?	0.7	0.7	90.0
1661830830	0.00	177.98	0.0	?	0.9	0.9	90.0
1663831831	0.00	177.66	0.0	?	1.0	1.0	90.0
1665832832	0.00	177.07	0.0	?	1.3	1.3	90.0
1667833833	0.00	176.39	0.0	?	1.6	1.6	90.0
1669834834	0.00	175.71	0.0	?	1.9	1.9	90.0
1671835835	0.00	175.22	0.0	?	2.1	2.1	90.0
1673836836	0.00	174.58	0.0	?	2.4	2.4	90.0
1675837837	0.00	173.94	0.0	?	2.6	2.6	90.0
1677838838	0.00	173.22	0.0	?	3.0	3.0	90.0
1679839839	0.00	172.71	0.0	?	3.2	3.2	90.0
1681840840	0.00	171.86	0.0	?	3.6	3.6	90.0
1683841841	0.00	171.19	0.0	?	3.8	3.8	90.0
1685842842	0.00	170.14	0.0	?	4.3	4.3	90.0
1687843843	0.00	169.24	0.0	?	4.7	4.7	90.0
1689844844	0.00	168.71	0.0	?	4.9	4.9	90.0
1691845845	0.00	167.97	0.0	?	5.3	5.3	90.0
1693846846	0.00	167.57	0.0	?	5.4	5.4	90.0
1695847847	0.00	166.23	0.0	?	6.0	6.0	90.0
1697848848	0.00	165.75	0.0	?	6.2	6.2	90.0
1699849849	0.00	164.81	0.0	?	6.7	6.7	90.0
1701850850	0.00	163.99	0.0	?	7.0	7.0	90.0
1703851851	0.00	163.20	0.0	?	7.4	7.4	90.0
1705852852	0.00	162.66	0.0	?	7.6	7.6	90.0
1707853853	0.00	161.76	0.0	?	8.0	8.0	90.0
1709854854	0.00	161.30	0.0	?	8.2	8.2	90.0
1711855855	0.00	161.01	0.0	?	8.4	8.4	90.0
1713856856	0.00	160.09	0.0	?	8.8	8.8	90.0
1715857857	0.00	159.33	0.0	?	9.1	9.1	90.0
1717858858	0.00	159.32	0.0	?	9.1	9.1	90.0
1719859859	0.00	159.22	0.0	?	9.2	9.2	90.0
1721860860	0.00	158.48	0.0	?	9.5	9.5	90.0
1723861861	0.00	158.30	0.0	?	9.6	9.6	90.0
1725862862	0.00	158.19	0.0	?	9.6	9.6	90.0
1727863863	0.00	157.32	0.0	?	10.0	10.0	90.0
1729864864	0.00	157.23	0.0	?	10.1	10.1	90.0
1731865865	0.00	156.54	0.0	?	10.4	10.4	90.0
1733866866	0.00	155.53	0.0	?	10.8	10.8	90.0
1735867867	0.00	154.55	0.0	?	11.3	11.3	90.0
1737868868	0.00	153.54	0.0	?	11.8	11.8	90.0
1739869869	0.00	152.72	0.0	?	12.1	12.1	90.0
1741870870	0.00	151.82	0.0	?	12.5	12.5	90.0
1743871871	0.00	150.10	0.0	?	13.3	13.3	90.0
1745872872	0.00	148.48	0.0	?	14.1	14.1	90.0
1747873873	0.00	147.62	0.0	?	14.5	14.5	90.0
1749874874	0.00	145.79	0.0	?	15.4	15.4	90.0
1751875875	0.00	144.52	0.0	?	16.0	16.0	90.0
1753876876	0.00	142.78	0.0	?	16.8	16.8	90.0
1755877877	0.00	141.28	0.0	?	17.6	17.6	90.0
1757878878	0.00	139.18	0.0	?	18.6	18.6	90.0
1759879879	0.00	137.47	0.0	?	19.5	19.5	90.0
1761880880	0.00	135.84	0.0	?	20.3	20.3	90.0
1763881881	0.00	134.01	0.0	?	21.2	21.2	90.0
1765882882	0.00	132.55	0.0	?	22.0	22.0	90.0
1767883883	0.00	130.70	0.0	?	22.9	22.9	90.0
1769884884	0.00	128.98	0.0	?	23.9	23.9	90.0
1771885885	0.00	127.29	0.0	?	24.8	24.8	90.0
1773886886	0.00	125.28	0.0	?	25.9	25.9	90.0
1775887887	0.00	123.60	0.0	?	26.8	26.8	90.0
1777888888	0.00	121.62	0.0	?	27.9	27.9	90.0
1779889889	0.00	119.32	0.0	?	29.3	29.3	90.0
1781890890	0.00	118.17	0.0	?	29.9	29.9	90.0
1783891891	0.00	116.57	0.0	?	30.9	30.9	90.0
1785892892	0.00	114.51	0.0	?	32.2	32.2	90.0
1787893893	0.00	112.63	0.0	?	33.3	33.3	90.0
1789894894	0.00	110.88	0.0	?	34.4	34.4	90.0
1791895895	0.00	108.91	0.0	?	35.7	35.7	90.0
1793896896	0.00	106.94	0.0	?	37.0	37.0	90.0
1795897897	0.00	105.21	0.0	?	38.2	38.2	90.0
1797898898	0.00	103.47	0.0	?	39.4	39.4	90.0
1799899899	0.00	101.78	0.0	?	40.6	40.6	90.0
1801900900	0.00	99.69	0.0	?	42.2	42.2	90.0
1803901901	0.00	97.70	0.0	?	43.7	43.7	90.0
1805902902	0.00	96.22	0.0	?	44.8	44.8	90.0
1807903903	0.00	94.08	0.0	?	46.6	46.6	90.0
1809904904	0.00	92.08	0.0	?	48.2	48.2	90.0
1811905905	0.00	89.94	0.0	?	50.0	50.0	90.0
1813906906	0.00	88.27	0.0	?	51.5	51.5	90.0
1815907907	0.00	86.50	0.0	?	53.1	53.1	90.0
1817908908	0.00	84.92	0.0	?	54.6	54.6	90.0
1819909909	0.00	82.51	0.0	?	57.0	57.0	90.0
1821910910	0.00	80.28	0.0	?	59.3	59.3	90.0
1823911911	-0.10	78.71	0.7	170.06	61.0	61.0	89.3
1825912912	-0.37	76.52	2.8	46.82	63.3	63.4	87.5
1827913913	-0.67	74.33	5.3	25.99	65.7	65.9	85.4
1829914914	-0.90	72.02	7.4	19.38	68.3	68.7	83.8
1831915915	-1.19	70.12	10.3	14.63	70.2	71.0	81.7
1833916916	-1.45	68.00	13.1	12.02	72.5	73.7	79.8
1835917917	-1.74	65.87	16.5	10.02	74.6	76.4	77.5
1837918918	-1.97	63.58	19.7	8.84	77.1	79.6	75.7
1839919919	-2.25	60.85	24.0	7.77	79.9	83.4	73.3
1841920920	-2.46	58.52	27.7	7.10	82.3	86.8	71.4
1843921921	-2.78	56.56	32.5	6.30	83.3	89.5	68.7
1845922922	-2.99	54.33	36.8	5.87	85.2	92.8	66.6
1847923923	-3.26	51.59	42.7	5.40	87.1	97.0	63.9
1849924924	-3.48	48.73	48.8	5.06	89.1	101.6	61.3
1851925925	-3.71	46.09	55.1	4.76	90.3	105.8	58.6
1853926926	-3.92	43.88	61.0	4.51	90.6	109.2	56.1
1855927927	-4.15	41.09	68.4	4.26	90.6	113.5	52.9
1857928928	-4.37	38.25	76.3	4.06	90.0	117.9	49.7
1859929929	-4.59	35.58	83.9	3.88	88.3	121.9	46.5
1861930930	-4.75	32.77	92.0	3.75	86.6	126.3	43.3
1863931931	-5.01	30.37	98.8	3.56	81.9	128.4	39.7
1865932932	-5.11	27.25	107.7	3.50	79.2	133.7	36.3
1867933933	-5.29	23.93	116.8	3.39	73.2	137.8	32.1
1869934934	-5.37	21.64	122.9	3.33	68.8	140.8	29.2
1871935935	-5.49	18.83	129.8	3.27	62.1	143.9	25.6
1873936936	-5.64	15.78	135.9	3.19	53.1	145.9	21.3
1875937937	-5.76	12.92	140.7	3.13	44.2	147.5	17.4
1877938938	-5.87	9.76	144.8	3.07	33.7	148.7	13.1
1879939939	-5.98	6.85	146.8	3.02	23.5	148.7	9.1
1881940940	-5.98	4.11	149.3	3.02	14.4	150.0	5.5
1883941941	-6.07	1.40	148.6	2.98	4.8	148.7	1.8
1885942942	-6.20	-1.55	145.7	2.92	-5.1	145.8	-2.0
1887943943	-6.19	-4.60	144.5	2.93	-15.0	145.3	-5.9
1889944944	-6.29	-7.11	140.2	2.88	-22.0	141.9	-8.9
1891945945	-6.37	-9.66	135.6	2.85	-28.4	138.5	-11.8
1893946946	-6.39	-12.46	131.1	2.84	-35.2	135.7	-15.0
1895947947	-6.46	-15.27	125.3	2.81	-40.6	131.7	-17.9
1897948948	-6.51	-17.83	120.0	2.79	-44.8	128.1	-20.4
1899949949	-6.60	-20.57	113.9	2.76	-47.9	123.6	-22.8
1901950950	-6.70	-22.63	109.2	2.72	-49.4	119.8	-24.4
1903951951	-6.79	-25.41	103.3	2.69	-51.3	115.3	-26.4
1905952952	-6.94	-28.13	97.5	2.63	-51.8	110.4	-28.0
1907953953	-7.12	-29.96	93.6	2.58	-51.1	106.6	-28.6
1909954954	-7.25	-31.17	91.1	2.53	-50.4	104.1	-29.0
1911955955	-7.44	-32.90	87.7	2.47	-49.3	100.6	-29.4
1913956956	-7.58	-33.81	85.9	2.44	-48.4	98.6	-29.4
1915957957	-7.66	-35.06	83.9	2.41	-48.2	96.8	-29.9
1917958958	-7.67	-35.54	83.2	2.41	-48.2	96.2	-30.1
1919959959	-7.68	-35.26	83.6	2.41	-48.1	96.4	-29.9
1921960960	-7.62	-35.25	83.8	2.42	-48.6	96.8	-30.1
1923961961	-7.50	-34.92	84.5	2.46	-49.6	98.0	-30.4
1925962962	-7.35	-34.97	84.8	2.50	-51.1	99.0	-31.1
1927963963	-7.14	-35.16	85.0	2.57	-53.4	100.4	-32.1
1929964964	-7.00	-35.93	84.1	2.61	-55.0	100.5	-33.2
1931965965	-6.75	-36.84	82.9	2.70	-58.0	101.2	-35.0
1933966966	-6.54	-37.69	81.7	2.78	-60.4	101.6	-36.5
1935967967	-6.39	-38.65	80.1	2.84	-62.2	101.4	-37.9
1937968968	-6.14	-39.40	78.7	2.95	-65.1	102.1	-39.6
1939969969	-5.94	-40.74	76.1	3.04	-67.2	101.5	-41.5
1941970970	-5.77	-41.84	73.8	3.12	-68.9	101.0	-43.0
1943971971	-5.67	-42.81	71.9	3.17	-69.7	100.1	-44.1
1945972972	-5.54	-43.95	69.5	3.24	-70.7	99.2	-45.5
1947973973	-5.39	-44.85	67.5	3.33	-72.0	98.7	-46.8
1949974974	-5.26	-45.76	65.5	3.40	-72.8	97.9	-48.0
1951975975	-5.06	-46.97	62.6	3.53	-74.2	97.1	-49.9
1953976976	-4.93	-48.06	60.2	3.62	-74.8	96.0	-51.2
1955977977	-4.84	-48.99	58.3	3.68	-75.0	95.0	-52.1
1957978978	-4.66	-50.08	55.6	3.82	-75.8	94.0	-53.7
1959979979	-4.54	-51.47	52.9	3.91	-75.7	92.3	-55.0
1961980980	-4.42	-52.73	50.5	4.01	-75.5	90.8	-56.2
1963981981	-4.31	-52.85	49.5	4.11	-76.4	91.0	-57.0
1965982982	-4.14	-54.10	46.8	4.27	-76.5	89.6	-58.6
1967983983	-4.04	-54.96	45.0	4.37	-76.4	88.6	-59.5
1969984984	-3.97	-55.87	43.4	4.45	-75.9	87.4	-60.2
1971985985	-3.93	-56.60	42.3	4.50	-75.4	86.4	-60.7
1973986986	-3.82	-57.80	40.2	4.62	-74.8	84.9	-61.8
1975987987	-3.69	-58.38	38.6	4.78	-75.1	84.4	-62.8
1977988988	-3.53	-58.60	37.1	4.99	-75.8	84.4	-63.9
1979989989	-3.52	-59.72	36.0	5.00	-74.6	82.8	-64.2
1981990990	-3.43	-60.49	34.6	5.13	-74.2	81.8	-65.0
1983991991	-3.38	-61.28	33.4	5.21	-73.6	80.8	-65.6
1985992992	-3.30	-62.33	32.0	5.32	-72.7	79.5	-66.3
1987993993	-3.22	-62.41	31.3	5.46	-73.1	79.5	-66.8
1989994994	-3.16	-63.14	30.2	5.56	-72.5	78.6	-67.4
1991995995	-3.12	-63.60	29.5	5.64	-72.2	78.0	-67.8
1993996996	-3.06	-64.36	28.6	5.73	-71.5	77.0	-68.2
1995997997	-2.99	-64.98	27.5	5.87	-71.2	76.3	-68.8
1997998998	-2.90	-65.54	26.5	6.05	-70.9	75.7	-69.5
1999999999	-2.88	-66.12	26.0	6.08	-70.2	74.9	-69.7
