1000000	-0.75	87.38	4.5	23.12	52.1	52.3	85.0
3001001	0.00	82.06	0.0	?	57.5	57.5	90.0
5002002	0.00	76.61	0.0	?	63.3	63.3	90.0
7003003	0.00	72.60	0.0	?	68.1	68.1	90.0
9004004	0.00	69.08	0.0	?	72.6	72.6	90.0
11005005	0.00	67.00	0.0	?	75.5	75.5	90.0
13006006	0.00	64.83	0.0	?	78.7	78.7	90.0
15007007	-0.17	62.03	1.8	102.40	83.1	83.2	88.7
17008008	-0.23	60.30	2.7	73.98	86.0	86.1	88.2
19009009	-0.35	58.53	4.2	50.02	89.1	89.2	87.3
21010010	-0.41	56.91	5.1	42.72	92.0	92.2	86.8
23011011	-0.46	55.28	6.1	37.86	95.2	95.4	86.3
25012012	-0.52	53.79	7.3	33.53	98.2	98.4	85.8
27013013	-0.55	52.33	8.1	31.49	101.3	101.6	85.4
29014014	-0.59	50.90	9.1	29.70	104.4	104.8	85.0
31015015	-0.61	49.62	9.9	28.39	107.4	107.9	84.7
33016016	-0.63	48.46	10.7	27.53	110.2	110.7	84.4
35017017	-0.64	47.33	11.3	27.30	113.1	113.7	84.3
37018018	-0.63	46.22	11.7	27.57	116.2	116.7	84.3
39019019	-0.62	45.05	12.1	28.03	119.5	120.1	84.2
41020020	-0.61	43.93	12.5	28.45	122.9	123.5	84.2
43021021	-0.62	42.83	13.2	28.23	126.3	127.0	84.0
45022022	-0.62	41.90	13.9	27.93	129.3	130.0	83.9
47023023	-0.63	40.95	14.6	27.67	132.5	133.3	83.7
49024024	-0.63	40.13	15.4	27.37	135.4	136.2	83.5
51025025	-0.64	39.28	16.0	27.31	138.5	139.4	83.4
53026026	-0.65	38.45	17.0	26.76	141.6	142.6	83.1
55027027	-0.67	37.72	18.2	26.00	144.3	145.5	82.8
57028028	-0.67	37.04	19.0	25.79	147.1	148.3	82.7
59029029	-0.69	36.29	20.3	25.09	150.1	151.5	82.3
61030030	-0.72	35.64	21.7	24.14	152.7	154.3	81.9
63031031	-0.75	34.98	23.4	23.24	155.5	157.2	81.4
65032032	-0.78	34.36	25.3	22.15	158.0	160.1	80.9
67033033	-0.82	33.71	27.4	21.16	160.7	163.1	80.3
69034034	-0.86	33.08	29.8	20.15	163.4	166.1	79.7
71035035	-0.91	32.42	32.6	19.09	166.1	169.3	78.9
73036036	-0.97	31.73	35.9	17.94	168.9	172.6	78.0
75037037	-1.03	31.09	39.3	16.95	171.4	175.9	77.1
77038038	-1.09	30.39	43.4	15.92	174.0	179.4	76.0
79039039	-1.16	29.65	48.0	14.97	176.8	183.2	74.8
81040040	-1.24	28.97	53.0	14.02	178.9	186.6	73.5
83041041	-1.33	28.26	58.7	13.08	180.8	190.0	72.0
85042042	-1.43	27.60	64.8	12.21	182.0	193.1	70.4
87043043	-1.50	26.93	70.4	11.59	183.4	196.5	69.0
89044044	-1.56	26.23	75.7	11.17	185.5	200.4	67.8
91045045	-1.63	25.26	83.4	10.67	188.3	205.9	66.1
93046046	-1.72	24.33	91.8	10.15	190.0	211.0	64.2
95047047	-1.81	23.40	100.9	9.64	190.9	215.9	62.2
97048048	-1.90	22.55	109.6	9.20	191.0	220.2	60.2
99049049	-1.96	21.50	119.5	8.92	192.8	226.8	58.2
101050050	-2.02	20.39	130.7	8.62	193.7	233.7	56.0
103051051	-2.09	19.16	143.9	8.34	194.0	241.5	53.4
105052052	-2.17	17.87	158.6	8.04	192.6	249.5	50.5
107053053	-2.25	16.60	173.7	7.77	189.6	257.1	47.5
109054054	-2.34	15.27	189.8	7.48	183.6	264.1	44.1
111055055	-2.41	13.94	206.1	7.26	176.8	271.6	40.6
113056056	-2.48	12.58	222.6	7.06	167.7	278.7	37.0
115057057	-2.55	11.17	238.8	6.86	155.3	284.9	33.0
117058058	-2.60	9.70	255.5	6.73	141.7	292.2	29.0
119059059	-2.67	8.14	270.6	6.55	122.6	297.0	24.4
121060060	-2.73	6.61	282.9	6.41	101.9	300.7	19.8
123061061	-2.78	4.95	294.2	6.31	78.0	304.3	14.9
125062062	-2.84	3.26	299.9	6.18	51.3	304.2	9.7
127063063	-2.89	1.59	301.6	6.07	24.7	302.6	4.7
129064064	-2.92	-0.09	300.3	6.01	-1.3	300.3	-0.3
131065065	-2.94	-1.84	295.4	5.96	-27.5	296.7	-5.3
133066066	-2.96	-3.64	286.8	5.93	-52.4	291.5	-10.4
135067067	-2.97	-5.53	274.0	5.91	-75.9	284.3	-15.5
137068068	-2.97	-7.48	258.1	5.91	-96.4	275.5	-20.5
139069069	-2.96	-9.40	241.2	5.93	-113.4	266.5	-25.2
141070070	-2.96	-11.46	221.0	5.92	-126.4	254.7	-29.8
143071071	-2.95	-13.53	201.4	5.95	-136.3	243.2	-34.1
145072072	-2.93	-15.59	182.4	5.98	-142.6	231.5	-38.0
147073073	-2.91	-17.82	163.1	6.03	-146.4	219.2	-41.9
149074074	-2.88	-20.06	145.4	6.09	-147.6	207.2	-45.4
151075075	-2.85	-22.29	129.4	6.14	-146.8	195.8	-48.6
153076076	-2.82	-24.63	114.6	6.21	-144.6	184.5	-51.6
155077077	-2.79	-26.91	101.9	6.29	-141.3	174.2	-54.2
157078078	-2.74	-29.27	90.2	6.39	-137.4	164.4	-56.7
159079079	-2.71	-31.74	79.8	6.47	-132.5	154.7	-59.0
161080080	-2.67	-34.18	70.8	6.56	-127.5	145.9	-61.0
163081081	-2.64	-36.70	63.0	6.64	-122.1	137.4	-62.7
165082082	-2.59	-39.06	56.4	6.75	-117.4	130.3	-64.3
167083083	-2.55	-41.48	50.6	6.86	-112.6	123.4	-65.8
169084084	-2.51	-43.77	45.8	6.96	-108.1	117.4	-67.0
171085085	-2.45	-46.17	41.2	7.12	-103.7	111.6	-68.4
173086086	-2.38	-48.75	36.7	7.34	-99.3	105.9	-69.7
175087087	-2.32	-51.45	32.7	7.54	-94.8	100.3	-71.0
177088088	-2.26	-54.22	29.2	7.74	-90.3	94.9	-72.1
179089089	-2.21	-57.08	26.3	7.91	-85.8	89.8	-73.0
181090090	-2.17	-60.11	23.7	8.05	-81.3	84.7	-73.8
183091091	-2.13	-63.05	21.5	8.19	-77.2	80.2	-74.5
185092092	-2.08	-66.20	19.4	8.37	-73.1	75.7	-75.2
187093093	-2.06	-69.80	17.5	8.48	-68.7	70.9	-75.7
189094094	-2.04	-73.45	16.0	8.55	-64.5	66.5	-76.1
191095095	-2.04	-77.33	14.6	8.57	-60.3	62.1	-76.4
193096096	-2.03	-81.57	13.4	8.58	-56.1	57.7	-76.6
195097097	-2.03	-86.09	12.3	8.58	-52.0	53.4	-76.7
197098098	-2.03	-91.25	11.2	8.61	-47.6	48.9	-76.7
199099099	-2.04	-97.41	10.2	8.57	-42.9	44.1	-76.6
201100100	-2.11	-104.39	9.6	8.28	-37.9	39.1	-75.8
203101101	-2.24	-112.23	9.2	7.81	-32.8	34.1	-74.3
205102102	-2.44	-121.24	9.1	7.17	-27.4	28.9	-71.6
207103103	-2.73	-131.00	9.4	6.41	-22.1	24.0	-67.0
209104104	-3.12	-142.04	9.9	5.62	-16.6	19.3	-59.1
211105105	-3.68	-154.29	10.9	4.79	-10.9	15.4	-44.8
213106106	-4.43	-167.96	12.6	4.00	-4.9	13.5	-21.4
215107107	-5.43	177.30	15.1	3.30	1.1	15.2	4.0
217108108	-6.58	161.25	18.5	2.76	7.2	19.8	21.1
219109109	-7.65	144.45	22.4	2.42	13.1	25.9	30.2
221110110	-8.34	127.68	26.4	2.24	18.8	32.4	35.4
223111111	-8.50	110.60	30.5	2.20	25.0	39.5	39.3
225112112	-8.10	95.32	34.4	2.30	31.9	46.9	42.8
227113113	-7.36	81.55	38.6	2.50	40.1	55.6	46.1
229114114	-6.32	68.97	43.2	2.87	50.8	66.7	49.6
231115115	-5.44	57.52	50.2	3.30	63.4	80.8	51.6
233116116	-4.63	47.36	59.7	3.84	78.6	98.7	52.8
235117117	-3.96	38.49	73.1	4.46	96.3	120.9	52.8
237118118	-3.47	30.62	93.1	5.08	115.7	148.5	51.2
239119119	-3.08	23.59	123.1	5.70	136.1	183.5	47.9
241120120	-2.80	17.32	167.8	6.26	152.4	226.6	42.2
243121121	-2.59	11.78	229.7	6.75	154.8	277.0	34.0
245122122	-2.41	6.76	307.5	7.25	128.7	333.3	22.7
247123123	-2.24	2.05	382.8	7.80	52.5	386.4	7.8
249124124	-2.13	-2.61	395.7	8.18	-72.5	402.2	-10.4
251125125	-2.06	-6.77	340.0	8.48	-167.6	379.0	-26.2
253126126	-2.01	-10.71	263.4	8.69	-209.9	336.8	-38.5
255127127	-1.96	-14.51	198.0	8.89	-217.7	294.3	-47.7
257128128	-1.92	-17.97	152.1	9.08	-210.4	259.6	-54.1
259129129	-1.89	-21.29	119.3	9.21	-197.1	230.3	-58.8
261130130	-1.85	-24.60	94.6	9.41	-183.2	206.2	-62.7
263131131	-1.83	-27.84	76.9	9.52	-169.1	185.8	-65.5
265132132	-1.81	-30.79	64.4	9.65	-157.3	170.0	-67.7
267133133	-1.77	-33.77	54.1	9.86	-146.7	156.3	-69.8
269134134	-1.72	-36.57	46.0	10.15	-137.6	145.1	-71.5
271135135	-1.67	-39.39	39.5	10.41	-129.1	135.0	-73.0
273136136	-1.63	-42.04	34.4	10.67	-121.7	126.5	-74.2
275137137	-1.59	-44.77	29.9	10.98	-114.8	118.6	-75.4
277138138	-1.54	-47.28	26.4	11.32	-108.9	112.1	-76.4
279139139	-1.49	-49.86	23.3	11.67	-103.3	105.9	-77.3
281140140	-1.45	-52.24	20.8	12.05	-98.4	100.6	-78.1
283141141	-1.39	-54.67	18.6	12.48	-93.8	95.7	-78.8
285142142	-1.34	-56.96	16.6	13.02	-89.8	91.3	-79.6
287143143	-1.28	-59.22	14.9	13.56	-86.1	87.3	-80.2
289144144	-1.23	-61.44	13.3	14.17	-82.6	83.6	-80.8
291145145	-1.17	-63.56	12.0	14.85	-79.4	80.3	-81.4
293146146	-1.12	-65.64	10.9	15.48	-76.4	77.2	-81.9
295147147	-1.08	-67.74	9.9	16.11	-73.6	74.2	-82.3
297148148	-1.03	-69.79	9.0	16.84	-70.9	71.5	-82.8
299149149	-1.01	-71.72	8.4	17.29	-68.5	69.0	-83.0
301150150	-0.97	-73.54	7.7	17.96	-66.3	66.8	-83.4
303151151	-0.93	-75.30	7.1	18.71	-64.3	64.7	-83.7
305152152	-0.90	-77.05	6.6	19.41	-62.4	62.7	-83.9
307153153	-0.87	-78.77	6.2	19.91	-60.5	60.8	-84.1
309154154	-0.85	-80.51	5.8	20.41	-58.7	59.0	-84.3
311155155	-0.84	-82.17	5.6	20.61	-57.0	57.3	-84.4
313156156	-0.83	-83.79	5.4	20.86	-55.4	55.7	-84.5
315157157	-0.83	-85.37	5.2	20.92	-53.9	54.2	-84.5
317158158	-0.83	-86.86	5.1	20.85	-52.6	52.8	-84.5
319159159	-0.81	-88.30	4.8	21.38	-51.3	51.5	-84.6
321160160	-0.80	-89.76	4.6	21.63	-50.0	50.2	-84.7
323161161	-0.80	-91.19	4.5	21.84	-48.8	49.0	-84.8
325162162	-0.80	-92.61	4.4	21.71	-47.6	47.8	-84.7
327163163	-0.81	-93.94	4.3	21.49	-46.5	46.7	-84.7
329164164	-0.79	-95.31	4.2	21.89	-45.4	45.6	-84.7
331165165	-0.77	-96.63	4.0	22.50	-44.4	44.5	-84.9
333166166	-0.76	-98.15	3.8	22.78	-43.2	43.4	-84.9
335167167	-0.76	-99.65	3.7	22.95	-42.1	42.2	-84.9
337168168	-0.76	-101.05	3.7	22.83	-41.0	41.2	-84.9
339169169	-0.76	-102.57	3.6	22.76	-40.0	40.1	-84.8
341170170	-0.77	-104.14	3.5	22.70	-38.8	39.0	-84.8
343171171	-0.77	-105.76	3.5	22.49	-37.7	37.9	-84.7
345172172	-0.77	-107.27	3.4	22.60	-36.7	36.9	-84.7
347173173	-0.78	-108.76	3.4	22.29	-35.7	35.9	-84.6
349174174	-0.78	-110.34	3.3	22.21	-34.7	34.8	-84.5
351175175	-0.80	-111.96	3.3	21.86	-33.7	33.8	-84.4
353176176	-0.81	-113.50	3.3	21.55	-32.7	32.8	-84.2
355177177	-0.82	-115.00	3.3	21.16	-31.8	31.9	-84.0
357178178	-0.84	-116.52	3.3	20.81	-30.8	31.0	-83.9
359179179	-0.85	-118.12	3.3	20.48	-29.9	30.1	-83.7
361180180	-0.86	-119.69	3.3	20.30	-29.0	29.1	-83.5
363181181	-0.87	-121.30	3.3	20.01	-28.0	28.2	-83.3
365182182	-0.88	-122.85	3.3	19.79	-27.1	27.3	-83.1
367183183	-0.89	-124.44	3.3	19.48	-26.3	26.5	-82.9
369184184	-0.89	-125.96	3.2	19.50	-25.4	25.6	-82.8
371185185	-0.90	-127.44	3.2	19.43	-24.6	24.8	-82.6
373186186	-0.90	-128.99	3.2	19.33	-23.8	24.0	-82.4
375187187	-0.90	-130.49	3.1	19.32	-23.0	23.2	-82.2
377188188	-0.90	-132.05	3.1	19.38	-22.2	22.4	-82.1
379189189	-0.89	-133.47	3.0	19.48	-21.4	21.6	-81.9
381190190	-0.89	-134.91	3.0	19.61	-20.7	20.9	-81.8
383191191	-0.88	-136.39	2.9	19.73	-19.9	20.2	-81.6
385192192	-0.87	-137.78	2.9	20.01	-19.2	19.5	-81.5
387193193	-0.86	-139.19	2.8	20.12	-18.5	18.8	-81.3
389194194	-0.86	-140.56	2.8	20.27	-17.9	18.1	-81.2
391195195	-0.85	-141.93	2.7	20.39	-17.2	17.4	-80.9
393196196	-0.84	-143.17	2.7	20.62	-16.6	16.8	-80.8
395197197	-0.83	-144.47	2.6	20.88	-16.0	16.2	-80.6
397198198	-0.82	-145.83	2.6	21.29	-15.3	15.5	-80.5
399199199	-0.81	-147.06	2.5	21.57	-14.7	15.0	-80.3
401200200	-0.80	-148.26	2.5	21.75	-14.2	14.4	-80.1
403201201	-0.79	-149.43	2.4	22.13	-13.6	13.8	-79.9
405202202	-0.77	-150.67	2.4	22.47	-13.1	13.3	-79.7
407203203	-0.78	-151.83	2.4	22.40	-12.5	12.7	-79.3
409204204	-0.76	-152.94	2.3	22.91	-12.0	12.2	-79.1
411205205	-0.75	-154.03	2.3	23.16	-11.5	11.7	-78.8
413206206	-0.75	-155.09	2.3	23.27	-11.0	11.3	-78.4
415207207	-0.75	-156.17	2.3	23.16	-10.5	10.8	-77.9
417208208	-0.74	-157.20	2.2	23.45	-10.1	10.3	-77.6
419209209	-0.75	-158.22	2.2	23.29	-9.6	9.9	-76.9
421210210	-0.75	-159.22	2.2	23.29	-9.2	9.4	-76.4
423211211	-0.75	-160.19	2.2	23.14	-8.7	9.0	-75.7
425212212	-0.76	-161.14	2.3	22.77	-8.3	8.6	-74.8
427213213	-0.77	-162.11	2.3	22.49	-7.9	8.2	-73.8
429214214	-0.79	-163.04	2.3	22.14	-7.4	7.8	-72.8
431215215	-0.79	-163.95	2.3	21.90	-7.0	7.4	-71.7
433216216	-0.82	-164.92	2.4	21.29	-6.6	7.0	-70.1
435217217	-0.83	-165.84	2.4	20.83	-6.2	6.7	-68.5
437218218	-0.85	-166.74	2.5	20.39	-5.8	6.3	-66.8
439219219	-0.87	-167.63	2.5	19.98	-5.4	6.0	-64.9
441220220	-0.89	-168.53	2.6	19.53	-5.0	5.6	-62.7
443221221	-0.91	-169.43	2.7	19.01	-4.6	5.3	-60.1
445222222	-0.94	-170.34	2.7	18.46	-4.2	5.0	-57.1
447223223	-0.97	-171.26	2.8	17.86	-3.8	4.7	-53.5
449224224	-1.01	-172.13	2.9	17.26	-3.4	4.5	-49.7
451225225	-1.03	-173.10	3.0	16.95	-3.0	4.2	-45.4
453226226	-1.06	-174.00	3.1	16.39	-2.6	4.0	-40.5
455227227	-1.09	-174.91	3.1	16.02	-2.2	3.8	-35.3
457228228	-1.12	-175.88	3.2	15.51	-1.8	3.7	-29.0
459229229	-1.15	-176.80	3.3	15.15	-1.4	3.6	-22.8
461230230	-1.18	-177.80	3.4	14.75	-1.0	3.5	-15.7
463231231	-1.20	-178.76	3.5	14.48	-0.5	3.5	-8.8
465232232	-1.23	-179.73	3.5	14.11	-0.1	3.5	-1.9
467233233	-1.26	179.33	3.6	13.83	0.3	3.6	4.6
469234234	-1.29	178.30	3.7	13.49	0.7	3.8	11.2
471235235	-1.32	177.28	3.8	13.24	1.2	4.0	17.3
473236236	-1.34	176.21	3.9	12.97	1.6	4.2	23.1
475237237	-1.36	175.25	3.9	12.80	2.1	4.4	27.8
477238238	-1.38	174.19	4.0	12.60	2.5	4.7	32.4
479239239	-1.40	173.24	4.0	12.45	2.9	5.0	36.1
481240240	-1.41	172.08	4.1	12.34	3.4	5.3	40.2
483241241	-1.42	171.04	4.1	12.23	3.9	5.7	43.4
485242242	-1.44	169.98	4.2	12.09	4.4	6.0	46.3
487243243	-1.45	168.93	4.2	11.97	4.8	6.4	48.8
489244244	-1.47	167.88	4.3	11.88	5.3	6.8	51.1
491245245	-1.47	166.83	4.3	11.84	5.7	7.2	53.3
493246246	-1.48	165.77	4.3	11.80	6.2	7.5	55.2
495247247	-1.48	164.70	4.3	11.75	6.7	7.9	57.0
497248248	-1.48	163.65	4.3	11.76	7.1	8.3	58.7
499249249	-1.48	162.59	4.3	11.78	7.6	8.8	60.2
501250250	-1.47	161.49	4.3	11.83	8.1	9.2	61.8
503251251	-1.46	160.37	4.3	11.95	8.6	9.6	63.4
505252252	-1.46	159.31	4.3	11.94	9.1	10.0	64.5
507253253	-1.45	158.25	4.3	12.01	9.5	10.5	65.7
509254254	-1.45	157.20	4.3	12.00	10.0	10.9	66.6
511255255	-1.45	156.11	4.3	12.05	10.5	11.4	67.6
513256256	-1.44	155.01	4.3	12.13	11.0	11.8	68.5
515257257	-1.43	153.95	4.3	12.19	11.5	12.3	69.4
517258258	-1.41	152.84	4.3	12.33	12.0	12.7	70.3
519259259	-1.41	151.81	4.3	12.36	12.5	13.2	71.0
521260260	-1.40	150.78	4.3	12.42	12.9	13.6	71.6
523261261	-1.39	149.69	4.3	12.52	13.4	14.1	72.3
525262262	-1.39	148.61	4.3	12.57	14.0	14.6	72.9
527263263	-1.38	147.52	4.3	12.61	14.5	15.1	73.4
529264264	-1.38	146.45	4.3	12.58	15.0	15.6	73.9
531265265	-1.37	145.31	4.3	12.71	15.5	16.1	74.5
533266266	-1.37	144.19	4.3	12.70	16.0	16.6	74.8
535267267	-1.36	143.07	4.3	12.83	16.6	17.1	75.4
537268268	-1.35	142.00	4.3	12.86	17.1	17.6	75.7
539269269	-1.35	140.90	4.4	12.90	17.6	18.2	76.1
541270270	-1.35	139.71	4.4	12.88	18.2	18.7	76.4
543271271	-1.36	138.60	4.4	12.84	18.8	19.3	76.7
545272272	-1.37	137.42	4.5	12.67	19.3	19.9	76.8
547273273	-1.38	136.25	4.6	12.64	19.9	20.4	77.0
549274274	-1.38	135.07	4.6	12.58	20.5	21.0	77.2
551275275	-1.40	133.87	4.8	12.40	21.1	21.7	77.3
553276276	-1.41	132.63	4.8	12.31	21.8	22.3	77.5
555277277	-1.42	131.36	4.9	12.25	22.4	22.9	77.7
557278278	-1.45	130.14	5.0	12.03	23.0	23.6	77.6
559279279	-1.46	128.89	5.2	11.90	23.7	24.3	77.7
561280280	-1.48	127.57	5.3	11.77	24.4	25.0	77.8
563281281	-1.50	126.24	5.4	11.60	25.1	25.7	77.8
565282282	-1.52	124.91	5.6	11.43	25.8	26.4	77.9
567283283	-1.57	123.59	5.8	11.11	26.5	27.2	77.7
569284284	-1.61	122.29	6.0	10.80	27.2	27.9	77.5
571285285	-1.64	120.80	6.2	10.59	28.1	28.8	77.5
573286286	-1.67	119.47	6.4	10.43	28.8	29.5	77.5
575287287	-1.72	118.07	6.7	10.10	29.6	30.4	77.2
577288288	-1.77	116.70	7.0	9.84	30.4	31.2	77.1
579289289	-1.82	115.20	7.3	9.59	31.3	32.1	76.9
581290290	-1.88	113.72	7.7	9.27	32.1	33.0	76.6
583291291	-1.94	112.42	8.0	9.00	32.9	33.8	76.3
585292292	-2.00	111.02	8.4	8.71	33.7	34.7	76.0
587293293	-2.07	109.61	8.8	8.43	34.5	35.6	75.7
589294294	-2.12	108.19	9.2	8.22	35.4	36.6	75.4
591295295	-2.19	106.92	9.6	7.98	36.2	37.4	75.1
593296296	-2.26	105.60	10.1	7.72	37.0	38.3	74.7
595297297	-2.33	104.34	10.6	7.51	37.7	39.2	74.4
597298298	-2.40	103.19	11.1	7.27	38.4	40.0	73.9
599299299	-2.48	102.04	11.6	7.04	39.1	40.8	73.5
601300300	-2.54	100.99	12.0	6.88	39.8	41.6	73.2
603301301	-2.62	100.05	12.5	6.69	40.3	42.3	72.8
605302302	-2.67	99.21	12.9	6.56	40.9	42.9	72.4
607303303	-2.71	98.39	13.2	6.47	41.4	43.5	72.3
609304304	-2.73	97.74	13.5	6.41	41.8	44.0	72.1
611305305	-2.75	97.07	13.7	6.36	42.3	44.4	72.0
613306306	-2.75	96.41	13.9	6.36	42.7	44.9	72.0
615307307	-2.72	95.76	13.9	6.43	43.3	45.4	72.2
617308308	-2.69	94.95	13.9	6.51	43.9	46.0	72.5
619309309	-2.66	94.28	13.8	6.59	44.4	46.6	72.7
621310310	-2.60	93.47	13.8	6.72	45.1	47.2	73.1
623311311	-2.53	92.63	13.6	6.91	45.9	47.8	73.5
625312312	-2.48	91.75	13.5	7.06	46.6	48.6	73.9
627313313	-2.41	90.71	13.4	7.25	47.6	49.4	74.3
629314314	-2.35	89.58	13.3	7.44	48.6	50.4	74.7
631315315	-2.27	88.58	13.1	7.69	49.5	51.2	75.2
633316316	-2.21	87.67	12.9	7.91	50.4	52.0	75.6
635317317	-2.15	86.58	12.9	8.11	51.4	53.0	75.9
637318318	-2.09	85.45	12.8	8.34	52.5	54.0	76.3
639319319	-2.03	84.33	12.7	8.62	53.6	55.1	76.7
641320320	-1.97	83.26	12.6	8.87	54.7	56.1	77.0
643321321	-1.91	82.17	12.5	9.11	55.8	57.2	77.4
645322322	-1.86	81.00	12.5	9.36	57.0	58.3	77.7
647323323	-1.82	79.80	12.5	9.59	58.2	59.6	77.9
649324324	-1.76	78.83	12.3	9.92	59.3	60.6	78.3
651325325	-1.72	77.64	12.4	10.15	60.6	61.9	78.5
653326326	-1.70	76.47	12.5	10.26	61.9	63.2	78.6
655327327	-1.65	75.43	12.5	10.57	63.1	64.4	78.8
657328328	-1.62	74.17	12.6	10.74	64.6	65.8	79.0
659329329	-1.60	72.92	12.8	10.90	66.1	67.3	79.0
661330330	-1.58	71.45	13.1	11.05	67.9	69.1	79.1
663331331	-1.54	70.11	13.2	11.34	69.6	70.8	79.3
665332332	-1.51	68.87	13.4	11.51	71.2	72.5	79.4
667333333	-1.52	67.76	13.8	11.46	72.7	74.0	79.2
669334334	-1.51	66.46	14.2	11.52	74.4	75.8	79.2
671335335	-1.50	65.10	14.6	11.61	76.4	77.8	79.2
673336336	-1.48	63.82	14.9	11.79	78.3	79.7	79.2
675337337	-1.49	62.48	15.6	11.69	80.2	81.7	79.0
677338338	-1.50	61.24	16.3	11.60	82.1	83.7	78.8
679339339	-1.52	59.84	17.1	11.48	84.3	86.0	78.5
681340340	-1.53	58.60	17.9	11.39	86.3	88.1	78.3
683341341	-1.57	57.15	19.1	11.12	88.6	90.7	77.8
685342342	-1.57	55.63	20.1	11.09	91.3	93.5	77.6
687343343	-1.59	54.20	21.3	10.95	93.9	96.3	77.2
689344344	-1.64	52.67	23.1	10.62	96.6	99.3	76.6
691345345	-1.66	51.07	24.6	10.50	99.8	102.8	76.1
693346346	-1.69	49.42	26.6	10.29	103.0	106.4	75.5
695347347	-1.75	47.74	29.2	9.93	106.3	110.3	74.6
697348348	-1.78	45.90	31.7	9.81	110.4	114.9	74.0
699349349	-1.82	44.10	34.7	9.59	114.5	119.7	73.1
701350350	-1.86	42.30	38.2	9.35	118.7	124.7	72.2
703351351	-1.91	40.47	42.1	9.12	123.1	130.1	71.1
705352352	-1.96	38.47	46.9	8.91	128.2	136.5	69.9
707353353	-2.00	36.52	52.2	8.71	133.4	143.2	68.6
709354354	-2.07	34.45	59.0	8.42	138.7	150.7	66.9
711355355	-2.12	32.42	66.3	8.23	144.3	158.8	65.3
713356356	-2.16	30.26	75.0	8.10	150.7	168.3	63.5
715357357	-2.22	28.18	85.3	7.88	156.1	177.8	61.3
717358358	-2.27	26.12	96.9	7.68	161.2	188.1	59.0
719359359	-2.34	24.07	110.4	7.47	165.1	198.7	56.2
721360360	-2.40	21.94	126.2	7.29	168.6	210.6	53.2
723361361	-2.45	19.83	143.9	7.13	170.6	223.2	49.9
725362362	-2.50	17.85	162.4	6.99	170.5	235.5	46.4
727363363	-2.55	15.79	183.5	6.85	167.4	248.3	42.4
729364364	-2.61	13.76	205.6	6.72	160.6	260.9	38.0
731365365	-2.65	11.73	228.5	6.61	150.0	273.3	33.3
733366366	-2.68	9.84	249.9	6.53	136.3	284.7	28.6
735367367	-2.70	7.86	271.8	6.48	117.6	296.1	23.4
737368368	-2.72	5.82	291.5	6.44	92.9	306.0	17.7
739369369	-2.74	3.84	306.4	6.40	64.1	313.0	11.8
741370370	-2.75	1.91	314.7	6.36	32.5	316.4	5.9
743371371	-2.76	-0.08	317.0	6.34	-1.3	317.0	-0.2
745372372	-2.77	-1.98	312.3	6.32	-33.2	314.1	-6.1
747373373	-2.78	-4.06	300.7	6.31	-65.4	307.7	-12.3
749374374	-2.80	-5.89	284.5	6.26	-89.1	298.1	-17.4
751375375	-2.80	-7.86	265.1	6.25	-110.3	287.1	-22.6
753376376	-2.79	-9.73	245.7	6.27	-126.9	276.5	-27.3
755377377	-2.80	-11.72	223.8	6.25	-138.5	263.2	-31.7
757378378	-2.80	-13.63	203.6	6.26	-146.3	250.7	-35.7
759379379	-2.80	-15.55	184.3	6.26	-150.6	238.0	-39.3
761380380	-2.81	-17.62	165.1	6.24	-152.0	224.4	-42.6
763381381	-2.84	-19.53	149.3	6.18	-150.1	211.7	-45.2
765382382	-2.84	-21.55	134.4	6.17	-148.2	200.1	-47.8
767383383	-2.86	-23.50	121.8	6.13	-144.9	189.3	-50.0
769384384	-2.88	-25.49	110.6	6.08	-140.7	178.9	-51.8
771385385	-2.93	-27.50	100.8	5.99	-135.6	169.0	-53.4
773386386	-3.00	-29.56	92.5	5.85	-129.5	159.2	-54.5
775387387	-3.07	-31.51	85.6	5.73	-124.2	150.9	-55.4
777388388	-3.14	-33.48	79.6	5.59	-118.9	143.1	-56.2
779389389	-3.23	-35.28	75.1	5.43	-113.8	136.3	-56.6
781390390	-3.34	-37.01	71.3	5.26	-108.9	130.2	-56.8
783391391	-3.45	-38.84	67.8	5.10	-104.1	124.2	-56.9
785392392	-3.57	-40.42	65.2	4.93	-99.9	119.3	-56.9
787393393	-3.70	-41.78	63.3	4.77	-96.2	115.2	-56.7
789394394	-3.82	-43.05	61.8	4.63	-92.9	111.6	-56.4
791395395	-3.91	-44.09	60.5	4.51	-90.4	108.8	-56.2
793396396	-4.01	-45.02	59.5	4.41	-88.1	106.3	-56.0
795397397	-4.05	-45.77	58.5	4.37	-86.8	104.6	-56.0
797398398	-4.03	-46.41	57.2	4.39	-86.2	103.5	-56.4
799399399	-3.96	-46.97	55.7	4.47	-86.4	102.8	-57.2
801400400	-3.83	-47.70	53.5	4.61	-86.9	102.0	-58.4
803401401	-3.67	-48.73	50.5	4.81	-87.2	100.8	-60.0
805402402	-3.45	-50.31	46.2	5.10	-87.2	98.7	-62.1
807403403	-3.24	-52.34	41.6	5.42	-86.1	95.6	-64.2
809404404	-3.05	-54.73	37.0	5.75	-84.2	92.0	-66.3
811405405	-2.89	-57.35	32.8	6.06	-81.5	87.9	-68.1
813406406	-2.76	-60.41	29.0	6.35	-78.0	83.3	-69.6
815407407	-2.69	-63.51	26.1	6.51	-74.3	78.8	-70.6
817408408	-2.62	-66.70	23.6	6.68	-70.6	74.4	-71.6
819409409	-2.58	-69.83	21.6	6.77	-67.1	70.5	-72.2
821410410	-2.58	-72.91	20.1	6.79	-63.7	66.8	-72.5
823411411	-2.57	-76.10	18.7	6.80	-60.4	63.2	-72.8
825412412	-2.58	-79.10	17.6	6.78	-57.4	60.0	-72.9
827413413	-2.59	-82.02	16.7	6.76	-54.7	57.2	-73.0
829414414	-2.61	-84.83	16.0	6.70	-52.1	54.5	-72.9
831415415	-2.64	-87.66	15.3	6.63	-49.7	52.0	-72.8
833416416	-2.66	-90.32	14.7	6.59	-47.5	49.7	-72.7
835417417	-2.67	-93.03	14.2	6.56	-45.4	47.5	-72.6
837418418	-2.70	-95.56	13.8	6.48	-43.4	45.6	-72.4
839419419	-2.72	-98.04	13.4	6.44	-41.6	43.7	-72.2
841420420	-2.73	-100.57	13.0	6.41	-39.9	41.9	-72.0
843421421	-2.74	-103.02	12.6	6.40	-38.2	40.2	-71.8
845422422	-2.75	-105.26	12.2	6.37	-36.7	38.7	-71.6
847423423	-2.79	-107.43	12.1	6.29	-35.3	37.3	-71.1
849424424	-2.80	-109.65	11.8	6.27	-33.9	35.9	-70.8
851425425	-2.81	-111.81	11.6	6.23	-32.6	34.6	-70.5
853426426	-2.81	-113.95	11.3	6.23	-31.3	33.3	-70.2
855427427	-2.83	-115.95	11.1	6.19	-30.2	32.1	-69.8
857428428	-2.87	-117.93	11.0	6.12	-29.0	31.0	-69.2
859429429	-2.89	-119.85	10.9	6.07	-27.9	30.0	-68.7
861430430	-2.90	-121.86	10.7	6.05	-26.8	28.9	-68.2
863431431	-2.91	-123.77	10.6	6.02	-25.8	27.9	-67.7
865432432	-2.91	-125.64	10.4	6.02	-24.8	26.9	-67.2
867433433	-2.94	-127.50	10.3	5.97	-23.8	26.0	-66.5
869434434	-2.99	-129.42	10.3	5.87	-22.8	25.0	-65.6
871435435	-3.00	-131.23	10.2	5.85	-21.9	24.2	-64.9
873436436	-3.03	-133.04	10.2	5.80	-21.0	23.3	-64.1
875437437	-3.07	-134.86	10.2	5.72	-20.0	22.5	-63.1
877438438	-3.08	-136.74	10.1	5.70	-19.1	21.6	-62.1
879439439	-3.11	-138.56	10.1	5.64	-18.2	20.8	-61.1
881440440	-3.16	-140.38	10.1	5.56	-17.4	20.1	-59.8
883441441	-3.15	-142.09	10.0	5.58	-16.6	19.3	-58.9
885442442	-3.17	-143.82	10.0	5.54	-15.7	18.6	-57.7
887443443	-3.18	-145.66	9.9	5.52	-14.9	17.9	-56.4
889444444	-3.19	-147.44	9.8	5.50	-14.1	17.2	-55.1
891445445	-3.20	-149.32	9.8	5.49	-13.2	16.4	-53.6
893446446	-3.20	-151.08	9.7	5.49	-12.4	15.8	-52.1
895447447	-3.21	-152.84	9.7	5.47	-11.7	15.1	-50.3
897448448	-3.21	-154.58	9.6	5.47	-10.9	14.5	-48.6
899449449	-3.22	-156.29	9.6	5.45	-10.1	13.9	-46.6
901450450	-3.20	-158.13	9.4	5.49	-9.3	13.3	-44.7
903451451	-3.19	-159.90	9.4	5.51	-8.6	12.7	-42.5
905452452	-3.17	-161.57	9.2	5.55	-7.8	12.1	-40.3
907453453	-3.14	-163.27	9.1	5.59	-7.1	11.6	-37.9
909454454	-3.11	-164.95	9.0	5.65	-6.4	11.0	-35.4
911455455	-3.08	-166.64	8.9	5.70	-5.7	10.5	-32.5
913456456	-3.04	-168.29	8.7	5.78	-5.0	10.1	-29.6
915457457	-3.00	-169.86	8.6	5.85	-4.3	9.6	-26.6
917458458	-2.96	-171.44	8.5	5.92	-3.6	9.2	-23.2
919459459	-2.92	-173.01	8.4	6.01	-3.0	8.9	-19.6
921460460	-2.86	-174.54	8.2	6.13	-2.3	8.5	-15.8
923461461	-2.81	-176.02	8.0	6.23	-1.7	8.2	-11.9
925462462	-2.76	-177.48	7.9	6.36	-1.1	7.9	-7.8
927463463	-2.70	-179.00	7.7	6.48	-0.4	7.7	-3.2
929464464	-2.65	179.65	7.6	6.60	0.1	7.6	1.1
931465465	-2.59	178.21	7.4	6.75	0.8	7.4	5.9
933466466	-2.54	176.91	7.3	6.88	1.3	7.4	10.3
935467467	-2.49	175.55	7.1	7.03	1.9	7.4	15.0
937468468	-2.41	174.30	6.9	7.24	2.4	7.3	19.4
939469469	-2.35	172.99	6.8	7.42	3.0	7.4	24.0
941470470	-2.29	171.72	6.6	7.64	3.6	7.5	28.4
943471471	-2.25	170.52	6.5	7.77	4.1	7.7	32.2
945472472	-2.18	169.26	6.3	8.00	4.6	7.8	36.3
947473473	-2.14	168.06	6.2	8.16	5.1	8.1	39.7
949474474	-2.07	166.83	6.0	8.42	5.7	8.3	43.4
951475475	-2.02	165.60	5.9	8.66	6.2	8.6	46.7
953476476	-1.95	164.38	5.7	8.96	6.8	8.8	50.0
955477477	-1.91	163.16	5.6	9.16	7.3	9.2	52.6
957478478	-1.85	162.00	5.4	9.44	7.8	9.5	55.3
959479479	-1.80	160.89	5.3	9.70	8.3	9.9	57.5
961480480	-1.74	159.70	5.2	10.00	8.9	10.2	59.8
963481481	-1.69	158.55	5.0	10.30	9.4	10.6	61.8
965482482	-1.65	157.39	4.9	10.54	9.9	11.1	63.5
967483483	-1.60	156.21	4.8	10.88	10.4	11.5	65.3
969484484	-1.54	154.95	4.7	11.28	11.0	12.0	67.1
971485485	-1.49	153.79	4.5	11.68	11.6	12.4	68.7
973486486	-1.44	152.58	4.4	12.07	12.1	12.9	70.1
975487487	-1.40	151.36	4.3	12.44	12.7	13.4	71.3
977488488	-1.34	150.15	4.1	13.00	13.2	13.9	72.7
979489489	-1.30	148.82	4.0	13.37	13.9	14.4	73.8
981490490	-1.26	147.42	3.9	13.80	14.5	15.0	74.9
983491491	-1.21	146.16	3.8	14.41	15.1	15.6	75.9
985492492	-1.16	144.91	3.7	15.03	15.7	16.1	76.9
987493493	-1.11	143.60	3.5	15.65	16.4	16.7	77.8
989494494	-1.06	142.11	3.4	16.39	17.1	17.4	78.7
991495495	-1.00	140.72	3.2	17.34	17.8	18.1	79.6
993496496	-0.97	139.26	3.2	17.94	18.5	18.8	80.3
995497497	-0.92	137.85	3.0	18.87	19.2	19.4	81.0
997498498	-0.87	136.28	2.9	20.02	20.0	20.2	81.8
999499499	-0.83	134.96	2.8	21.03	20.7	20.9	82.3
1001500500	-0.78	133.48	2.7	22.22	21.4	21.6	82.9
1003501501	-0.73	131.93	2.5	23.90	22.2	22.4	83.6
1005502502	-0.67	130.43	2.3	26.05	23.0	23.2	84.2
1007503503	-0.64	128.91	2.2	27.33	23.9	24.0	84.6
1009504504	-0.58	127.34	2.1	30.04	24.7	24.8	85.2
1011505505	-0.51	125.66	1.8	34.21	25.6	25.7	85.9
1013506506	-0.45	124.17	1.6	39.00	26.5	26.5	86.5
1015507507	-0.40	122.58	1.5	43.83	27.4	27.4	86.9
1017508508	-0.34	120.98	1.3	51.00	28.3	28.3	87.4
1019509509	-0.28	119.26	1.1	61.29	29.3	29.3	87.9
1021510510	-0.24	117.60	0.9	72.61	30.3	30.3	88.2
1023511511	-0.21	116.08	0.9	81.53	31.2	31.2	88.4
1025512512	-0.18	114.51	0.7	94.29	32.2	32.2	88.7
1027513513	-0.12	112.75	0.5	142.33	33.2	33.3	89.1
1029514514	-0.08	111.11	0.4	207.41	34.3	34.3	89.4
1031515515	-0.05	109.29	0.2	354.43	35.5	35.5	89.7
1033516516	-0.03	107.60	0.1	536.63	36.6	36.6	89.8
1035517517	-0.01	105.93	0.1	318.74	37.7	37.7	89.9
1037518518	0.00	104.15	0.0	?	39.0	39.0	90.0
1039519519	0.00	102.31	0.0	?	40.3	40.3	90.0
1041520520	-0.01	100.37	0.0	137.05	41.7	41.7	89.9
1043521521	-0.01	98.66	0.0	639.06	43.0	43.0	90.0
1045522522	-1.28	158.92	3.8	13.63	9.3	10.0	67.7
1047523523	0.00	143.63	0.0	?	16.4	16.4	90.0
1049524524	-0.62	91.93	3.4	28.13	48.2	48.3	85.9
1051525525	-1.22	84.99	7.6	14.31	54.0	54.5	82.0
1053526526	-1.28	82.51	8.4	13.64	56.3	56.9	81.5
1055527527	-1.35	80.34	9.2	12.94	58.4	59.1	81.0
1057528528	-1.43	77.95	10.2	12.21	60.8	61.6	80.4
1059529529	-1.46	75.58	11.0	11.96	63.3	64.2	80.1
1061530530	-1.53	73.32	12.2	11.36	65.7	66.9	79.5
1063531531	-1.62	70.82	13.6	10.78	68.6	69.9	78.8
1065532532	-1.70	68.22	15.2	10.23	71.6	73.2	78.0
1067533533	-1.82	65.78	17.3	9.58	74.5	76.5	77.0
1069534534	-1.92	63.37	19.3	9.10	77.6	79.9	76.0
1071535535	-2.05	60.61	22.2	8.52	81.1	84.1	74.7
1073536536	-2.17	58.00	25.2	8.05	84.6	88.2	73.4
1075537537	-2.32	55.41	28.9	7.53	87.9	92.5	71.8
1077538538	-2.52	52.60	33.9	6.93	91.3	97.4	69.6
1079539539	-2.71	49.80	39.3	6.47	94.6	102.5	67.5
1081540540	-2.93	47.19	45.5	5.99	97.1	107.2	64.9
1083541541	-3.15	44.28	52.9	5.57	99.6	112.7	62.0
1085542542	-3.40	41.55	61.0	5.17	100.7	117.7	58.8
1087543543	-3.69	38.71	70.3	4.78	100.5	122.6	55.0
1089544544	-4.01	35.68	80.7	4.41	98.4	127.3	50.6
1091545545	-4.38	32.62	91.4	4.05	93.7	130.9	45.7
1093546546	-4.75	29.69	100.9	3.75	87.0	133.2	40.7
1095547547	-5.14	26.46	110.0	3.48	78.2	134.9	35.4
1097548548	-5.54	23.25	116.9	3.24	67.7	135.1	30.1
1099549549	-6.06	19.41	121.8	2.98	53.5	133.0	23.7
1101550550	-6.59	16.00	122.3	2.76	40.4	128.8	18.3
1103551551	-7.16	11.54	121.2	2.56	26.3	124.0	12.3
1105552552	-7.81	7.04	116.6	2.37	13.9	117.4	6.8
1107553553	-8.52	2.53	109.8	2.20	4.2	109.9	2.2
1109554554	-9.24	-2.76	102.5	2.05	-3.9	102.6	-2.2
1111555555	-10.04	-8.33	94.6	1.92	-9.6	95.1	-5.8
1113556556	-10.85	-14.49	87.1	1.80	-13.6	88.1	-8.9
1115557557	-11.59	-21.55	80.3	1.72	-16.7	82.0	-11.7
1117558558	-12.37	-29.40	73.8	1.63	-18.5	76.0	-14.1
1119559559	-13.09	-38.91	67.5	1.57	-19.8	70.3	-16.3
1121560560	-13.74	-49.44	61.8	1.52	-20.2	65.0	-18.1
1123561561	-14.23	-60.03	57.0	1.48	-20.0	60.4	-19.3
1125562562	-14.45	-71.77	52.5	1.47	-19.6	56.1	-20.5
1127563563	-14.46	-83.72	48.5	1.47	-18.9	52.0	-21.3
1129564564	-14.25	-94.86	45.0	1.48	-18.0	48.4	-21.9
1131565565	-13.89	-105.28	41.8	1.51	-17.0	45.1	-22.1
1133566566	-13.27	-114.80	38.8	1.55	-16.0	41.9	-22.5
1135567567	-12.70	-123.60	36.1	1.60	-14.7	39.0	-22.2
1137568568	-12.18	-131.03	33.9	1.65	-13.4	36.5	-21.6
1139569569	-11.63	-137.68	32.0	1.71	-12.1	34.2	-20.8
1141570570	-11.00	-144.13	30.0	1.79	-10.8	31.8	-19.7
1143571571	-10.48	-149.81	28.3	1.85	-9.4	29.8	-18.3
1145572572	-9.93	-155.16	26.7	1.94	-8.0	27.9	-16.6
1147573573	-9.41	-160.17	25.3	2.02	-6.6	26.1	-14.5
1149574574	-8.90	-164.67	23.9	2.12	-5.2	24.5	-12.3
1151575575	-8.45	-169.05	22.7	2.22	-3.8	23.1	-9.5
1153576576	-7.99	-173.10	21.6	2.32	-2.5	21.7	-6.5
1155577577	-7.61	-177.04	20.6	2.43	-1.1	20.6	-3.0
1157578578	-7.18	179.14	19.6	2.56	0.3	19.6	0.9
1159579579	-6.83	175.82	18.7	2.67	1.6	18.8	4.8
1161580580	-6.46	172.36	17.9	2.81	2.9	18.1	9.3
1163581581	-6.13	169.01	17.1	2.95	4.3	17.6	14.0
1165582582	-5.80	165.96	16.3	3.10	5.5	17.2	18.7
1167583583	-5.52	162.84	15.7	3.25	6.8	17.1	23.5
1169584584	-5.24	159.68	15.1	3.42	8.2	17.1	28.5
1171585585	-5.01	156.74	14.6	3.56	9.4	17.4	32.9
1173586586	-4.80	154.03	14.1	3.71	10.7	17.7	37.0
1175587587	-4.58	151.21	13.7	3.88	11.9	18.1	41.1
1177588588	-4.40	148.58	13.3	4.03	13.1	18.7	44.6
1179589589	-4.21	145.94	12.9	4.21	14.4	19.3	48.0
1181590590	-4.10	143.47	12.8	4.31	15.5	20.1	50.5
1183591591	-3.97	140.87	12.6	4.45	16.8	21.0	53.1
1185592592	-3.89	138.26	12.5	4.54	18.0	21.9	55.2
1187593593	-3.83	135.87	12.5	4.61	19.2	22.9	56.8
1189594594	-3.79	133.62	12.6	4.65	20.3	23.9	58.1
1191595595	-3.74	131.58	12.6	4.71	21.3	24.7	59.3
1193596596	-3.69	129.23	12.7	4.77	22.5	25.8	60.5
1195597597	-3.70	127.05	13.0	4.76	23.5	26.9	61.2
1197598598	-3.71	125.21	13.2	4.75	24.5	27.8	61.7
1199599599	-3.70	122.98	13.4	4.77	25.6	28.9	62.4
1201600600	-3.70	121.23	13.6	4.77	26.5	29.8	62.8
1203601601	-3.73	119.25	14.0	4.73	27.6	30.9	63.1
1205602602	-3.71	117.63	14.2	4.75	28.5	31.8	63.5
1207603603	-3.73	115.89	14.5	4.73	29.4	32.8	63.8
1209604604	-3.73	114.23	14.7	4.73	30.3	33.7	64.1
1211605605	-3.71	112.37	14.9	4.75	31.4	34.8	64.5
1213606606	-3.66	110.55	15.1	4.82	32.5	35.8	65.1
1215607607	-3.66	109.12	15.3	4.81	33.3	36.7	65.3
1217608608	-3.68	107.68	15.6	4.80	34.2	37.6	65.4
1219609609	-3.59	106.25	15.6	4.90	35.1	38.4	66.1
1221610610	-3.50	104.47	15.5	5.03	36.3	39.5	66.8
1223611611	-3.42	102.97	15.5	5.15	37.4	40.5	67.5
1225612612	-3.30	101.49	15.3	5.33	38.5	41.4	68.4
1227613613	-3.17	99.65	15.1	5.53	39.9	42.7	69.2
1229614614	-3.00	97.95	14.7	5.84	41.3	43.9	70.4
1231615615	-2.75	96.11	13.9	6.37	43.0	45.2	72.1
1233616616	-2.52	94.07	13.2	6.93	44.8	46.7	73.5
1235617617	-2.25	91.71	12.3	7.77	47.0	48.6	75.3
1237618618	-1.98	88.67	11.5	8.81	49.8	51.1	77.0
1239619619	-1.74	85.42	10.7	10.03	53.0	54.1	78.6
1241620620	-1.50	82.08	9.9	11.62	56.5	57.3	80.1
1243621621	-1.26	78.20	9.0	13.86	60.7	61.4	81.6
1245622622	-1.01	74.12	8.0	17.16	65.6	66.1	83.1
1247623623	-0.82	69.72	7.2	21.17	71.3	71.7	84.2
1249624624	-0.64	65.33	6.3	27.34	77.6	77.9	85.4
1251625625	-0.45	60.67	5.1	38.33	85.2	85.4	86.6
1253626626	-0.35	56.05	4.6	48.96	93.8	93.9	87.2
1255627627	-0.28	51.21	4.3	62.68	104.2	104.3	87.7
1257628628	-0.26	46.64	4.7	67.75	115.8	115.9	87.7
1259629629	-0.19	41.96	4.3	90.54	130.3	130.3	88.1
1261630630	-0.19	37.06	5.3	93.30	149.0	149.1	88.0
1263631631	-0.19	32.51	7.1	89.43	171.2	171.4	87.6
1265632632	-0.26	28.07	12.9	65.83	199.3	199.7	86.3
1267633633	-0.32	23.67	22.0	53.58	236.7	237.7	84.7
1269634634	-0.42	19.27	42.1	41.57	288.6	291.7	81.7
1271635635	-0.51	15.22	80.3	33.84	356.5	365.5	77.3
1273636636	-0.66	11.15	173.9	26.49	444.9	477.7	68.7
1275637637	-0.84	7.42	371.0	20.73	495.2	618.8	53.2
1277638638	-0.99	3.40	692.9	17.62	360.4	781.0	27.5
1279639639	-1.13	-0.13	766.5	15.34	-13.6	766.6	-1.0
1281640640	-1.28	-3.75	567.5	13.57	-250.4	620.3	-23.8
1283641641	-1.44	-7.25	382.6	12.09	-289.9	480.0	-37.1
1285642642	-1.66	-10.72	268.7	10.49	-259.9	373.9	-44.1
1287643643	-1.85	-13.99	204.6	9.45	-231.0	308.6	-48.5
1289644644	-2.03	-17.34	161.8	8.61	-204.7	260.9	-51.7
1291645645	-2.23	-20.99	130.4	7.85	-180.2	222.5	-54.1
1293646646	-2.42	-24.10	111.9	7.21	-161.5	196.5	-55.3
1295647647	-2.60	-27.15	97.8	6.73	-146.9	176.5	-56.3
1297648648	-2.81	-30.29	87.0	6.23	-133.1	159.0	-56.8
1299649649	-3.00	-33.67	77.3	5.85	-121.5	144.0	-57.6
1301650650	-3.17	-36.87	69.8	5.53	-112.1	132.1	-58.1
1303651651	-3.34	-40.19	63.3	5.27	-103.8	121.6	-58.6
1305652652	-3.47	-43.20	58.3	5.07	-97.3	113.4	-59.1
1307653653	-3.65	-46.31	54.2	4.83	-90.7	105.6	-59.1
1309654654	-3.79	-49.55	50.2	4.66	-85.0	98.7	-59.4
1311655655	-3.92	-52.42	47.2	4.51	-80.3	93.2	-59.5
1313656656	-4.04	-55.49	44.3	4.38	-75.8	87.8	-59.7
1315657657	-4.12	-58.61	41.5	4.30	-71.9	83.0	-60.0
1317658658	-4.21	-61.36	39.3	4.21	-68.5	79.0	-60.1
1319659659	-4.28	-64.32	37.1	4.14	-65.3	75.1	-60.4
1321660660	-4.31	-67.26	35.0	4.11	-62.4	71.5	-60.7
1323661661	-4.35	-69.91	33.3	4.07	-59.8	68.5	-60.9
1325662662	-4.37	-72.75	31.5	4.06	-57.3	65.4	-61.2
1327663663	-4.40	-75.36	30.1	4.03	-55.1	62.8	-61.3
1329664664	-4.42	-77.95	28.8	4.01	-52.9	60.2	-61.5
1331665665	-4.41	-80.43	27.5	4.02	-51.1	58.0	-61.7
1333666666	-4.40	-82.70	26.3	4.03	-49.4	56.0	-61.9
1335667667	-4.39	-84.92	25.3	4.04	-47.8	54.1	-62.1
1337668668	-4.37	-86.96	24.4	4.06	-46.4	52.4	-62.3
1339669669	-4.35	-89.19	23.4	4.08	-44.9	50.6	-62.4
1341670670	-4.30	-91.18	22.5	4.12	-43.6	49.1	-62.7
1343671671	-4.29	-93.29	21.7	4.13	-42.2	47.5	-62.8
1345672672	-4.26	-95.27	21.0	4.16	-41.0	46.1	-62.9
1347673673	-4.18	-97.05	20.2	4.23	-40.0	44.8	-63.2
1349674674	-4.14	-98.82	19.5	4.28	-38.9	43.5	-63.4
1351675675	-4.12	-100.40	19.0	4.30	-38.0	42.5	-63.4
1353676676	-4.10	-101.91	18.6	4.31	-37.1	41.5	-63.4
1355677677	-4.02	-103.55	17.8	4.40	-36.2	40.3	-63.8
1357678678	-3.97	-105.24	17.3	4.45	-35.2	39.2	-63.9
1359679679	-3.95	-106.92	16.8	4.48	-34.3	38.2	-63.8
1361680680	-3.89	-108.16	16.4	4.54	-33.6	37.4	-64.0
1363681681	-3.85	-109.58	16.0	4.58	-32.8	36.5	-64.1
1365682682	-3.78	-110.90	15.5	4.66	-32.1	35.7	-64.3
1367683683	-3.75	-112.39	15.1	4.71	-31.3	34.8	-64.3
1369684684	-3.69	-113.83	14.6	4.77	-30.6	33.9	-64.4
1371685685	-3.65	-115.06	14.3	4.82	-29.9	33.2	-64.4
1373686686	-3.61	-116.13	14.0	4.89	-29.4	32.5	-64.6
1375687687	-3.57	-117.31	13.7	4.94	-28.8	31.9	-64.6
1377688688	-3.53	-118.62	13.4	4.99	-28.1	31.1	-64.6
1379689689	-3.44	-119.89	12.9	5.11	-27.5	30.3	-64.9
1381690690	-3.40	-121.03	12.6	5.18	-26.9	29.7	-64.9
1383691691	-3.37	-121.96	12.4	5.22	-26.4	29.2	-64.9
1385692692	-3.31	-123.21	12.0	5.31	-25.8	28.5	-65.0
1387693693	-3.27	-124.49	11.8	5.37	-25.2	27.8	-64.9
1389694694	-3.23	-125.40	11.5	5.44	-24.7	27.3	-65.0
1391695695	-3.16	-126.56	11.2	5.56	-24.2	26.6	-65.2
1393696696	-3.11	-127.36	10.9	5.65	-23.8	26.2	-65.3
1395697697	-3.03	-128.48	10.6	5.79	-23.2	25.5	-65.5
1397698698	-2.98	-129.54	10.3	5.88	-22.7	25.0	-65.6
1399699699	-2.92	-130.36	10.1	6.00	-22.3	24.5	-65.8
1401700700	-2.86	-131.36	9.8	6.13	-21.9	24.0	-66.0
1403701701	-2.79	-132.23	9.5	6.28	-21.5	23.5	-66.2
1405702702	-2.73	-133.13	9.2	6.42	-21.1	23.0	-66.4
1407703703	-2.67	-133.93	9.0	6.56	-20.7	22.5	-66.6
1409704704	-2.60	-134.67	8.7	6.73	-20.3	22.1	-66.9
1411705705	-2.53	-135.48	8.4	6.91	-20.0	21.7	-67.1
1413706706	-2.49	-136.19	8.2	7.02	-19.6	21.3	-67.2
1415707707	-2.41	-136.96	8.0	7.24	-19.3	20.9	-67.6
1417708708	-2.35	-137.67	7.7	7.44	-19.0	20.5	-67.9
1419709709	-2.27	-138.25	7.4	7.71	-18.7	20.1	-68.4
1421710710	-2.22	-139.01	7.2	7.88	-18.3	19.7	-68.5
1423711711	-2.14	-139.83	6.9	8.17	-18.0	19.3	-68.9
1425712712	-2.08	-140.15	6.7	8.40	-17.8	19.1	-69.3
1427713713	-1.99	-140.83	6.4	8.77	-17.5	18.7	-69.9
1429714714	-1.91	-141.47	6.1	9.12	-17.2	18.3	-70.4
1431715715	-1.85	-141.97	5.9	9.44	-17.0	18.0	-70.8
1433716716	-1.78	-142.36	5.7	9.78	-16.8	17.8	-71.3
1435717717	-1.74	-142.94	5.5	10.05	-16.6	17.5	-71.5
1437718718	-1.66	-143.45	5.3	10.47	-16.3	17.2	-72.1
1439719719	-1.61	-143.90	5.1	10.83	-16.1	16.9	-72.5
1441720720	-1.50	-144.27	4.7	11.64	-16.0	16.7	-73.5
1443721721	-1.43	-144.52	4.5	12.14	-15.9	16.5	-74.1
1445722722	-1.37	-144.94	4.3	12.68	-15.7	16.3	-74.6
1447723723	-1.32	-145.29	4.2	13.22	-15.5	16.1	-75.0
1449724724	-1.28	-145.70	4.0	13.59	-15.3	15.9	-75.3
1451725725	-1.23	-145.97	3.9	14.17	-15.2	15.7	-75.8
1453726726	-1.17	-146.35	3.7	14.88	-15.0	15.5	-76.3
1455727727	-1.11	-146.64	3.5	15.73	-14.9	15.3	-76.9
1457728728	-1.07	-146.75	3.3	16.31	-14.9	15.2	-77.3
1459729729	-1.03	-147.06	3.2	16.81	-14.7	15.1	-77.6
1461730730	-1.00	-147.36	3.1	17.37	-14.6	14.9	-77.9
1463731731	-0.94	-147.54	2.9	18.40	-14.5	14.8	-78.5
1465732732	-0.90	-147.79	2.8	19.37	-14.4	14.7	-79.0
1467733733	-0.86	-147.95	2.7	20.22	-14.3	14.6	-79.4
1469734734	-0.83	-148.15	2.6	21.04	-14.2	14.5	-79.8
1471735735	-0.79	-148.37	2.5	22.00	-14.1	14.3	-80.1
1473736736	-0.80	-148.49	2.5	21.62	-14.1	14.3	-79.9
1475737737	-0.76	-148.71	2.4	22.86	-14.0	14.2	-80.4
1477738738	-0.75	-148.64	2.3	23.32	-14.0	14.2	-80.6
1479739739	-0.68	-149.05	2.1	25.55	-13.8	14.0	-81.3
1481740740	-0.67	-149.12	2.1	25.98	-13.8	13.9	-81.5
1483741741	-0.65	-149.29	2.0	26.75	-13.7	13.9	-81.7
1485742742	-0.67	-149.59	2.1	25.96	-13.6	13.7	-81.3
1487743743	-0.64	-149.75	2.0	27.23	-13.5	13.6	-81.7
1489744744	-0.63	-149.97	1.9	27.61	-13.4	13.5	-81.8
1491745745	-0.64	-150.10	2.0	27.17	-13.3	13.5	-81.6
1493746746	-0.61	-150.33	1.9	28.56	-13.2	13.4	-81.9
1495747747	-0.62	-150.51	1.9	27.87	-13.1	13.3	-81.7
1497748748	-0.62	-150.51	1.9	27.88	-13.1	13.3	-81.7
1499749749	-0.62	-150.78	1.9	27.90	-13.0	13.2	-81.6
1501750750	-0.61	-151.06	1.9	28.68	-12.9	13.0	-81.8
1503751751	-0.60	-151.28	1.9	28.79	-12.8	12.9	-81.8
1505752752	-0.60	-151.61	1.8	29.02	-12.6	12.8	-81.7
1507753753	-0.60	-151.88	1.8	29.03	-12.5	12.6	-81.7
1509754754	-0.60	-152.26	1.8	29.03	-12.3	12.5	-81.6
1511755755	-0.62	-152.47	1.9	28.21	-12.2	12.4	-81.3
1513756756	-0.62	-152.74	1.9	28.22	-12.1	12.3	-81.2
1515757757	-0.66	-153.16	2.0	26.24	-11.9	12.1	-80.4
1517758758	-0.62	-153.18	1.9	28.21	-11.9	12.1	-81.1
1519759759	-0.62	-153.53	1.9	28.15	-11.7	11.9	-80.9
1521760760	-0.63	-153.94	1.9	27.68	-11.6	11.7	-80.6
1523761761	-0.63	-154.23	1.9	27.68	-11.4	11.6	-80.6
1525762762	-0.58	-155.28	1.7	30.18	-10.9	11.1	-81.0
1527763763	-0.52	-156.63	1.6	33.47	-10.3	10.4	-81.4
1529764764	-0.56	-155.52	1.7	31.22	-10.8	11.0	-81.2
1531765765	-0.60	-155.29	1.8	28.91	-10.9	11.1	-80.6
1533766766	-0.63	-155.66	1.9	27.72	-10.8	10.9	-80.1
1535767767	-0.58	-155.91	1.7	29.97	-10.7	10.8	-80.7
1537768768	-0.59	-156.32	1.8	29.54	-10.5	10.6	-80.4
1539769769	-0.57	-156.91	1.7	30.42	-10.2	10.3	-80.5
1541770770	-0.60	-157.61	1.8	29.14	-9.9	10.0	-79.8
1543771771	-0.61	-157.75	1.8	28.43	-9.8	10.0	-79.5
1545772772	-0.60	-158.02	1.8	29.17	-9.7	9.9	-79.6
1547773773	-0.56	-158.82	1.7	30.91	-9.3	9.5	-79.8
1549774774	-0.57	-159.07	1.7	30.28	-9.2	9.4	-79.5
1551775775	-0.58	-159.55	1.7	29.96	-9.0	9.2	-79.2
1553776776	-0.55	-159.85	1.6	31.68	-8.9	9.0	-79.6
1555777777	-0.54	-160.29	1.6	32.20	-8.7	8.8	-79.6
1557778778	-0.54	-160.79	1.6	32.20	-8.5	8.6	-79.3
1559779779	-0.51	-161.07	1.5	34.32	-8.3	8.5	-79.8
1561780780	-0.51	-161.44	1.5	33.83	-8.2	8.3	-79.5
1563781781	-0.48	-161.82	1.4	36.35	-8.0	8.1	-80.0
1565782782	-0.43	-162.24	1.3	40.16	-7.8	7.9	-80.7
1567783783	-0.39	-162.65	1.2	44.18	-7.6	7.7	-81.4
1569784784	-0.38	-163.05	1.1	45.92	-7.4	7.5	-81.5
1571785785	-0.36	-163.28	1.0	48.68	-7.3	7.4	-81.9
1573786786	-0.32	-163.59	0.9	54.41	-7.2	7.3	-82.6
1575787787	-0.28	-164.06	0.8	61.40	-7.0	7.0	-83.2
1577788788	-0.22	-164.11	0.6	79.73	-7.0	7.0	-84.8
1579789789	-0.18	-164.48	0.5	97.05	-6.8	6.8	-85.6
1581790790	-0.11	-164.94	0.3	154.28	-6.6	6.6	-87.1
1583791791	-0.04	-165.10	0.1	415.90	-6.5	6.5	-88.9
1585792792	0.00	-165.58	0.0	?	-6.3	6.3	-90.0
1587793793	0.00	-165.87	0.0	?	-6.2	6.2	-90.0
1589794794	0.00	-166.17	0.0	?	-6.1	6.1	-90.0
1591795795	0.00	-166.56	0.0	?	-5.9	5.9	-90.0
1593796796	0.00	-166.92	0.0	?	-5.7	5.7	-90.0
1595797797	0.00	-167.17	0.0	?	-5.6	5.6	-90.0
1597798798	0.00	-167.56	0.0	?	-5.5	5.5	-90.0
1599799799	0.00	-168.04	0.0	?	-5.2	5.2	-90.0
1601800800	0.00	-168.43	0.0	?	-5.1	5.1	-90.0
1603801801	0.00	-168.87	0.0	?	-4.9	4.9	-90.0
1605802802	0.00	-169.17	0.0	?	-4.7	4.7	-90.0
1607803803	0.00	-169.49	0.0	?	-4.6	4.6	-90.0
1609804804	0.00	-170.21	0.0	?	-4.3	4.3	-90.0
1611805805	0.00	-170.40	0.0	?	-4.2	4.2	-90.0
1613806806	0.00	-170.85	0.0	?	-4.0	4.0	-90.0
1615807807	0.00	-171.25	0.0	?	-3.8	3.8	-90.0
1617808808	0.00	-171.87	0.0	?	-3.6	3.6	-90.0
1619809809	0.00	-172.38	0.0	?	-3.3	3.3	-90.0
1621810810	0.00	-172.94	0.0	?	-3.1	3.1	-90.0
1623811811	0.00	-173.05	0.0	?	-3.0	3.0	-90.0
1625812812	0.00	-173.51	0.0	?	-2.8	2.8	-90.0
1627813813	0.00	-173.95	0.0	?	-2.6	2.6	-90.0
1629814814	0.00	-174.39	0.0	?	-2.5	2.5	-90.0
1631815815	0.00	-174.74	0.0	?	-2.3	2.3	-90.0
1633816816	0.00	-175.32	0.0	?	-2.0	2.0	-90.0
1635817817	0.00	-175.62	0.0	?	-1.9	1.9	-90.0
1637818818	0.00	-176.17	0.0	?	-1.7	1.7	-90.0
1639819819	0.00	-176.67	0.0	?	-1.5	1.5	-90.0
1641820820	0.00	-177.12	0.0	?	-1.3	1.3	-90.0
1643821821	0.00	-177.62	0.0	?	-1.0	1.0	-90.0
1645822822	0.00	-177.97	0.0	?	-0.9	0.9	-90.0
1647823823	0.00	-178.32	0.0	?	-0.7	0.7	-90.0
1649824824	0.00	-178.70	0.0	?	-0.6	0.6	-90.0
1651825825	0.00	-179.16	0.0	?	-0.4	0.4	-90.0
1653826826	0.00	-179.53	0.0	?	-0.2	0.2	-90.0
1655827827	0.00	179.92	0.0	?	0.0	0.0	90.0
1657828828	0.00	179.50	0.0	?	0.2	0.2	90.0
1659829829	0.00	179.00	0.0	?	0.4	0.4	90.0
1661830830	0.00	178.77	0.0	?	0.5	0.5	90.0
1663831831	0.00	178.22	0.0	?	0.8	0.8	90.0
1665832832	0.00	177.86	0.0	?	0.9	0.9	90.0
1667833833	0.00	177.24	0.0	?	1.2	1.2	90.0
1669834834	0.00	176.41	0.0	?	1.6	1.6	90.0
1671835835	0.00	175.77	0.0	?	1.8	1.8	90.0
1673836836	0.00	175.22	0.0	?	2.1	2.1	90.0
1675837837	0.00	174.62	0.0	?	2.3	2.3	90.0
1677838838	0.00	174.04	0.0	?	2.6	2.6	90.0
1679839839	0.00	173.30	0.0	?	2.9	2.9	90.0
1681840840	0.00	172.51	0.0	?	3.3	3.3	90.0
1683841841	0.00	171.91	0.0	?	3.5	3.5	90.0
1685842842	0.00	171.17	0.0	?	3.9	3.9	90.0
1687843843	0.00	170.29	0.0	?	4.2	4.2	90.0
1689844844	0.00	169.68	0.0	?	4.5	4.5	90.0
1691845845	0.00	169.02	0.0	?	4.8	4.8	90.0
1693846846	0.00	167.82	0.0	?	5.3	5.3	90.0
1695847847	0.00	167.27	0.0	?	5.6	5.6	90.0
1697848848	0.00	166.72	0.0	?	5.8	5.8	90.0
1699849849	0.00	166.30	0.0	?	6.0	6.0	90.0
1701850850	0.00	165.36	0.0	?	6.4	6.4	90.0
1703851851	0.00	164.70	0.0	?	6.7	6.7	90.0
1705852852	0.00	164.01	0.0	?	7.0	7.0	90.0
1707853853	0.00	163.14	0.0	?	7.4	7.4	90.0
1709854854	0.00	162.64	0.0	?	7.6	7.6	90.0
1711855855	0.00	162.12	0.0	?	7.9	7.9	90.0
1713856856	0.00	161.36	0.0	?	8.2	8.2	90.0
1715857857	0.00	160.83	0.0	?	8.4	8.4	90.0
1717858858	0.00	160.09	0.0	?	8.8	8.8	90.0
1719859859	0.00	160.11	0.0	?	8.8	8.8	90.0
1721860860	0.00	159.78	0.0	?	8.9	8.9	90.0
1723861861	0.00	159.32	0.0	?	9.1	9.1	90.0
1725862862	0.00	159.11	0.0	?	9.2	9.2	90.0
1727863863	0.00	158.35	0.0	?	9.6	9.6	90.0
1729864864	0.00	157.81	0.0	?	9.8	9.8	90.0
1731865865	0.00	157.61	0.0	?	9.9	9.9	90.0
1733866866	0.00	156.56	0.0	?	10.4	10.4	90.0
1735867867	0.00	155.31	0.0	?	10.9	10.9	90.0
1737868868	0.00	154.62	0.0	?	11.3	11.3	90.0
1739869869	0.00	153.64	0.0	?	11.7	11.7	90.0
1741870870	0.00	152.53	0.0	?	12.2	12.2	90.0
1743871871	0.00	151.17	0.0	?	12.9	12.9	90.0
1745872872	0.00	149.78	0.0	?	13.5	13.5	90.0
1747873873	0.00	148.29	0.0	?	14.2	14.2	90.0
1749874874	0.00	147.30	0.0	?	14.7	14.7	90.0
1751875875	0.00	145.35	0.0	?	15.6	15.6	90.0
1753876876	0.00	143.89	0.0	?	16.3	16.3	90.0
1755877877	0.00	142.31	0.0	?	17.1	17.1	90.0
1757878878	0.00	140.22	0.0	?	18.1	18.1	90.0
1759879879	0.00	138.61	0.0	?	18.9	18.9	90.0
1761880880	0.00	136.97	0.0	?	19.7	19.7	90.0
1763881881	0.00	135.29	0.0	?	20.6	20.6	90.0
1765882882	0.00	134.09	0.0	?	21.2	21.2	90.0
1767883883	0.00	131.90	0.0	?	22.3	22.3	90.0
1769884884	0.00	130.13	0.0	?	23.2	23.2	90.0
1771885885	0.00	128.57	0.0	?	24.1	24.1	90.0
1773886886	0.00	126.44	0.0	?	25.2	25.2	90.0
1775887887	0.00	124.73	0.0	?	26.2	26.2	90.0
1777888888	0.00	122.81	0.0	?	27.3	27.3	90.0
1779889889	0.00	120.71	0.0	?	28.5	28.5	90.0
1781890890	0.00	118.94	0.0	?	29.5	29.5	90.0
1783891891	0.00	117.46	0.0	?	30.4	30.4	90.0
1785892892	0.00	115.31	0.0	?	31.7	31.7	90.0
1787893893	0.00	113.61	0.0	?	32.7	32.7	90.0
1789894894	0.00	111.77	0.0	?	33.9	33.9	90.0
1791895895	0.00	109.53	0.0	?	35.3	35.3	90.0
1793896896	0.00	107.43	0.0	?	36.7	36.7	90.0
1795897897	0.00	106.03	0.0	?	37.7	37.7	90.0
1797898898	0.00	103.75	0.0	?	39.2	39.2	90.0
1799899899	0.00	102.17	0.0	?	40.4	40.4	90.0
1801900900	0.00	100.11	0.0	?	41.9	41.9	90.0
1803901901	0.00	98.36	0.0	?	43.2	43.2	90.0
1805902902	0.00	96.48	0.0	?	44.6	44.6	90.0
1807903903	0.00	94.53	0.0	?	46.2	46.2	90.0
1809904904	0.00	91.68	0.0	?	48.6	48.6	90.0
1811905905	0.00	90.06	0.0	?	50.0	50.0	90.0
1813906906	0.00	88.35	0.0	?	51.5	51.5	90.0
1815907907	0.00	86.57	0.0	?	53.1	53.1	90.0
1817908908	0.00	84.83	0.0	?	54.7	54.7	90.0
1819909909	0.00	82.41	0.0	?	57.1	57.1	90.0
1821910910	0.00	80.32	0.0	?	59.3	59.3	90.0
1823911911	0.00	78.32	0.0	?	61.4	61.4	90.0
1825912912	0.00	76.30	0.0	?	63.7	63.7	90.0
1827913913	-0.05	74.12	0.4	320.40	66.2	66.2	89.6
1829914914	-0.30	71.87	2.5	58.00	68.9	69.0	87.9
1831915915	-0.56	69.63	5.0	30.88	71.7	71.8	86.0
1833916916	-0.78	67.73	7.2	22.16	74.0	74.4	84.4
1835917917	-1.10	65.28	10.8	15.76	77.0	77.7	82.0
1837918918	-1.36	62.99	14.1	12.79	79.8	81.0	80.0
1839919919	-1.63	60.54	17.9	10.72	82.8	84.7	77.8
1841920920	-1.86	57.94	21.9	9.37	86.1	88.8	75.7
1843921921	-2.15	55.96	26.5	8.13	88.0	91.9	73.2
1845922922	-2.39	53.87	31.0	7.33	90.1	95.3	71.0
1847923923	-2.65	50.72	37.5	6.60	93.5	100.7	68.2
1849924924	-2.88	48.02	43.7	6.08	96.1	105.6	65.5
1851925925	-3.11	45.54	50.1	5.65	98.0	110.1	62.9
1853926926	-3.34	43.21	56.9	5.27	99.0	114.2	60.1
1855927927	-3.59	40.31	65.6	4.91	99.9	119.5	56.7
1857928928	-3.76	37.73	73.4	4.69	100.6	124.5	53.9
1859929929	-3.98	35.28	81.7	4.44	99.4	128.6	50.6
1861930930	-4.23	32.31	91.8	4.19	97.0	133.5	46.6
1863931931	-4.37	29.50	101.3	4.05	95.0	138.9	43.2
1865932932	-4.59	26.51	111.5	3.87	90.0	143.3	38.9
1867933933	-4.72	23.54	121.6	3.77	85.2	148.5	35.0
1869934934	-4.88	21.11	129.1	3.65	78.6	151.2	31.3
1871935935	-4.99	18.46	137.2	3.58	71.6	154.8	27.6
1873936936	-5.12	15.47	145.1	3.49	62.1	157.9	23.2
1875937937	-5.18	12.50	152.8	3.45	52.2	161.4	18.9
1877938938	-5.36	9.65	156.0	3.34	39.8	161.0	14.3
1879939939	-5.50	6.87	157.6	3.26	27.9	160.1	10.0
1881940940	-5.59	4.27	158.7	3.22	17.2	159.7	6.2
1883941941	-5.70	1.53	157.6	3.16	6.0	157.7	2.2
1885942942	-5.74	-1.43	156.6	3.14	-5.5	156.7	-2.0
1887943943	-5.80	-4.30	153.4	3.11	-16.0	154.3	-6.0
1889944944	-5.94	-7.22	147.1	3.04	-25.1	149.3	-9.7
1891945945	-5.98	-9.53	142.9	3.02	-31.8	146.4	-12.5
1893946946	-6.09	-12.37	136.1	2.97	-38.3	141.4	-15.7
1895947947	-6.18	-15.10	129.4	2.93	-43.6	136.6	-18.6
1897948948	-6.24	-17.85	123.1	2.90	-48.2	132.2	-21.4
1899949949	-6.37	-20.10	117.1	2.85	-50.2	127.4	-23.2
1901950950	-6.49	-22.11	111.9	2.80	-51.5	123.2	-24.7
1903951951	-6.61	-25.04	105.2	2.76	-53.2	117.9	-26.9
1905952952	-6.75	-27.92	98.8	2.70	-53.9	112.6	-28.6
1907953953	-6.96	-29.51	95.0	2.63	-52.6	108.6	-29.0
1909954954	-7.14	-30.98	91.8	2.57	-51.5	105.3	-29.3
1911955955	-7.38	-31.81	89.6	2.49	-49.4	102.3	-28.9
1913956956	-7.52	-33.28	86.9	2.45	-48.8	99.7	-29.3
1915957957	-7.67	-34.08	85.3	2.41	-47.7	97.7	-29.2
1917958958	-7.69	-33.98	85.4	2.40	-47.4	97.6	-29.0
1919959959	-7.75	-33.78	85.5	2.39	-46.8	97.5	-28.7
1921960960	-7.68	-33.70	85.8	2.41	-47.4	98.0	-28.9
1923961961	-7.60	-32.96	87.1	2.43	-47.8	99.4	-28.8
1925962962	-7.35	-32.46	88.7	2.50	-50.1	101.9	-29.5
1927963963	-7.15	-32.70	89.0	2.57	-52.3	103.2	-30.5
1929964964	-6.92	-33.31	88.6	2.64	-55.0	104.3	-31.9
1931965965	-6.69	-33.99	88.0	2.72	-57.9	105.3	-33.4
1933966966	-6.52	-35.07	86.3	2.79	-60.3	105.3	-34.9
1935967967	-6.25	-36.01	84.9	2.90	-63.8	106.2	-36.9
1937968968	-6.03	-37.12	82.9	2.99	-66.5	106.3	-38.8
1939969969	-5.81	-38.13	80.8	3.10	-69.3	106.4	-40.6
1941970970	-5.62	-39.64	77.6	3.20	-71.4	105.4	-42.6
1943971971	-5.47	-40.95	74.7	3.28	-72.9	104.4	-44.3
1945972972	-5.32	-42.10	72.1	3.37	-74.2	103.5	-45.8
1947973973	-5.13	-43.06	69.7	3.48	-76.0	103.1	-47.5
1949974974	-5.01	-44.18	67.1	3.57	-76.8	102.0	-48.9
1951975975	-4.85	-45.40	64.2	3.67	-77.7	100.8	-50.4
1953976976	-4.72	-46.43	61.8	3.77	-78.4	99.8	-51.8
1955977977	-4.62	-47.49	59.4	3.85	-78.6	98.5	-52.9
1957978978	-4.45	-48.69	56.4	3.99	-79.3	97.3	-54.6
1959979979	-4.37	-50.73	52.8	4.06	-78.0	94.2	-55.9
1961980980	-4.22	-51.28	51.1	4.19	-78.8	93.9	-57.1
1963981981	-4.11	-51.96	49.3	4.30	-79.1	93.2	-58.1
1965982982	-4.00	-53.53	46.4	4.42	-78.3	91.0	-59.3
1967983983	-3.86	-53.99	44.8	4.58	-78.9	90.8	-60.4
1969984984	-3.75	-54.87	42.8	4.71	-78.8	89.7	-61.5
1971985985	-3.74	-55.82	41.7	4.72	-77.7	88.2	-61.8
1973986986	-3.62	-56.83	39.7	4.86	-77.3	86.9	-62.8
1975987987	-3.51	-57.53	38.0	5.02	-77.3	86.1	-63.8
1977988988	-3.36	-58.00	36.3	5.24	-77.7	85.8	-65.0
1979989989	-3.33	-58.61	35.5	5.28	-77.1	84.9	-65.3
1981990990	-3.23	-59.77	33.6	5.43	-76.2	83.3	-66.2
1983991991	-3.14	-60.65	32.1	5.59	-75.7	82.2	-67.0
1985992992	-3.06	-61.45	30.7	5.74	-75.1	81.2	-67.8
1987993993	-3.01	-61.82	30.1	5.82	-74.9	80.7	-68.1
1989994994	-2.95	-62.57	28.9	5.95	-74.3	79.7	-68.7
1991995995	-2.89	-63.03	28.1	6.07	-74.0	79.2	-69.2
1993996996	-2.81	-63.76	27.0	6.23	-73.4	78.2	-69.8
1995997997	-2.76	-64.58	26.0	6.36	-72.7	77.2	-70.3
1997998998	-2.73	-65.12	25.4	6.41	-72.1	76.4	-70.6
1999999999	-2.65	-65.77	24.3	6.62	-71.7	75.7	-71.3
