1000000	-0.73	88.04	4.4	23.65	51.6	51.7	85.2
3001001	0.00	82.58	0.0	?	56.9	56.9	90.0
5002002	0.00	77.08	0.0	?	62.8	62.8	90.0
7003003	0.00	73.04	0.0	?	67.5	67.5	90.0
9004004	0.00	69.55	0.0	?	72.0	72.0	90.0
11005005	0.00	67.51	0.0	?	74.8	74.8	90.0
13006006	0.00	65.29	0.0	?	78.1	78.1	90.0
15007007	-0.18	62.47	1.9	99.01	82.4	82.4	88.7
17008008	-0.23	60.77	2.6	74.06	85.2	85.3	88.2
19009009	-0.34	59.04	4.1	50.57	88.2	88.2	87.4
21010010	-0.40	57.39	5.0	43.24	91.1	91.3	86.9
23011011	-0.45	55.80	5.9	38.31	94.1	94.3	86.4
25012012	-0.51	54.34	7.1	33.82	97.0	97.3	85.8
27013013	-0.55	52.87	8.0	31.50	100.1	100.4	85.4
29014014	-0.59	51.48	9.0	29.30	103.1	103.5	85.0
31015015	-0.62	50.18	9.9	27.95	106.0	106.5	84.7
33016016	-0.65	48.99	10.7	26.94	108.9	109.4	84.4
35017017	-0.66	47.87	11.5	26.28	111.7	112.2	84.1
37018018	-0.65	46.73	11.8	26.66	114.7	115.3	84.1
39019019	-0.65	45.62	12.3	26.82	117.8	118.4	84.0
41020020	-0.65	44.52	13.0	26.59	121.0	121.7	83.9
43021021	-0.66	43.45	13.7	26.46	124.2	124.9	83.7
45022022	-0.66	42.49	14.4	26.15	127.2	128.0	83.5
47023023	-0.67	41.53	15.3	25.79	130.3	131.2	83.3
49024024	-0.68	40.71	16.1	25.45	133.1	134.0	83.1
51025025	-0.69	39.85	16.9	25.16	136.1	137.1	82.9
53026026	-0.71	39.03	18.0	24.60	139.0	140.2	82.6
55027027	-0.73	38.26	19.3	23.74	141.8	143.1	82.2
57028028	-0.74	37.49	20.4	23.35	144.8	146.2	82.0
59029029	-0.76	36.76	21.7	22.74	147.6	149.2	81.6
61030030	-0.79	36.11	23.3	21.96	150.1	151.9	81.2
63031031	-0.83	35.41	25.2	21.03	152.9	154.9	80.7
65032032	-0.87	34.73	27.3	20.04	155.5	157.9	80.0
67033033	-0.91	34.06	29.8	19.01	158.1	160.9	79.3
69034034	-0.95	33.39	32.1	18.23	160.8	164.0	78.7
71035035	-1.01	32.70	35.2	17.27	163.5	167.3	77.9
73036036	-1.07	31.95	38.8	16.24	166.3	170.8	76.9
75037037	-1.12	31.29	42.1	15.50	168.8	174.0	76.0
77038038	-1.18	30.55	46.1	14.73	171.6	177.7	75.0
79039039	-1.25	29.80	50.7	13.91	174.3	181.5	73.8
81040040	-1.33	29.05	55.8	13.11	176.6	185.2	72.5
83041041	-1.40	28.27	61.2	12.43	179.0	189.1	71.1
85042042	-1.48	27.53	67.1	11.74	180.8	192.9	69.6
87043043	-1.55	26.86	72.5	11.23	182.4	196.2	68.3
89044044	-1.61	25.99	78.9	10.79	185.0	201.1	66.9
91045045	-1.69	25.05	86.5	10.32	187.3	206.3	65.2
93046046	-1.77	24.17	94.5	9.86	188.7	211.1	63.4
95047047	-1.85	23.22	103.5	9.41	189.8	216.2	61.4
97048048	-1.93	22.38	112.0	9.03	190.1	220.6	59.5
99049049	-1.99	21.43	121.1	8.76	191.2	226.3	57.7
101050050	-2.05	20.32	132.0	8.51	192.4	233.4	55.5
103051051	-2.11	19.13	144.6	8.26	192.9	241.0	53.1
105052052	-2.18	17.85	158.9	8.00	191.9	249.1	50.4
107053053	-2.26	16.64	173.3	7.74	188.9	256.3	47.5
109054054	-2.34	15.38	188.5	7.47	183.4	263.0	44.2
111055055	-2.41	14.10	204.1	7.27	177.2	270.3	41.0
113056056	-2.47	12.73	220.7	7.08	168.6	277.7	37.4
115057057	-2.54	11.37	236.6	6.89	157.3	284.1	33.6
117058058	-2.60	9.92	252.7	6.73	143.1	290.5	29.5
119059059	-2.66	8.37	268.4	6.57	125.4	296.3	25.0
121060060	-2.72	6.79	282.1	6.44	104.9	301.0	20.4
123061061	-2.78	5.21	292.1	6.31	81.7	303.3	15.6
125062062	-2.83	3.54	299.5	6.20	55.8	304.6	10.6
127063063	-2.88	1.88	301.5	6.09	29.4	302.9	5.6
129064064	-2.92	0.08	300.2	6.00	1.3	300.2	0.2
131065065	-2.95	-1.58	295.3	5.94	-23.6	296.2	-4.6
133066066	-2.98	-3.39	286.1	5.89	-48.4	290.2	-9.6
135067067	-2.99	-5.25	274.2	5.87	-71.4	283.3	-14.6
137068068	-2.99	-7.18	259.5	5.87	-92.4	275.5	-19.6
139069069	-3.00	-9.19	241.1	5.85	-109.3	264.8	-24.4
141070070	-2.99	-11.24	222.2	5.87	-123.3	254.1	-29.0
143071071	-2.98	-13.29	203.0	5.89	-133.6	243.0	-33.3
145072072	-2.96	-15.40	183.7	5.92	-140.2	231.1	-37.4
147073073	-2.94	-17.59	164.9	5.96	-144.2	219.1	-41.2
149074074	-2.93	-19.83	147.2	5.99	-145.3	206.9	-44.6
151075075	-2.89	-22.05	131.4	6.07	-145.5	196.0	-47.9
153076076	-2.85	-24.38	116.3	6.16	-143.9	185.1	-51.1
155077077	-2.81	-26.72	103.1	6.25	-141.1	174.7	-53.8
157078078	-2.77	-29.07	91.5	6.33	-137.1	164.8	-56.3
159079079	-2.73	-31.44	81.3	6.41	-132.6	155.5	-58.5
161080080	-2.70	-33.83	72.4	6.48	-127.7	146.8	-60.4
163081081	-2.68	-36.26	64.8	6.54	-122.5	138.5	-62.1
165082082	-2.63	-38.61	58.0	6.67	-117.9	131.4	-63.8
167083083	-2.59	-40.97	52.2	6.76	-113.2	124.6	-65.2
169084084	-2.55	-43.23	47.2	6.87	-108.8	118.6	-66.5
171085085	-2.49	-45.62	42.5	7.03	-104.5	112.8	-67.9
173086086	-2.42	-48.06	38.1	7.22	-100.3	107.3	-69.2
175087087	-2.36	-50.73	34.1	7.40	-95.8	101.6	-70.4
177088088	-2.31	-53.40	30.6	7.58	-91.4	96.4	-71.5
179089089	-2.25	-56.17	27.5	7.75	-87.0	91.3	-72.5
181090090	-2.20	-59.10	24.7	7.94	-82.7	86.3	-73.4
183091091	-2.15	-62.05	22.2	8.12	-78.6	81.7	-74.2
185092092	-2.11	-65.23	20.1	8.28	-74.4	77.0	-74.9
187093093	-2.06	-68.68	18.0	8.46	-70.1	72.3	-75.6
189094094	-2.00	-72.35	16.1	8.73	-65.9	67.8	-76.3
191095095	-1.99	-76.63	14.5	8.77	-61.2	62.9	-76.6
193096096	-1.99	-81.18	13.3	8.75	-56.6	58.1	-76.8
195097097	-2.03	-86.07	12.3	8.58	-52.0	53.5	-76.7
197098098	-2.09	-91.31	11.6	8.33	-47.5	48.9	-76.3
199099099	-2.13	-97.35	10.7	8.18	-42.8	44.1	-76.0
201100100	-2.22	-104.15	10.1	7.87	-38.0	39.3	-75.1
203101101	-2.36	-111.92	9.7	7.41	-32.9	34.3	-73.5
205102102	-2.58	-120.80	9.7	6.79	-27.6	29.2	-70.7
207103103	-2.86	-130.48	9.8	6.12	-22.3	24.4	-66.2
209104104	-3.23	-141.26	10.3	5.44	-16.9	19.8	-58.7
211105105	-3.69	-153.40	11.0	4.78	-11.3	15.8	-45.6
213106106	-4.31	-167.11	12.3	4.11	-5.3	13.4	-23.3
215107107	-5.14	177.65	14.4	3.48	0.9	14.4	3.7
217108108	-6.08	161.03	17.2	2.97	7.4	18.8	23.2
219109109	-6.96	143.05	20.8	2.63	14.1	25.1	34.0
221110110	-7.55	124.70	24.9	2.44	20.9	32.5	39.9
223111111	-7.72	106.70	29.6	2.40	28.0	40.7	43.5
225112112	-7.48	90.72	34.5	2.46	35.5	49.6	45.8
227113113	-6.86	77.26	39.5	2.66	44.0	59.1	48.1
229114114	-6.08	65.67	45.0	2.97	54.0	70.3	50.2
231115115	-5.28	55.17	52.2	3.39	66.3	84.3	51.8
233116116	-4.53	45.89	61.6	3.92	81.0	101.8	52.8
235117117	-3.90	37.49	75.1	4.53	98.4	123.8	52.6
237118118	-3.38	30.04	94.5	5.21	118.7	151.7	51.5
239119119	-3.02	23.27	124.6	5.81	138.6	186.4	48.1
241120120	-2.74	17.03	170.5	6.39	155.8	231.0	42.4
243121121	-2.53	11.46	235.8	6.92	158.6	284.1	33.9
245122122	-2.36	6.39	316.9	7.39	127.9	341.7	22.0
247123123	-2.24	1.69	384.3	7.79	43.4	386.7	6.4
249124124	-2.16	-2.70	390.4	8.09	-73.2	397.2	-10.6
251125125	-2.11	-6.73	335.6	8.27	-160.5	372.0	-25.6
253126126	-2.06	-10.48	266.2	8.46	-201.9	334.1	-37.2
255127127	-2.03	-14.15	204.1	8.61	-211.8	294.1	-46.1
257128128	-2.00	-17.63	157.8	8.72	-205.6	259.2	-52.5
259129129	-1.99	-20.74	126.9	8.75	-194.0	231.8	-56.8
261130130	-1.96	-23.77	103.1	8.89	-182.4	209.6	-60.5
263131131	-1.93	-26.70	85.3	9.03	-170.8	191.0	-63.5
265132132	-1.87	-29.64	70.5	9.31	-160.4	175.2	-66.3
267133133	-1.82	-32.60	58.8	9.58	-150.0	161.1	-68.6
269134134	-1.78	-35.54	49.7	9.81	-140.2	148.7	-70.5
271135135	-1.73	-38.33	42.6	10.05	-131.6	138.4	-72.1
273136136	-1.69	-41.03	37.1	10.29	-124.0	129.4	-73.4
275137137	-1.65	-43.75	32.4	10.54	-116.9	121.3	-74.5
277138138	-1.60	-46.37	28.4	10.87	-110.6	114.2	-75.6
279139139	-1.57	-48.94	25.2	11.12	-104.9	107.9	-76.5
281140140	-1.54	-51.41	22.7	11.34	-99.7	102.3	-77.2
283141141	-1.49	-53.83	20.3	11.70	-95.1	97.2	-78.0
285142142	-1.44	-56.22	18.2	12.10	-90.8	92.6	-78.7
287143143	-1.39	-58.48	16.4	12.51	-87.0	88.5	-79.3
289144144	-1.34	-60.68	14.9	12.96	-83.5	84.8	-79.9
291145145	-1.29	-62.88	13.4	13.49	-80.2	81.3	-80.5
293146146	-1.24	-64.99	12.2	14.04	-77.1	78.1	-81.0
295147147	-1.20	-67.10	11.2	14.49	-74.2	75.1	-81.4
297148148	-1.16	-69.16	10.3	14.99	-71.5	72.3	-81.8
299149149	-1.13	-71.08	9.5	15.42	-69.1	69.8	-82.2
301150150	-1.08	-73.02	8.7	16.10	-66.8	67.4	-82.6
303151151	-1.05	-74.84	8.2	16.49	-64.7	65.2	-82.8
305152152	-1.03	-76.65	7.6	16.94	-62.7	63.1	-83.1
307153153	-0.99	-78.54	7.1	17.50	-60.7	61.1	-83.3
309154154	-0.98	-80.33	6.8	17.68	-58.8	59.2	-83.4
311155155	-0.98	-82.05	6.5	17.80	-57.1	57.4	-83.5
313156156	-0.98	-83.76	6.3	17.83	-55.4	55.7	-83.5
315157157	-1.01	-85.31	6.3	17.30	-53.9	54.2	-83.4
317158158	-1.02	-86.74	6.2	16.97	-52.5	52.9	-83.2
319159159	-1.01	-87.94	6.0	17.20	-51.5	51.8	-83.3
321160160	-0.98	-89.25	5.7	17.75	-50.3	50.7	-83.6
323161161	-0.93	-90.58	5.3	18.64	-49.2	49.5	-83.9
325162162	-0.90	-92.09	5.0	19.31	-48.0	48.2	-84.1
327163163	-0.88	-93.60	4.7	19.86	-46.7	47.0	-84.2
329164164	-0.85	-95.09	4.5	20.46	-45.5	45.8	-84.4
331165165	-0.83	-96.63	4.3	20.96	-44.3	44.5	-84.5
333166166	-0.82	-98.22	4.1	21.26	-43.1	43.3	-84.6
335167167	-0.80	-99.81	3.9	21.64	-41.9	42.1	-84.6
337168168	-0.82	-101.30	4.0	21.08	-40.8	41.0	-84.5
339169169	-0.83	-102.92	3.9	20.92	-39.7	39.9	-84.4
341170170	-0.84	-104.47	3.9	20.64	-38.6	38.8	-84.3
343171171	-0.85	-106.10	3.8	20.46	-37.5	37.7	-84.2
345172172	-0.86	-107.60	3.8	20.16	-36.5	36.7	-84.0
347173173	-0.87	-109.14	3.8	20.02	-35.4	35.6	-84.0
349174174	-0.87	-110.69	3.7	20.00	-34.4	34.6	-83.9
351175175	-0.88	-112.27	3.7	19.71	-33.4	33.6	-83.7
353176176	-0.89	-113.85	3.6	19.53	-32.4	32.6	-83.6
355177177	-0.91	-115.34	3.7	19.05	-31.5	31.7	-83.4
357178178	-0.92	-116.87	3.6	18.86	-30.6	30.8	-83.2
359179179	-0.93	-118.41	3.6	18.65	-29.7	29.9	-83.0
361180180	-0.95	-120.02	3.6	18.39	-28.7	29.0	-82.8
363181181	-0.96	-121.55	3.6	18.20	-27.9	28.1	-82.6
365182182	-0.97	-123.09	3.6	17.94	-27.0	27.2	-82.4
367183183	-0.98	-124.72	3.6	17.79	-26.1	26.3	-82.2
369184184	-0.98	-126.25	3.5	17.75	-25.2	25.5	-82.0
371185185	-0.98	-127.68	3.5	17.78	-24.5	24.7	-81.9
373186186	-0.98	-129.22	3.5	17.68	-23.6	23.9	-81.7
375187187	-0.98	-130.71	3.4	17.76	-22.9	23.1	-81.5
377188188	-0.98	-132.21	3.4	17.69	-22.1	22.3	-81.3
379189189	-0.98	-133.68	3.3	17.77	-21.3	21.6	-81.1
381190190	-0.98	-135.12	3.3	17.79	-20.6	20.8	-80.9
383191191	-0.96	-136.55	3.2	18.05	-19.9	20.1	-80.8
385192192	-0.95	-137.92	3.1	18.25	-19.2	19.4	-80.7
387193193	-0.95	-139.33	3.1	18.34	-18.5	18.7	-80.5
389194194	-0.94	-140.73	3.1	18.43	-17.8	18.0	-80.2
391195195	-0.93	-142.10	3.0	18.67	-17.1	17.4	-80.1
393196196	-0.92	-143.36	2.9	18.81	-16.5	16.8	-79.9
395197197	-0.91	-144.64	2.9	19.04	-15.9	16.2	-79.7
397198198	-0.91	-145.94	2.9	19.18	-15.3	15.5	-79.4
399199199	-0.89	-147.18	2.8	19.52	-14.7	14.9	-79.3
401200200	-0.88	-148.35	2.7	19.69	-14.1	14.4	-79.0
403201201	-0.87	-149.53	2.7	20.00	-13.6	13.8	-78.8
405202202	-0.86	-150.75	2.7	20.14	-13.0	13.3	-78.5
407203203	-0.85	-151.89	2.6	20.38	-12.5	12.8	-78.2
409204204	-0.85	-153.00	2.6	20.56	-12.0	12.2	-77.9
411205205	-0.84	-154.11	2.5	20.78	-11.5	11.7	-77.5
413206206	-0.83	-155.14	2.5	20.90	-11.0	11.3	-77.1
415207207	-0.83	-156.18	2.5	21.01	-10.5	10.8	-76.7
417208208	-0.84	-157.24	2.5	20.78	-10.0	10.3	-76.0
419209209	-0.83	-158.22	2.5	20.91	-9.6	9.9	-75.5
421210210	-0.84	-159.22	2.5	20.78	-9.1	9.5	-74.8
423211211	-0.84	-160.17	2.5	20.65	-8.7	9.1	-74.0
425212212	-0.85	-161.13	2.5	20.46	-8.3	8.7	-73.1
427213213	-0.86	-162.07	2.5	20.16	-7.9	8.3	-72.1
429214214	-0.88	-163.06	2.6	19.77	-7.4	7.9	-70.8
431215215	-0.89	-163.96	2.6	19.49	-7.0	7.5	-69.6
433216216	-0.91	-164.88	2.7	19.13	-6.6	7.1	-68.1
435217217	-0.93	-165.77	2.7	18.74	-6.2	6.8	-66.5
437218218	-0.95	-166.66	2.8	18.36	-5.8	6.4	-64.7
439219219	-0.97	-167.58	2.8	17.87	-5.4	6.1	-62.4
441220220	-0.99	-168.49	2.9	17.56	-5.0	5.8	-60.2
443221221	-1.02	-169.36	3.0	17.00	-4.6	5.5	-57.4
445222222	-1.04	-170.20	3.0	16.66	-4.3	5.2	-54.7
447223223	-1.08	-171.14	3.1	16.15	-3.9	5.0	-51.1
449224224	-1.11	-172.03	3.2	15.65	-3.5	4.7	-47.2
451225225	-1.14	-172.97	3.3	15.24	-3.1	4.5	-42.9
453226226	-1.18	-173.86	3.4	14.79	-2.7	4.3	-38.2
455227227	-1.21	-174.76	3.5	14.36	-2.3	4.2	-33.1
457228228	-1.25	-175.75	3.6	13.91	-1.8	4.0	-27.1
459229229	-1.27	-176.69	3.7	13.66	-1.4	3.9	-21.4
461230230	-1.31	-177.61	3.8	13.33	-1.0	3.9	-15.4
463231231	-1.34	-178.59	3.9	12.97	-0.6	3.9	-9.0
465232232	-1.37	-179.62	3.9	12.70	-0.2	3.9	-2.4
467233233	-1.40	179.45	4.0	12.45	0.2	4.0	3.4
469234234	-1.43	178.50	4.1	12.18	0.6	4.2	9.0
471235235	-1.46	177.44	4.2	11.92	1.1	4.3	14.8
473236236	-1.49	176.44	4.3	11.66	1.5	4.6	19.8
475237237	-1.52	175.38	4.4	11.48	2.0	4.8	24.6
477238238	-1.54	174.39	4.4	11.31	2.4	5.1	28.7
479239239	-1.55	173.38	4.5	11.20	2.9	5.3	32.6
481240240	-1.58	172.28	4.5	11.05	3.3	5.6	36.3
483241241	-1.60	171.23	4.6	10.91	3.8	6.0	39.5
485242242	-1.61	170.18	4.7	10.82	4.3	6.3	42.5
487243243	-1.63	169.11	4.7	10.70	4.7	6.7	45.1
489244244	-1.64	168.02	4.8	10.64	5.2	7.0	47.6
491245245	-1.66	167.00	4.8	10.52	5.6	7.4	49.5
493246246	-1.66	165.88	4.8	10.50	6.1	7.8	51.8
495247247	-1.67	164.87	4.9	10.46	6.6	8.2	53.5
497248248	-1.68	163.81	4.9	10.39	7.0	8.6	55.1
499249249	-1.67	162.67	4.9	10.42	7.5	9.0	56.9
501250250	-1.67	161.63	4.9	10.42	8.0	9.4	58.4
503251251	-1.67	160.52	4.9	10.46	8.5	9.8	59.9
505252252	-1.66	159.44	4.9	10.48	9.0	10.2	61.3
507253253	-1.66	158.42	4.9	10.52	9.4	10.6	62.4
509254254	-1.66	157.30	5.0	10.47	9.9	11.1	63.5
511255255	-1.66	156.24	5.0	10.52	10.4	11.5	64.5
513256256	-1.65	155.10	5.0	10.56	10.9	12.0	65.6
515257257	-1.65	154.04	5.0	10.54	11.4	12.5	66.4
517258258	-1.63	152.99	5.0	10.66	11.9	12.9	67.4
519259259	-1.64	151.92	5.0	10.65	12.4	13.4	68.1
521260260	-1.63	150.85	5.0	10.67	12.9	13.8	68.8
523261261	-1.63	149.70	5.0	10.71	13.4	14.3	69.5
525262262	-1.62	148.64	5.0	10.77	13.9	14.8	70.2
527263263	-1.61	147.56	5.0	10.81	14.4	15.3	70.8
529264264	-1.61	146.46	5.0	10.85	14.9	15.8	71.4
531265265	-1.60	145.33	5.0	10.88	15.5	16.3	72.0
533266266	-1.60	144.18	5.1	10.90	16.0	16.8	72.5
535267267	-1.60	143.05	5.1	10.87	16.5	17.3	72.8
537268268	-1.59	141.95	5.1	10.92	17.1	17.8	73.3
539269269	-1.59	140.84	5.1	10.98	17.6	18.4	73.8
541270270	-1.59	139.64	5.2	10.93	18.2	18.9	74.1
543271271	-1.59	138.51	5.2	10.94	18.8	19.5	74.5
545272272	-1.60	137.37	5.3	10.88	19.3	20.0	74.7
547273273	-1.61	136.15	5.4	10.79	19.9	20.6	74.9
549274274	-1.62	134.94	5.4	10.77	20.5	21.2	75.2
551275275	-1.62	133.74	5.5	10.74	21.1	21.8	75.4
553276276	-1.65	132.47	5.6	10.56	21.8	22.5	75.5
555277277	-1.66	131.26	5.7	10.51	22.4	23.1	75.7
557278278	-1.67	129.93	5.8	10.43	23.1	23.8	75.8
559279279	-1.68	128.67	5.9	10.38	23.8	24.5	76.0
561280280	-1.70	127.40	6.1	10.23	24.4	25.2	76.0
563281281	-1.73	125.98	6.2	10.10	25.2	25.9	76.1
565282282	-1.74	124.69	6.3	10.04	25.9	26.6	76.2
567283283	-1.77	123.34	6.5	9.84	26.6	27.4	76.2
569284284	-1.81	122.05	6.8	9.61	27.3	28.1	76.1
571285285	-1.83	120.63	6.9	9.54	28.1	28.9	76.2
573286286	-1.87	119.20	7.2	9.32	28.9	29.8	76.0
575287287	-1.90	117.84	7.4	9.19	29.7	30.6	76.0
577288288	-1.93	116.46	7.6	9.06	30.4	31.4	76.0
579289289	-1.97	115.01	7.9	8.87	31.3	32.3	75.9
581290290	-2.01	113.52	8.2	8.66	32.1	33.2	75.7
583291291	-2.05	112.12	8.5	8.52	33.0	34.1	75.6
585292292	-2.10	110.65	8.8	8.31	33.9	35.0	75.4
587293293	-2.15	109.16	9.2	8.13	34.8	36.0	75.2
589294294	-2.18	107.71	9.5	7.99	35.7	36.9	75.1
591295295	-2.22	106.18	9.9	7.86	36.6	37.9	74.9
593296296	-2.28	104.72	10.3	7.66	37.5	38.9	74.6
595297297	-2.33	103.25	10.7	7.52	38.5	39.9	74.4
597298298	-2.39	101.88	11.2	7.31	39.3	40.9	74.1
599299299	-2.44	100.47	11.7	7.16	40.2	41.9	73.8
601300300	-2.52	99.17	12.2	6.94	41.1	42.9	73.4
603301301	-2.59	97.82	12.8	6.77	42.0	43.9	73.0
605302302	-2.66	96.62	13.4	6.59	42.7	44.8	72.6
607303303	-2.72	95.42	13.9	6.44	43.5	45.7	72.3
609304304	-2.79	94.43	14.5	6.27	44.1	46.5	71.8
611305305	-2.86	93.66	15.0	6.12	44.6	47.1	71.4
613306306	-2.93	92.58	15.6	5.99	45.3	47.9	71.0
615307307	-2.98	91.93	16.0	5.88	45.7	48.4	70.7
617308308	-3.02	91.30	16.4	5.81	46.1	48.9	70.5
619309309	-3.04	90.81	16.6	5.77	46.5	49.3	70.3
621310310	-3.05	90.28	16.8	5.76	46.9	49.8	70.3
623311311	-3.05	89.77	16.9	5.76	47.3	50.2	70.3
625312312	-3.02	89.34	16.9	5.82	47.6	50.5	70.5
627313313	-2.97	88.79	16.8	5.90	48.2	51.0	70.7
629314314	-2.94	88.14	16.8	5.97	48.7	51.6	71.0
631315315	-2.86	87.63	16.5	6.14	49.3	52.0	71.5
633316316	-2.78	87.02	16.3	6.31	50.0	52.5	72.0
635317317	-2.71	86.31	16.1	6.46	50.7	53.2	72.4
637318318	-2.61	85.43	15.8	6.69	51.6	54.0	73.0
639319319	-2.52	84.54	15.6	6.93	52.5	54.8	73.5
641320320	-2.44	83.65	15.3	7.18	53.5	55.6	74.0
643321321	-2.36	82.77	15.1	7.41	54.4	56.5	74.5
645322322	-2.28	81.73	14.9	7.66	55.5	57.5	75.0
647323323	-2.20	80.65	14.7	7.93	56.7	58.6	75.4
649324324	-2.12	79.65	14.5	8.24	57.9	59.6	75.9
651325325	-2.04	78.50	14.3	8.57	59.2	60.9	76.4
653326326	-2.00	77.47	14.4	8.71	60.3	62.0	76.6
655327327	-1.94	76.31	14.3	8.98	61.6	63.3	76.9
657328328	-1.91	75.15	14.4	9.15	62.9	64.6	77.1
659329329	-1.86	73.84	14.5	9.37	64.5	66.1	77.3
661330330	-1.84	72.38	14.8	9.50	66.2	67.8	77.4
663331331	-1.79	71.16	14.8	9.75	67.8	69.4	77.7
665332332	-1.76	69.93	15.1	9.88	69.3	70.9	77.7
667333333	-1.77	68.84	15.5	9.87	70.7	72.4	77.6
669334334	-1.75	67.56	15.9	9.98	72.4	74.1	77.6
671335335	-1.73	66.34	16.2	10.09	74.0	75.8	77.7
673336336	-1.71	65.01	16.6	10.19	75.9	77.7	77.7
675337337	-1.70	63.74	17.1	10.25	77.7	79.6	77.6
677338338	-1.72	62.47	17.9	10.11	79.5	81.5	77.3
679339339	-1.73	61.14	18.7	10.08	81.5	83.6	77.1
681340340	-1.75	59.94	19.5	9.99	83.3	85.6	76.8
683341341	-1.77	58.58	20.5	9.87	85.4	87.9	76.5
685342342	-1.78	57.01	21.6	9.80	88.0	90.6	76.2
687343343	-1.81	55.63	23.0	9.61	90.2	93.1	75.7
689344344	-1.84	54.13	24.5	9.47	92.8	96.0	75.2
691345345	-1.88	52.58	26.2	9.30	95.5	99.0	74.7
693346346	-1.91	51.11	28.0	9.13	98.2	102.1	74.1
695347347	-1.98	49.37	30.7	8.81	101.2	105.8	73.1
697348348	-1.99	47.62	32.9	8.75	104.8	109.8	72.6
699349349	-2.04	45.92	35.7	8.57	108.2	113.9	71.8
701350350	-2.12	44.19	39.4	8.23	111.4	118.1	70.5
703351351	-2.14	42.46	42.5	8.15	115.3	122.9	69.7
705352352	-2.19	40.60	46.8	7.97	119.3	128.1	68.6
707353353	-2.24	38.62	51.7	7.80	123.8	134.2	67.3
709354354	-2.30	36.84	57.1	7.58	127.5	139.7	65.9
711355355	-2.35	34.86	63.3	7.44	132.1	146.5	64.4
713356356	-2.40	32.90	70.4	7.28	136.6	153.7	62.7
715357357	-2.45	30.85	78.8	7.12	141.1	161.6	60.8
717358358	-2.51	28.86	88.1	6.98	145.3	169.9	58.8
719359359	-2.55	26.99	97.7	6.87	149.0	178.2	56.7
721360360	-2.58	24.93	109.5	6.78	153.1	188.2	54.4
723361361	-2.62	22.81	123.5	6.68	156.3	199.2	51.7
725362362	-2.65	20.78	138.4	6.60	158.4	210.3	48.9
727363363	-2.68	18.69	155.6	6.53	158.9	222.4	45.6
729364364	-2.71	16.54	175.3	6.47	157.6	235.7	42.0
731365365	-2.72	14.37	197.2	6.44	153.7	250.0	37.9
733366366	-2.75	12.44	217.6	6.38	145.8	261.9	33.8
735367367	-2.76	10.26	241.7	6.36	133.5	276.1	28.9
737368368	-2.77	8.02	265.4	6.32	114.0	288.8	23.2
739369369	-2.78	5.84	286.1	6.30	89.4	299.8	17.3
741370370	-2.78	3.66	302.8	6.29	59.3	308.6	11.1
743371371	-2.80	1.66	310.0	6.25	27.3	311.2	5.0
745372372	-2.82	-0.51	310.8	6.22	-8.4	310.9	-1.5
747373373	-2.83	-2.72	303.7	6.20	-43.5	306.8	-8.2
749374374	-2.84	-4.92	288.4	6.16	-74.2	297.8	-14.4
751375375	-2.84	-7.01	271.0	6.17	-99.4	288.6	-20.2
753376376	-2.77	-9.73	247.0	6.33	-128.8	278.6	-27.5
755377377	-2.78	-11.77	223.8	6.29	-140.1	264.0	-32.0
757378378	-2.78	-13.82	201.9	6.29	-147.9	250.2	-36.2
759379379	-2.81	-16.01	179.8	6.25	-150.9	234.7	-40.0
761380380	-2.84	-18.14	160.6	6.17	-150.1	219.9	-43.1
763381381	-2.88	-20.13	144.9	6.09	-147.7	206.9	-45.6
765382382	-2.91	-22.18	130.7	6.02	-144.4	194.7	-47.8
767383383	-2.95	-24.36	117.5	5.95	-140.1	182.8	-50.0
769384384	-3.00	-26.40	107.1	5.85	-135.1	172.4	-51.6
771385385	-3.08	-28.46	98.2	5.69	-129.2	162.3	-52.7
773386386	-3.19	-30.42	91.2	5.51	-123.0	153.2	-53.5
775387387	-3.28	-32.47	84.6	5.36	-117.4	144.8	-54.2
777388388	-3.40	-34.35	79.7	5.17	-111.9	137.4	-54.5
779389389	-3.54	-36.25	75.4	4.98	-106.5	130.5	-54.7
781390390	-3.69	-38.00	72.1	4.78	-101.5	124.5	-54.6
783391391	-3.84	-39.58	69.5	4.60	-97.0	119.3	-54.4
785392392	-4.00	-40.84	67.9	4.42	-93.1	115.2	-53.9
787393393	-4.16	-41.90	66.7	4.26	-89.7	111.8	-53.3
789394394	-4.28	-42.78	65.8	4.14	-87.1	109.1	-52.9
791395395	-4.41	-43.57	65.1	4.02	-84.6	106.7	-52.4
793396396	-4.48	-44.11	64.5	3.96	-83.2	105.3	-52.2
795397397	-4.49	-44.37	64.0	3.96	-82.9	104.8	-52.3
797398398	-4.43	-44.74	63.0	4.01	-83.3	104.4	-52.9
799399399	-4.31	-45.00	61.7	4.12	-84.5	104.6	-53.9
801400400	-4.11	-45.69	59.1	4.31	-86.1	104.4	-55.6
803401401	-3.87	-46.88	55.2	4.56	-87.4	103.4	-57.7
805402402	-3.62	-48.67	50.1	4.87	-87.8	101.1	-60.3
807403403	-3.40	-50.95	44.8	5.18	-86.8	97.7	-62.7
809404404	-3.21	-53.59	39.7	5.48	-84.6	93.5	-64.9
811405405	-3.05	-56.50	35.1	5.76	-81.7	88.9	-66.8
813406406	-2.93	-59.42	31.4	5.98	-78.4	84.5	-68.2
815407407	-2.87	-62.73	28.1	6.12	-74.5	79.6	-69.3
817408408	-2.80	-65.90	25.5	6.26	-70.9	75.3	-70.2
819409409	-2.77	-69.10	23.4	6.32	-67.2	71.2	-70.8
821410410	-2.76	-72.08	21.7	6.35	-64.0	67.6	-71.2
823411411	-2.77	-75.38	20.3	6.32	-60.6	63.9	-71.5
825412412	-2.76	-78.37	19.0	6.34	-57.7	60.7	-71.7
827413413	-2.76	-81.23	18.0	6.34	-55.0	57.9	-71.9
829414414	-2.77	-84.21	17.1	6.32	-52.3	55.0	-71.9
831415415	-2.78	-86.98	16.3	6.30	-50.0	52.6	-71.9
833416416	-2.81	-89.68	15.7	6.24	-47.7	50.3	-71.8
835417417	-2.81	-92.46	15.0	6.23	-45.6	48.0	-71.7
837418418	-2.83	-95.16	14.5	6.20	-43.6	45.9	-71.6
839419419	-2.85	-97.66	14.0	6.16	-41.7	44.0	-71.4
841420420	-2.84	-100.21	13.5	6.18	-40.0	42.2	-71.3
843421421	-2.85	-102.62	13.1	6.16	-38.3	40.5	-71.1
845422422	-2.85	-105.04	12.7	6.14	-36.7	38.9	-70.9
847423423	-2.89	-107.24	12.5	6.07	-35.3	37.5	-70.5
849424424	-2.90	-109.56	12.2	6.04	-33.9	36.0	-70.1
851425425	-2.91	-111.76	12.0	6.03	-32.5	34.7	-69.8
853426426	-2.92	-113.87	11.7	6.01	-31.3	33.4	-69.5
855427427	-2.93	-115.96	11.5	5.98	-30.1	32.2	-69.1
857428428	-2.96	-117.99	11.4	5.92	-28.9	31.1	-68.5
859429429	-2.99	-119.99	11.3	5.86	-27.8	30.0	-67.9
861430430	-3.01	-121.91	11.1	5.82	-26.7	28.9	-67.4
863431431	-3.03	-123.87	11.0	5.79	-25.6	27.9	-66.8
865432432	-3.04	-125.78	10.8	5.78	-24.6	26.9	-66.3
867433433	-3.07	-127.61	10.8	5.72	-23.7	26.0	-65.5
869434434	-3.11	-129.50	10.7	5.65	-22.7	25.1	-64.7
871435435	-3.14	-131.34	10.7	5.60	-21.7	24.2	-63.8
873436436	-3.15	-133.18	10.6	5.57	-20.8	23.4	-63.0
875437437	-3.19	-135.05	10.6	5.51	-19.9	22.5	-62.0
877438438	-3.22	-136.81	10.5	5.46	-19.0	21.8	-61.0
879439439	-3.24	-138.65	10.5	5.42	-18.1	20.9	-60.0
881440440	-3.26	-140.35	10.4	5.39	-17.3	20.2	-59.0
883441441	-3.29	-142.12	10.4	5.34	-16.5	19.5	-57.7
885442442	-3.30	-143.89	10.3	5.33	-15.7	18.8	-56.6
887443443	-3.31	-145.68	10.3	5.31	-14.8	18.1	-55.3
889444444	-3.31	-147.49	10.2	5.31	-14.0	17.3	-54.0
891445445	-3.32	-149.31	10.1	5.29	-13.2	16.6	-52.5
893446446	-3.33	-151.09	10.1	5.28	-12.4	16.0	-50.9
895447447	-3.34	-152.89	10.0	5.27	-11.6	15.3	-49.2
897448448	-3.34	-154.70	10.0	5.26	-10.8	14.7	-47.3
899449449	-3.35	-156.39	9.9	5.25	-10.1	14.1	-45.4
901450450	-3.34	-158.18	9.8	5.27	-9.3	13.5	-43.4
903451451	-3.32	-159.90	9.7	5.30	-8.5	12.9	-41.3
905452452	-3.30	-161.63	9.6	5.33	-7.8	12.4	-39.0
907453453	-3.27	-163.33	9.5	5.37	-7.1	11.8	-36.6
909454454	-3.25	-165.03	9.4	5.41	-6.3	11.3	-34.0
911455455	-3.22	-166.66	9.3	5.46	-5.6	10.9	-31.3
913456456	-3.17	-168.48	9.1	5.54	-4.9	10.3	-28.2
915457457	-3.14	-169.94	9.0	5.59	-4.3	10.0	-25.3
917458458	-3.10	-171.56	8.9	5.66	-3.6	9.6	-21.9
919459459	-3.07	-173.05	8.8	5.73	-2.9	9.2	-18.6
921460460	-3.02	-174.52	8.6	5.81	-2.3	8.9	-15.1
923461461	-2.96	-176.11	8.5	5.92	-1.6	8.6	-11.0
925462462	-2.92	-177.58	8.3	6.01	-1.0	8.4	-7.0
927463463	-2.86	-179.01	8.2	6.12	-0.4	8.2	-3.0
929464464	-2.82	179.68	8.0	6.22	0.1	8.0	1.0
931465465	-2.75	178.27	7.9	6.37	0.7	7.9	5.4
933466466	-2.70	176.86	7.7	6.48	1.3	7.8	9.8
935467467	-2.65	175.59	7.6	6.61	1.9	7.8	13.9
937468468	-2.59	174.25	7.4	6.75	2.5	7.8	18.3
939469469	-2.53	173.01	7.2	6.92	3.0	7.8	22.4
941470470	-2.48	171.71	7.1	7.06	3.6	8.0	26.5
943471471	-2.43	170.48	7.0	7.20	4.1	8.1	30.3
945472472	-2.38	169.36	6.9	7.33	4.6	8.3	33.6
947473473	-2.33	168.16	6.7	7.51	5.1	8.4	37.1
949474474	-2.27	166.91	6.6	7.70	5.6	8.7	40.6
951475475	-2.21	165.74	6.4	7.90	6.2	8.9	43.8
953476476	-2.16	164.52	6.3	8.09	6.7	9.2	46.8
955477477	-2.10	163.41	6.1	8.31	7.2	9.5	49.4
957478478	-2.05	162.28	6.0	8.50	7.7	9.8	51.9
959479479	-2.00	161.18	5.9	8.72	8.2	10.1	54.2
961480480	-1.95	159.99	5.8	8.93	8.7	10.4	56.5
963481481	-1.89	158.84	5.6	9.21	9.2	10.8	58.7
965482482	-1.86	157.76	5.5	9.35	9.7	11.2	60.3
967483483	-1.81	156.68	5.4	9.66	10.2	11.5	62.1
969484484	-1.76	155.31	5.3	9.90	10.8	12.0	64.0
971485485	-1.70	154.28	5.1	10.26	11.3	12.4	65.6
973486486	-1.65	153.10	5.0	10.58	11.8	12.9	67.1
975487487	-1.60	151.96	4.9	10.85	12.4	13.3	68.4
977488488	-1.55	150.85	4.8	11.23	12.9	13.7	69.8
979489489	-1.50	149.43	4.6	11.60	13.6	14.3	71.1
981490490	-1.45	148.20	4.5	11.97	14.1	14.8	72.3
983491491	-1.40	147.00	4.4	12.41	14.7	15.3	73.4
985492492	-1.34	145.81	4.2	12.95	15.3	15.9	74.5
987493493	-1.30	144.51	4.1	13.41	15.9	16.4	75.5
989494494	-1.25	143.08	4.0	13.90	16.6	17.1	76.5
991495495	-1.18	141.70	3.8	14.74	17.3	17.7	77.6
993496496	-1.12	140.34	3.7	15.47	17.9	18.3	78.5
995497497	-1.08	138.98	3.5	16.05	18.6	19.0	79.2
997498498	-1.04	137.51	3.4	16.74	19.4	19.7	79.9
999499499	-0.99	136.06	3.3	17.63	20.1	20.4	80.7
1001500500	-0.93	134.66	3.1	18.76	20.8	21.0	81.5
1003501501	-0.88	133.09	3.0	19.82	21.6	21.8	82.1
1005502502	-0.82	131.57	2.8	21.17	22.4	22.6	82.8
1007503503	-0.77	130.04	2.7	22.62	23.2	23.4	83.4
1009504504	-0.71	128.41	2.5	24.44	24.1	24.2	84.0
1011505505	-0.65	126.90	2.3	26.80	24.9	25.0	84.7
1013506506	-0.57	125.15	2.1	30.64	25.9	26.0	85.4
1015507507	-0.52	123.53	1.9	33.46	26.8	26.9	85.9
1017508508	-0.49	121.95	1.8	35.71	27.7	27.8	86.2
1019509509	-0.43	120.07	1.6	40.68	28.8	28.9	86.7
1021510510	-0.37	118.65	1.4	47.25	29.6	29.7	87.2
1023511511	-0.34	116.89	1.4	50.95	30.7	30.7	87.5
1025512512	-0.30	115.26	1.2	58.36	31.7	31.7	87.8
1027513513	-0.26	113.55	1.1	67.65	32.7	32.8	88.2
1029514514	-0.23	111.80	1.0	76.59	33.8	33.9	88.4
1031515515	-0.17	110.19	0.7	99.67	34.9	34.9	88.8
1033516516	-0.17	108.32	0.8	100.23	36.1	36.1	88.8
1035517517	-0.15	106.62	0.7	112.25	37.3	37.3	88.9
1037518518	-0.15	105.01	0.7	115.84	38.4	38.4	89.0
1039519519	-0.13	103.15	0.6	136.87	39.7	39.7	89.1
1041520520	-0.17	101.45	0.8	104.40	40.9	40.9	88.9
1043521521	-0.15	99.70	0.8	112.17	42.2	42.2	89.0
1045522522	-1.42	159.59	4.2	12.28	8.9	9.9	64.8
1047523523	-0.14	144.51	0.4	128.45	16.0	16.0	88.5
1049524524	-0.72	93.47	3.9	24.02	46.9	47.1	85.2
1051525525	-1.32	86.52	8.1	13.14	52.5	53.1	81.3
1053526526	-1.38	84.23	8.7	12.63	54.5	55.2	80.9
1055527527	-1.44	82.01	9.5	12.12	56.6	57.4	80.5
1057528528	-1.48	79.35	10.3	11.77	59.2	60.1	80.1
1059529529	-1.53	77.04	11.2	11.42	61.6	62.6	79.7
1061530530	-1.57	75.00	12.0	11.11	63.8	64.9	79.4
1063531531	-1.63	72.32	13.2	10.67	66.7	68.0	78.8
1065532532	-1.74	69.60	15.0	10.01	69.8	71.4	77.8
1067533533	-1.82	67.20	16.6	9.59	72.6	74.5	77.1
1069534534	-1.91	64.61	18.6	9.12	75.8	78.1	76.2
1071535535	-2.02	61.99	21.0	8.65	79.2	81.9	75.1
1073536536	-2.15	59.20	24.1	8.13	82.8	86.2	73.8
1075537537	-2.28	56.59	27.4	7.67	86.2	90.5	72.4
1077538538	-2.46	53.72	31.9	7.12	89.9	95.4	70.4
1079539539	-2.67	50.86	37.5	6.55	93.1	100.4	68.0
1081540540	-2.86	48.13	43.3	6.12	96.1	105.4	65.7
1083541541	-3.12	45.30	50.7	5.63	98.3	110.6	62.7
1085542542	-3.37	42.33	59.0	5.22	99.9	116.1	59.4
1087543543	-3.66	39.51	68.1	4.82	99.9	120.9	55.7
1089544544	-3.99	36.62	78.1	4.43	97.8	125.1	51.4
1091545545	-4.32	33.50	88.6	4.11	94.4	129.5	46.8
1093546546	-4.70	30.68	97.9	3.79	88.0	131.7	41.9
1095547547	-5.10	27.25	107.8	3.50	79.3	133.8	36.3
1097548548	-5.54	23.70	115.7	3.24	68.2	134.3	30.5
1099549549	-6.04	20.05	120.6	2.99	54.9	132.5	24.5
1101550550	-6.58	16.41	121.7	2.76	41.3	128.6	18.7
1103551551	-7.17	12.30	120.3	2.56	27.8	123.5	13.0
1105552552	-7.86	7.86	115.4	2.36	15.3	116.5	7.5
1107553553	-8.53	3.60	109.5	2.20	6.0	109.7	3.1
1109554554	-9.28	-1.44	102.3	2.05	-2.0	102.3	-1.1
1111555555	-10.02	-7.28	95.1	1.92	-8.4	95.4	-5.1
1113556556	-10.90	-13.27	87.3	1.80	-12.4	88.2	-8.1
1115557557	-11.62	-20.05	80.8	1.71	-15.6	82.3	-10.9
1117558558	-12.46	-28.12	74.1	1.63	-17.6	76.2	-13.4
1119559559	-13.13	-36.88	68.4	1.57	-19.0	71.0	-15.6
1121560560	-13.76	-47.29	62.7	1.52	-19.7	65.7	-17.5
1123561561	-14.24	-57.82	57.9	1.48	-19.8	61.2	-18.9
1125562562	-14.49	-69.56	53.4	1.46	-19.5	56.8	-20.1
1127563563	-14.54	-81.65	49.2	1.46	-18.9	52.7	-21.0
1129564564	-14.44	-92.53	45.8	1.47	-18.0	49.2	-21.5
1131565565	-14.21	-102.80	42.8	1.48	-16.9	46.0	-21.5
1133566566	-13.85	-112.17	40.1	1.51	-15.7	43.1	-21.4
1135567567	-13.36	-121.20	37.6	1.55	-14.5	40.3	-21.1
1137568568	-12.82	-128.77	35.4	1.59	-13.3	37.8	-20.6
1139569569	-12.24	-135.37	33.4	1.65	-12.2	35.6	-20.0
1141570570	-11.69	-141.47	31.6	1.70	-11.0	33.5	-19.2
1143571571	-11.13	-147.09	29.9	1.77	-9.8	31.5	-18.1
1145572572	-10.54	-152.65	28.2	1.85	-8.4	29.4	-16.7
1147573573	-10.03	-157.55	26.8	1.92	-7.2	27.7	-15.0
1149574574	-9.49	-162.17	25.3	2.01	-5.9	26.0	-13.0
1151575575	-9.05	-166.47	24.2	2.09	-4.6	24.6	-10.7
1153576576	-8.56	-170.06	22.9	2.19	-3.4	23.2	-8.5
1155577577	-8.09	-173.83	21.8	2.30	-2.2	21.9	-5.7
1157578578	-7.66	-177.53	20.7	2.41	-0.9	20.8	-2.5
1159579579	-7.28	178.97	19.8	2.53	0.4	19.8	1.1
1161580580	-6.92	175.92	18.9	2.64	1.5	19.0	4.6
1163581581	-6.54	172.69	18.1	2.78	2.8	18.3	8.8
1165582582	-6.22	169.47	17.3	2.91	4.1	17.8	13.2
1167583583	-5.90	166.39	16.6	3.06	5.3	17.4	17.8
1169584584	-5.58	163.51	15.8	3.22	6.5	17.1	22.4
1171585585	-5.37	160.74	15.4	3.34	7.7	17.2	26.6
1173586586	-5.10	157.83	14.8	3.51	9.0	17.3	31.3
1175587587	-4.83	155.08	14.2	3.69	10.2	17.5	35.8
1177588588	-4.67	152.50	13.8	3.81	11.3	17.9	39.3
1179589589	-4.46	149.99	13.4	3.98	12.5	18.3	43.0
1181590590	-4.25	147.58	12.9	4.17	13.6	18.8	46.5
1183591591	-4.12	145.06	12.7	4.29	14.8	19.5	49.3
1185592592	-4.01	142.54	12.6	4.40	16.0	20.3	51.8
1187593593	-3.88	140.30	12.3	4.55	17.1	21.1	54.2
1189594594	-3.79	138.26	12.2	4.66	18.1	21.8	55.9
1191595595	-3.72	136.32	12.1	4.74	19.0	22.6	57.4
1193596596	-3.62	134.25	12.0	4.86	20.1	23.4	59.1
1195597597	-3.54	132.39	11.9	4.98	21.0	24.1	60.4
1197598598	-3.46	130.53	11.8	5.09	22.0	24.9	61.7
1199599599	-3.35	128.38	11.7	5.25	23.1	25.9	63.2
1201600600	-3.30	126.38	11.7	5.33	24.2	26.8	64.2
1203601601	-3.20	124.51	11.5	5.49	25.2	27.7	65.4
1205602602	-3.12	122.66	11.4	5.62	26.2	28.6	66.4
1207603603	-3.07	120.64	11.5	5.71	27.4	29.7	67.2
1209604604	-2.96	118.45	11.3	5.92	28.6	30.8	68.4
1211605605	-2.89	116.13	11.3	6.07	30.0	32.1	69.3
1213606606	-2.84	113.74	11.4	6.18	31.4	33.4	70.0
1215607607	-2.77	111.49	11.4	6.32	32.8	34.8	70.8
1217608608	-2.72	109.34	11.5	6.44	34.2	36.1	71.4
1219609609	-2.71	107.11	11.8	6.47	35.6	37.5	71.7
1221610610	-2.61	104.69	11.7	6.70	37.2	39.0	72.5
1223611611	-2.57	102.54	11.9	6.81	38.7	40.5	72.9
1225612612	-2.51	100.13	12.0	6.97	40.4	42.2	73.4
1227613613	-2.44	98.01	12.1	7.16	42.0	43.7	74.0
1229614614	-2.37	95.86	12.1	7.39	43.7	45.3	74.5
1231615615	-2.23	93.59	11.8	7.83	45.5	47.1	75.4
1233616616	-2.08	91.56	11.4	8.39	47.3	48.7	76.4
1235617617	-1.95	89.07	11.2	8.95	49.5	50.8	77.2
1237618618	-1.73	85.95	10.6	10.08	52.5	53.6	78.6
1239619619	-1.54	83.12	9.9	11.32	55.4	56.3	79.8
1241620620	-1.36	79.62	9.5	12.76	59.1	59.8	80.9
1243621621	-1.17	76.08	8.8	14.86	63.2	63.8	82.1
1245622622	-0.97	71.95	8.0	17.93	68.3	68.7	83.3
1247623623	-0.77	67.96	7.0	22.63	73.7	74.1	84.5
1249624624	-0.62	63.53	6.4	27.89	80.4	80.6	85.4
1251625625	-0.50	59.12	5.9	34.62	87.9	88.1	86.1
1253626626	-0.42	54.37	5.8	40.96	97.1	97.2	86.6
1255627627	-0.36	50.07	5.7	48.53	106.8	107.0	86.9
1257628628	-0.35	45.49	6.7	49.47	118.9	119.1	86.8
1259629629	-0.32	40.63	7.7	53.48	134.7	134.9	86.7
1261630630	-0.33	35.91	9.9	53.14	153.7	154.1	86.3
1263631631	-0.34	31.58	13.1	51.23	175.9	176.4	85.7
1265632632	-0.43	27.35	22.0	40.28	203.2	204.4	83.8
1267633633	-0.49	23.00	35.0	35.28	240.8	243.4	81.7
1269634634	-0.62	18.66	64.9	27.98	290.2	297.3	77.4
1271635635	-0.72	14.50	117.9	24.08	354.6	373.7	71.6
1273636636	-0.87	10.69	224.6	19.95	414.3	471.2	61.5
1275637637	-1.02	6.81	421.7	16.97	422.9	597.2	45.1
1277638638	-1.17	2.97	646.4	14.83	247.2	692.1	20.9
1279639639	-1.35	-0.59	641.3	12.88	-42.4	642.7	-3.8
1281640640	-1.54	-4.20	482.9	11.30	-198.4	522.1	-22.3
1283641641	-1.69	-7.56	353.8	10.32	-237.8	426.3	-33.9
1285642642	-1.93	-10.86	262.3	9.02	-220.3	342.5	-40.0
1287643643	-2.11	-14.28	202.6	8.26	-203.4	287.1	-45.1
1289644644	-2.30	-17.56	163.6	7.59	-184.2	246.4	-48.4
1291645645	-2.50	-21.10	134.2	6.99	-165.4	213.0	-50.9
1293646646	-2.70	-24.49	113.9	6.48	-149.4	187.9	-52.7
1295647647	-2.90	-27.25	101.7	6.05	-137.0	170.6	-53.4
1297648648	-3.09	-30.55	89.6	5.68	-125.3	154.1	-54.4
1299649649	-3.30	-33.84	80.3	5.32	-114.8	140.0	-55.0
1301650650	-3.48	-37.22	72.2	5.06	-106.1	128.4	-55.8
1303651651	-3.62	-40.40	65.7	4.86	-99.2	119.0	-56.5
1305652652	-3.81	-43.49	60.8	4.63	-92.4	110.7	-56.7
1307653653	-3.94	-46.56	56.2	4.49	-87.1	103.7	-57.1
1309654654	-4.09	-49.80	52.2	4.33	-81.7	97.0	-57.4
1311655655	-4.19	-52.97	48.6	4.22	-77.3	91.3	-57.8
1313656656	-4.32	-56.10	45.5	4.11	-73.0	86.1	-58.0
1315657657	-4.43	-59.11	43.0	4.01	-69.3	81.5	-58.2
1317658658	-4.49	-61.88	40.6	3.95	-66.3	77.7	-58.5
1319659659	-4.57	-64.90	38.4	3.89	-63.1	73.9	-58.7
1321660660	-4.59	-67.83	36.1	3.87	-60.5	70.5	-59.1
1323661661	-4.63	-70.46	34.4	3.84	-58.1	67.5	-59.3
1325662662	-4.65	-73.42	32.6	3.83	-55.6	64.5	-59.7
1327663663	-4.68	-75.88	31.3	3.80	-53.6	62.0	-59.7
1329664664	-4.68	-78.64	29.7	3.80	-51.5	59.5	-60.0
1331665665	-4.65	-81.08	28.3	3.82	-49.8	57.3	-60.4
1333666666	-4.66	-83.31	27.3	3.81	-48.2	55.4	-60.4
1335667667	-4.66	-85.51	26.3	3.82	-46.6	53.5	-60.6
1337668668	-4.61	-87.74	25.2	3.85	-45.2	51.8	-60.9
1339669669	-4.58	-89.88	24.2	3.88	-43.8	50.1	-61.1
1341670670	-4.54	-91.89	23.3	3.91	-42.6	48.6	-61.3
1343671671	-4.52	-93.97	22.5	3.93	-41.3	47.0	-61.4
1345672672	-4.46	-95.95	21.7	3.98	-40.2	45.6	-61.7
1347673673	-4.39	-97.67	20.9	4.04	-39.2	44.4	-62.0
1349674674	-4.36	-99.47	20.2	4.07	-38.1	43.2	-62.1
1351675675	-4.31	-101.06	19.6	4.11	-37.2	42.1	-62.2
1353676676	-4.30	-102.60	19.2	4.12	-36.3	41.1	-62.2
1355677677	-4.21	-104.23	18.4	4.21	-35.5	40.0	-62.5
1357678678	-4.19	-105.88	18.0	4.22	-34.5	39.0	-62.4
1359679679	-4.14	-107.50	17.5	4.28	-33.7	37.9	-62.6
1361680680	-4.09	-108.89	17.0	4.33	-32.9	37.1	-62.7
1363681681	-4.04	-110.14	16.6	4.38	-32.3	36.3	-62.8
1365682682	-3.98	-111.56	16.1	4.44	-31.5	35.4	-63.0
1367683683	-3.92	-113.08	15.6	4.50	-30.7	34.5	-63.1
1369684684	-3.87	-114.48	15.2	4.57	-30.0	33.7	-63.2
1371685685	-3.82	-115.65	14.8	4.62	-29.4	33.0	-63.3
1373686686	-3.77	-116.69	14.5	4.68	-28.9	32.3	-63.4
1375687687	-3.74	-117.99	14.2	4.72	-28.2	31.6	-63.3
1377688688	-3.71	-119.39	13.9	4.76	-27.5	30.8	-63.2
1379689689	-3.60	-120.56	13.4	4.89	-27.0	30.1	-63.6
1381690690	-3.55	-121.54	13.1	4.96	-26.5	29.6	-63.7
1383691691	-3.51	-122.58	12.8	5.02	-26.0	29.0	-63.8
1385692692	-3.47	-123.91	12.5	5.07	-25.3	28.2	-63.7
1387693693	-3.41	-125.02	12.2	5.16	-24.8	27.6	-63.8
1389694694	-3.36	-126.06	11.9	5.23	-24.3	27.1	-63.8
1391695695	-3.31	-126.99	11.6	5.31	-23.8	26.5	-64.0
1393696696	-3.24	-127.93	11.3	5.42	-23.4	26.0	-64.2
1395697697	-3.18	-129.09	11.0	5.52	-22.8	25.4	-64.2
1397698698	-3.11	-129.98	10.7	5.65	-22.4	24.9	-64.5
1399699699	-3.05	-131.00	10.4	5.76	-22.0	24.3	-64.6
1401700700	-2.98	-131.82	10.1	5.89	-21.6	23.8	-64.9
1403701701	-2.92	-132.83	9.9	6.01	-21.1	23.3	-65.0
1405702702	-2.85	-133.63	9.6	6.14	-20.7	22.9	-65.2
1407703703	-2.79	-134.38	9.3	6.27	-20.4	22.4	-65.4
1409704704	-2.74	-135.28	9.1	6.40	-20.0	22.0	-65.5
1411705705	-2.67	-135.96	8.9	6.55	-19.7	21.6	-65.8
1413706706	-2.61	-136.79	8.6	6.71	-19.3	21.1	-66.0
1415707707	-2.53	-137.54	8.3	6.91	-19.0	20.7	-66.3
1417708708	-2.46	-138.22	8.0	7.10	-18.7	20.3	-66.7
1419709709	-2.38	-138.78	7.7	7.36	-18.4	20.0	-67.2
1421710710	-2.31	-139.57	7.5	7.55	-18.0	19.5	-67.4
1423711711	-2.24	-140.15	7.2	7.81	-17.8	19.2	-67.9
1425712712	-2.17	-140.71	7.0	8.05	-17.5	18.9	-68.3
1427713713	-2.10	-141.29	6.7	8.31	-17.3	18.5	-68.7
1429714714	-2.01	-141.87	6.4	8.67	-17.0	18.2	-69.3
1431715715	-1.95	-142.48	6.2	8.95	-16.7	17.9	-69.6
1433716716	-1.89	-142.92	6.0	9.21	-16.5	17.6	-70.0
1435717717	-1.83	-143.36	5.8	9.53	-16.4	17.4	-70.4
1437718718	-1.78	-143.93	5.6	9.81	-16.1	17.0	-70.7
1439719719	-1.70	-144.50	5.4	10.23	-15.8	16.7	-71.2
1441720720	-1.63	-144.76	5.1	10.71	-15.7	16.5	-71.9
1443721721	-1.54	-145.05	4.8	11.33	-15.6	16.3	-72.7
1445722722	-1.47	-145.47	4.6	11.86	-15.4	16.1	-73.3
1447723723	-1.42	-145.74	4.5	12.24	-15.3	15.9	-73.7
1449724724	-1.39	-146.12	4.4	12.54	-15.1	15.7	-73.9
1451725725	-1.33	-146.51	4.2	13.05	-14.9	15.5	-74.4
1453726726	-1.26	-146.76	4.0	13.76	-14.8	15.4	-75.1
1455727727	-1.23	-147.01	3.8	14.16	-14.7	15.2	-75.4
1457728728	-1.18	-147.19	3.7	14.72	-14.6	15.1	-75.9
1459729729	-1.14	-147.57	3.6	15.25	-14.5	14.9	-76.2
1461730730	-1.12	-147.82	3.5	15.59	-14.4	14.8	-76.4
1463731731	-1.06	-148.02	3.3	16.40	-14.3	14.6	-77.0
1465732732	-1.00	-148.29	3.1	17.32	-14.1	14.5	-77.6
1467733733	-0.99	-148.50	3.1	17.55	-14.1	14.4	-77.7
1469734734	-0.94	-148.57	2.9	18.50	-14.0	14.3	-78.3
1471735735	-0.91	-148.78	2.8	19.18	-13.9	14.2	-78.6
1473736736	-0.91	-149.01	2.8	19.07	-13.8	14.1	-78.5
1475737737	-0.87	-149.10	2.7	20.00	-13.8	14.0	-79.0
1477738738	-0.85	-149.18	2.6	20.43	-13.7	14.0	-79.2
1479739739	-0.79	-149.34	2.4	22.12	-13.7	13.9	-79.9
1481740740	-0.77	-149.64	2.4	22.50	-13.5	13.7	-80.0
1483741741	-0.76	-149.78	2.3	22.98	-13.5	13.7	-80.2
1485742742	-0.79	-150.04	2.4	22.02	-13.3	13.6	-79.7
1487743743	-0.74	-150.23	2.3	23.37	-13.3	13.5	-80.2
1489744744	-0.75	-150.44	2.3	23.17	-13.2	13.4	-80.1
1491745745	-0.74	-150.55	2.3	23.54	-13.1	13.3	-80.2
1493746746	-0.71	-150.78	2.2	24.46	-13.0	13.2	-80.5
1495747747	-0.72	-150.91	2.2	24.12	-13.0	13.1	-80.3
1497748748	-0.73	-150.95	2.2	23.86	-12.9	13.1	-80.2
1499749749	-0.70	-151.19	2.2	24.68	-12.8	13.0	-80.4
1501750750	-0.72	-151.51	2.2	24.30	-12.7	12.9	-80.2
1503751751	-0.71	-151.75	2.2	24.44	-12.6	12.7	-80.2
1505752752	-0.70	-152.09	2.1	24.81	-12.4	12.6	-80.2
1507753753	-0.71	-152.29	2.2	24.44	-12.3	12.5	-80.0
1509754754	-0.72	-152.73	2.2	24.13	-12.1	12.3	-79.7
1511755755	-0.71	-152.79	2.2	24.31	-12.1	12.3	-79.8
1513756756	-0.74	-153.06	2.2	23.56	-12.0	12.2	-79.4
1515757757	-0.75	-153.50	2.3	23.27	-11.8	12.0	-79.1
1517758758	-0.73	-153.68	2.2	23.91	-11.7	11.9	-79.3
1519759759	-0.72	-153.95	2.2	24.17	-11.5	11.7	-79.3
1521760760	-0.73	-154.31	2.2	23.89	-11.4	11.6	-79.1
1523761761	-0.71	-154.65	2.1	24.65	-11.2	11.4	-79.2
1525762762	-0.66	-155.74	2.0	26.36	-10.7	10.9	-79.5
1527763763	-0.64	-157.05	1.9	27.01	-10.1	10.3	-79.2
1529764764	-0.67	-155.85	2.0	25.77	-10.7	10.9	-79.2
1531765765	-0.71	-155.77	2.1	24.48	-10.7	10.9	-78.7
1533766766	-0.73	-156.20	2.2	23.96	-10.5	10.7	-78.3
1535767767	-0.71	-156.42	2.1	24.57	-10.4	10.6	-78.5
1537768768	-0.68	-156.85	2.0	25.52	-10.2	10.4	-78.7
1539769769	-0.67	-157.36	2.0	25.97	-10.0	10.2	-78.7
1541770770	-0.71	-157.75	2.1	24.53	-9.8	10.0	-77.8
1543771771	-0.70	-158.17	2.1	24.97	-9.6	9.8	-77.8
1545772772	-0.69	-158.50	2.0	25.28	-9.5	9.7	-77.8
1547773773	-0.66	-158.88	2.0	26.20	-9.3	9.5	-78.0
1549774774	-0.65	-159.32	1.9	26.62	-9.1	9.3	-78.0
1551775775	-0.66	-159.81	2.0	26.33	-8.9	9.1	-77.6
1553776776	-0.64	-160.07	1.9	27.27	-8.8	9.0	-77.8
1555777777	-0.61	-160.58	1.8	28.36	-8.5	8.7	-78.0
1557778778	-0.62	-161.04	1.8	28.11	-8.3	8.5	-77.6
1559779779	-0.58	-161.30	1.7	29.93	-8.2	8.4	-78.2
1561780780	-0.56	-161.66	1.7	30.78	-8.1	8.2	-78.3
1563781781	-0.55	-162.15	1.6	31.41	-7.8	8.0	-78.3
1565782782	-0.50	-162.60	1.5	35.00	-7.6	7.8	-79.2
1567783783	-0.46	-163.00	1.4	37.71	-7.5	7.6	-79.7
1569784784	-0.43	-163.38	1.3	40.17	-7.3	7.4	-80.1
1571785785	-0.40	-163.69	1.2	43.46	-7.2	7.3	-80.7
1573786786	-0.35	-163.92	1.0	49.96	-7.1	7.1	-81.8
1575787787	-0.32	-164.40	0.9	53.72	-6.8	6.9	-82.1
1577788788	-0.26	-164.71	0.8	66.61	-6.7	6.8	-83.5
1579789789	-0.20	-165.03	0.6	87.21	-6.6	6.6	-84.9
1581790790	-0.16	-165.56	0.5	109.47	-6.3	6.4	-85.8
1583791791	-0.12	-165.79	0.3	147.05	-6.2	6.2	-86.8
1585792792	-0.03	-166.32	0.1	511.20	-6.0	6.0	-89.1
1587793793	0.00	-166.79	0.0	?	-5.8	5.8	-90.0
1589794794	0.00	-167.17	0.0	?	-5.6	5.6	-90.0
1591795795	0.00	-167.48	0.0	?	-5.5	5.5	-90.0
1593796796	0.00	-167.91	0.0	?	-5.3	5.3	-90.0
1595797797	0.00	-168.26	0.0	?	-5.1	5.1	-90.0
1597798798	0.00	-168.76	0.0	?	-4.9	4.9	-90.0
1599799799	0.00	-169.09	0.0	?	-4.8	4.8	-90.0
1601800800	0.00	-169.57	0.0	?	-4.6	4.6	-90.0
1603801801	0.00	-169.83	0.0	?	-4.5	4.5	-90.0
1605802802	0.00	-170.16	0.0	?	-4.3	4.3	-90.0
1607803803	0.00	-170.65	0.0	?	-4.1	4.1	-90.0
1609804804	0.00	-171.04	0.0	?	-3.9	3.9	-90.0
1611805805	0.00	-171.46	0.0	?	-3.7	3.7	-90.0
1613806806	0.00	-171.93	0.0	?	-3.5	3.5	-90.0
1615807807	0.00	-172.25	0.0	?	-3.4	3.4	-90.0
1617808808	0.00	-172.71	0.0	?	-3.2	3.2	-90.0
1619809809	0.00	-173.44	0.0	?	-2.9	2.9	-90.0
1621810810	0.00	-173.70	0.0	?	-2.8	2.8	-90.0
1623811811	0.00	-173.95	0.0	?	-2.6	2.6	-90.0
1625812812	0.00	-174.31	0.0	?	-2.5	2.5	-90.0
1627813813	0.00	-174.76	0.0	?	-2.3	2.3	-90.0
1629814814	0.00	-175.00	0.0	?	-2.2	2.2	-90.0
1631815815	0.00	-175.44	0.0	?	-2.0	2.0	-90.0
1633816816	0.00	-175.96	0.0	?	-1.8	1.8	-90.0
1635817817	0.00	-176.23	0.0	?	-1.6	1.6	-90.0
1637818818	0.00	-176.70	0.0	?	-1.4	1.4	-90.0
1639819819	0.00	-177.05	0.0	?	-1.3	1.3	-90.0
1641820820	0.00	-177.63	0.0	?	-1.0	1.0	-90.0
1643821821	0.00	-177.92	0.0	?	-0.9	0.9	-90.0
1645822822	0.00	-178.43	0.0	?	-0.7	0.7	-90.0
1647823823	0.00	-178.78	0.0	?	-0.5	0.5	-90.0
1649824824	0.00	-179.32	0.0	?	-0.3	0.3	-90.0
1651825825	0.00	-179.77	0.0	?	-0.1	0.1	-90.0
1653826826	0.00	179.90	0.0	?	0.0	0.0	90.0
1655827827	0.00	179.22	0.0	?	0.3	0.3	90.0
1657828828	0.00	178.80	0.0	?	0.5	0.5	90.0
1659829829	0.00	178.32	0.0	?	0.7	0.7	90.0
1661830830	0.00	177.96	0.0	?	0.9	0.9	90.0
1663831831	0.00	177.59	0.0	?	1.1	1.1	90.0
1665832832	0.00	177.28	0.0	?	1.2	1.2	90.0
1667833833	0.00	176.67	0.0	?	1.5	1.5	90.0
1669834834	0.00	175.89	0.0	?	1.8	1.8	90.0
1671835835	0.00	175.01	0.0	?	2.2	2.2	90.0
1673836836	0.00	174.46	0.0	?	2.4	2.4	90.0
1675837837	0.00	173.94	0.0	?	2.6	2.6	90.0
1677838838	0.00	173.16	0.0	?	3.0	3.0	90.0
1679839839	0.00	172.57	0.0	?	3.2	3.2	90.0
1681840840	0.00	172.03	0.0	?	3.5	3.5	90.0
1683841841	0.00	171.09	0.0	?	3.9	3.9	90.0
1685842842	0.00	170.29	0.0	?	4.2	4.2	90.0
1687843843	0.00	169.52	0.0	?	4.6	4.6	90.0
1689844844	0.00	168.92	0.0	?	4.9	4.9	90.0
1691845845	0.00	167.92	0.0	?	5.3	5.3	90.0
1693846846	0.00	167.03	0.0	?	5.7	5.7	90.0
1695847847	0.00	166.28	0.0	?	6.0	6.0	90.0
1697848848	0.00	165.54	0.0	?	6.3	6.3	90.0
1699849849	0.00	164.72	0.0	?	6.7	6.7	90.0
1701850850	0.00	163.83	0.0	?	7.1	7.1	90.0
1703851851	0.00	163.07	0.0	?	7.4	7.4	90.0
1705852852	0.00	162.37	0.0	?	7.8	7.8	90.0
1707853853	0.00	161.32	0.0	?	8.2	8.2	90.0
1709854854	0.00	160.84	0.0	?	8.4	8.4	90.0
1711855855	0.00	160.22	0.0	?	8.7	8.7	90.0
1713856856	0.00	159.86	0.0	?	8.9	8.9	90.0
1715857857	0.00	158.92	0.0	?	9.3	9.3	90.0
1717858858	0.00	158.72	0.0	?	9.4	9.4	90.0
1719859859	0.00	158.76	0.0	?	9.4	9.4	90.0
1721860860	0.00	158.31	0.0	?	9.6	9.6	90.0
1723861861	0.00	158.16	0.0	?	9.6	9.6	90.0
1725862862	0.00	157.82	0.0	?	9.8	9.8	90.0
1727863863	0.00	157.32	0.0	?	10.0	10.0	90.0
1729864864	0.00	156.87	0.0	?	10.2	10.2	90.0
1731865865	0.00	156.54	0.0	?	10.4	10.4	90.0
1733866866	0.00	155.50	0.0	?	10.9	10.9	90.0
1735867867	0.00	154.66	0.0	?	11.2	11.2	90.0
1737868868	0.00	153.66	0.0	?	11.7	11.7	90.0
1739869869	0.00	152.96	0.0	?	12.0	12.0	90.0
1741870870	0.00	151.48	0.0	?	12.7	12.7	90.0
1743871871	0.00	150.00	0.0	?	13.4	13.4	90.0
1745872872	0.00	148.62	0.0	?	14.0	14.0	90.0
1747873873	0.00	147.43	0.0	?	14.6	14.6	90.0
1749874874	0.00	146.01	0.0	?	15.3	15.3	90.0
1751875875	0.00	144.61	0.0	?	16.0	16.0	90.0
1753876876	0.00	142.76	0.0	?	16.8	16.8	90.0
1755877877	0.00	140.95	0.0	?	17.7	17.7	90.0
1757878878	0.00	139.43	0.0	?	18.5	18.5	90.0
1759879879	0.00	137.73	0.0	?	19.3	19.3	90.0
1761880880	0.00	135.80	0.0	?	20.3	20.3	90.0
1763881881	0.00	134.55	0.0	?	20.9	20.9	90.0
1765882882	0.00	132.63	0.0	?	21.9	21.9	90.0
1767883883	0.00	130.43	0.0	?	23.1	23.1	90.0
1769884884	0.00	128.94	0.0	?	23.9	23.9	90.0
1771885885	0.00	127.35	0.0	?	24.7	24.7	90.0
1773886886	0.00	125.44	0.0	?	25.8	25.8	90.0
1775887887	0.00	123.55	0.0	?	26.8	26.8	90.0
1777888888	0.00	121.74	0.0	?	27.9	27.9	90.0
1779889889	0.00	119.53	0.0	?	29.1	29.1	90.0
1781890890	0.00	118.20	0.0	?	29.9	29.9	90.0
1783891891	0.00	116.43	0.0	?	31.0	31.0	90.0
1785892892	0.00	114.39	0.0	?	32.2	32.2	90.0
1787893893	0.00	113.21	0.0	?	33.0	33.0	90.0
1789894894	0.00	110.94	0.0	?	34.4	34.4	90.0
1791895895	0.00	109.01	0.0	?	35.7	35.7	90.0
1793896896	0.00	107.07	0.0	?	36.9	36.9	90.0
1795897897	0.00	105.48	0.0	?	38.0	38.0	90.0
1797898898	0.00	103.40	0.0	?	39.5	39.5	90.0
1799899899	0.00	101.67	0.0	?	40.7	40.7	90.0
1801900900	0.00	99.86	0.0	?	42.1	42.1	90.0
1803901901	0.00	98.03	0.0	?	43.4	43.4	90.0
1805902902	0.00	96.13	0.0	?	44.9	44.9	90.0
1807903903	0.00	94.10	0.0	?	46.5	46.5	90.0
1809904904	0.00	92.11	0.0	?	48.2	48.2	90.0
1811905905	0.00	90.31	0.0	?	49.7	49.7	90.0
1813906906	0.00	88.44	0.0	?	51.4	51.4	90.0
1815907907	0.00	86.74	0.0	?	52.9	52.9	90.0
1817908908	0.00	84.69	0.0	?	54.9	54.9	90.0
1819909909	0.00	82.63	0.0	?	56.9	56.9	90.0
1821910910	0.00	80.25	0.0	?	59.3	59.3	90.0
1823911911	-0.11	78.44	0.8	162.82	61.3	61.3	89.3
1825912912	-0.37	76.51	2.8	47.10	63.3	63.4	87.5
1827913913	-0.66	74.25	5.2	26.27	65.8	66.0	85.5
1829914914	-0.92	72.24	7.6	18.83	68.0	68.4	83.6
1831915915	-1.15	70.17	9.9	15.10	70.3	70.9	82.0
1833916916	-1.43	67.78	13.0	12.19	72.8	74.0	79.9
1835917917	-1.72	65.83	16.3	10.14	74.8	76.5	77.7
1837918918	-1.96	63.41	19.7	8.91	77.4	79.8	75.7
1839919919	-2.23	61.13	23.6	7.84	79.6	83.0	73.5
1841920920	-2.47	58.58	27.7	7.09	82.2	86.7	71.4
1843921921	-2.72	56.73	31.7	6.45	83.5	89.3	69.2
1845922922	-3.00	54.18	37.0	5.86	85.4	93.1	66.6
1847923923	-3.23	51.81	42.1	5.44	87.0	96.7	64.2
1849924924	-3.48	48.83	48.7	5.06	89.0	101.4	61.3
1851925925	-3.71	46.33	54.7	4.76	90.0	105.3	58.7
1853926926	-3.93	43.66	61.5	4.50	90.7	109.6	55.9
1855927927	-4.13	40.93	68.6	4.29	91.1	114.1	53.0
1857928928	-4.36	38.43	75.8	4.07	90.0	117.7	49.9
1859929929	-4.53	35.64	83.6	3.92	89.2	122.2	46.9
1861930930	-4.73	32.90	91.5	3.76	86.9	126.2	43.5
1863931931	-4.97	30.24	99.2	3.59	82.7	129.1	39.8
1865932932	-5.14	26.90	108.7	3.48	78.4	134.0	35.8
1867933933	-5.26	24.14	116.3	3.40	74.0	137.9	32.5
1869934934	-5.38	21.28	123.9	3.33	68.2	141.4	28.8
1871935935	-5.53	18.63	129.9	3.25	61.0	143.6	25.2
1873936936	-5.66	15.91	135.3	3.18	53.1	145.4	21.4
1875937937	-5.73	12.77	141.5	3.14	44.1	148.2	17.3
1877938938	-5.79	9.50	146.8	3.11	33.8	150.6	13.0
1879939939	-5.91	6.87	148.2	3.05	24.1	150.1	9.3
1881940940	-6.05	4.19	147.7	2.99	14.3	148.4	5.5
1883941941	-6.12	1.20	147.7	2.96	4.1	147.7	1.6
1885942942	-6.16	-1.61	146.7	2.94	-5.3	146.8	-2.1
1887943943	-6.24	-4.18	143.6	2.90	-13.4	144.3	-5.3
1889944944	-6.27	-7.07	140.6	2.89	-22.0	142.3	-8.9
1891945945	-6.35	-9.86	135.7	2.86	-29.1	138.7	-12.1
1893946946	-6.40	-12.45	131.0	2.84	-35.1	135.6	-15.0
1895947947	-6.47	-15.47	124.9	2.81	-40.9	131.4	-18.1
1897948948	-6.55	-18.29	118.7	2.78	-45.0	126.9	-20.8
1899949949	-6.61	-20.78	113.4	2.75	-48.1	123.2	-23.0
1901950950	-6.66	-23.01	108.7	2.73	-50.3	119.8	-24.8
1903951951	-6.79	-25.55	103.0	2.69	-51.4	115.1	-26.5
1905952952	-6.94	-27.94	97.8	2.63	-51.7	110.6	-27.8
1907953953	-7.13	-30.32	92.9	2.57	-51.2	106.1	-28.9
1909954954	-7.30	-31.87	89.8	2.52	-50.3	102.9	-29.3
1911955955	-7.44	-32.97	87.6	2.47	-49.4	100.5	-29.4
1913956956	-7.59	-34.39	85.1	2.43	-48.6	98.0	-29.7
1915957957	-7.66	-35.31	83.6	2.41	-48.3	96.5	-30.0
1917958958	-7.67	-35.32	83.6	2.41	-48.2	96.5	-30.0
1919959959	-7.74	-35.36	83.3	2.39	-47.5	95.9	-29.7
1921960960	-7.65	-35.35	83.5	2.42	-48.4	96.5	-30.1
1923961961	-7.51	-35.17	84.2	2.46	-49.6	97.7	-30.5
1925962962	-7.34	-35.09	84.7	2.51	-51.3	99.0	-31.2
1927963963	-7.14	-35.33	84.7	2.57	-53.4	100.1	-32.2
1929964964	-6.90	-35.69	84.6	2.65	-56.0	101.5	-33.5
1931965965	-6.73	-36.59	83.4	2.71	-58.1	101.6	-34.9
1933966966	-6.61	-37.80	81.4	2.76	-59.7	101.0	-36.2
1935967967	-6.40	-38.68	80.0	2.84	-62.1	101.3	-37.8
1937968968	-6.14	-39.83	77.9	2.95	-65.0	101.5	-39.8
1939969969	-5.96	-40.68	76.2	3.03	-67.0	101.5	-41.3
1941970970	-5.82	-42.01	73.6	3.09	-68.3	100.4	-42.8
1943971971	-5.65	-42.66	72.1	3.18	-70.1	100.5	-44.2
1945972972	-5.49	-44.01	69.3	3.27	-71.3	99.4	-45.8
1947973973	-5.37	-44.86	67.4	3.34	-72.2	98.8	-47.0
1949974974	-5.21	-45.77	65.2	3.43	-73.4	98.2	-48.4
1951975975	-5.07	-47.09	62.4	3.52	-74.0	96.9	-49.9
1953976976	-4.93	-48.10	60.1	3.62	-74.8	96.0	-51.2
1955977977	-4.82	-49.21	57.9	3.69	-75.0	94.7	-52.3
1957978978	-4.66	-50.18	55.5	3.82	-75.7	93.9	-53.8
1959979979	-4.52	-52.00	52.1	3.93	-75.3	91.6	-55.3
1961980980	-4.42	-52.58	50.6	4.01	-75.7	91.0	-56.2
1963981981	-4.31	-53.17	49.1	4.11	-76.0	90.5	-57.1
1965982982	-4.17	-54.36	46.6	4.25	-76.0	89.2	-58.5
1967983983	-4.07	-55.27	44.8	4.35	-75.8	88.1	-59.4
1969984984	-3.94	-55.93	43.1	4.49	-76.1	87.4	-60.5
1971985985	-3.94	-56.55	42.4	4.48	-75.4	86.5	-60.6
1973986986	-3.81	-57.60	40.3	4.63	-75.1	85.2	-61.8
1975987987	-3.66	-58.53	38.2	4.82	-75.1	84.2	-63.0
1977988988	-3.54	-58.74	37.1	4.97	-75.6	84.2	-63.9
1979989989	-3.51	-59.69	35.9	5.01	-74.7	82.8	-64.3
1981990990	-3.47	-60.43	34.9	5.07	-74.0	81.9	-64.7
1983991991	-3.40	-61.34	33.6	5.18	-73.4	80.7	-65.4
1985992992	-3.28	-62.19	31.9	5.36	-73.0	79.7	-66.4
1987993993	-3.21	-62.42	31.2	5.48	-73.1	79.5	-66.9
1989994994	-3.17	-63.16	30.3	5.54	-72.4	78.5	-67.3
1991995995	-3.10	-63.66	29.3	5.67	-72.2	77.9	-67.9
1993996996	-3.01	-64.25	28.2	5.83	-71.9	77.2	-68.6
1995997997	-3.00	-65.10	27.6	5.84	-70.9	76.1	-68.7
1997998998	-2.93	-65.60	26.7	5.98	-70.7	75.5	-69.3
1999999999	-2.89	-66.20	26.0	6.07	-70.1	74.8	-69.7
