1000000	-1.20	90.08	6.9	14.47	49.5	49.9	82.1
3001001	0.00	84.58	0.0	?	55.0	55.0	90.0
5002002	0.00	78.49	0.0	?	61.2	61.2	90.0
7003003	0.00	73.68	0.0	?	66.7	66.7	90.0
9004004	0.00	69.69	0.0	?	71.8	71.8	90.0
11005005	-0.01	67.41	0.1	810.31	75.0	75.0	89.9
13006006	-0.06	65.11	0.6	270.70	78.3	78.3	89.5
15007007	-0.25	62.06	2.7	68.53	83.1	83.1	88.1
17008008	-0.32	60.42	3.6	55.08	85.8	85.8	87.6
19009009	-0.41	58.69	4.9	42.78	88.7	88.9	86.9
21010010	-0.45	57.05	5.6	38.78	91.7	91.9	86.5
23011011	-0.49	55.48	6.4	35.82	94.7	95.0	86.1
25012012	-0.53	54.04	7.4	32.66	97.6	97.9	85.7
27013013	-0.56	52.59	8.1	31.19	100.7	101.0	85.4
29014014	-0.58	51.23	8.9	29.78	103.7	104.1	85.1
31015015	-0.61	50.06	9.8	28.47	106.3	106.8	84.8
33016016	-0.63	48.91	10.4	27.80	109.1	109.6	84.5
35017017	-0.63	47.90	10.9	27.53	111.7	112.2	84.4
37018018	-0.62	46.90	11.2	28.05	114.3	114.9	84.4
39019019	-0.60	45.81	11.4	28.77	117.4	118.0	84.5
41020020	-0.60	44.73	11.8	29.05	120.5	121.1	84.4
43021021	-0.60	43.65	12.4	28.84	123.8	124.4	84.3
45022022	-0.62	42.74	13.4	27.91	126.6	127.3	84.0
47023023	-0.63	41.82	14.1	27.67	129.5	130.3	83.8
49024024	-0.65	41.00	15.0	26.91	132.2	133.1	83.5
51025025	-0.66	40.14	15.9	26.47	135.2	136.1	83.3
53026026	-0.68	39.34	16.9	25.74	138.0	139.1	83.0
55027027	-0.70	38.53	18.3	24.76	140.9	142.1	82.6
57028028	-0.72	37.80	19.5	24.09	143.7	145.0	82.3
59029029	-0.75	37.06	21.1	23.11	146.5	148.0	81.8
61030030	-0.78	36.31	22.8	22.17	149.3	151.1	81.3
63031031	-0.82	35.58	24.7	21.27	152.2	154.2	80.8
65032032	-0.87	34.86	27.1	20.08	155.0	157.3	80.1
67033033	-0.92	34.10	29.9	18.90	157.9	160.7	79.3
69034034	-0.96	33.35	32.6	18.03	160.9	164.1	78.6
71035035	-1.02	32.60	35.9	17.00	163.8	167.6	77.6
73036036	-1.09	31.79	39.7	16.02	166.9	171.5	76.6
75037037	-1.15	31.03	43.6	15.19	169.8	175.3	75.6
77038038	-1.21	30.20	48.1	14.35	172.9	179.4	74.4
79039039	-1.29	29.33	53.4	13.52	176.0	183.9	73.1
81040040	-1.37	28.51	59.1	12.73	178.5	188.1	71.7
83041041	-1.46	27.68	65.5	11.95	180.7	192.2	70.1
85042042	-1.55	26.92	72.0	11.27	182.2	195.9	68.4
87043043	-1.61	26.22	77.7	10.81	183.9	199.6	67.1
89044044	-1.66	25.32	84.2	10.48	186.8	204.9	65.7
91045045	-1.73	24.30	92.6	10.05	189.5	210.9	64.0
93046046	-1.81	23.28	101.7	9.63	191.4	216.8	62.0
95047047	-1.88	22.37	110.5	9.27	192.6	222.1	60.2
97048048	-1.95	21.38	120.2	8.96	193.9	228.1	58.2
99049049	-1.98	20.26	130.7	8.81	196.9	236.3	56.4
101050050	-2.03	19.04	143.4	8.61	198.8	245.2	54.2
103051051	-2.08	17.73	158.4	8.39	199.5	254.7	51.5
105052052	-2.13	16.38	174.9	8.18	198.9	264.9	48.7
107053053	-2.20	14.94	193.7	7.95	195.4	275.2	45.2
109054054	-2.26	13.57	212.3	7.71	188.9	284.2	41.7
111055055	-2.32	12.25	230.4	7.53	180.7	292.8	38.1
113056056	-2.38	10.79	250.1	7.34	168.8	301.7	34.0
115057057	-2.44	9.34	268.8	7.17	153.5	309.5	29.7
117058058	-2.48	7.80	287.4	7.04	134.7	317.4	25.1
119059059	-2.54	6.21	303.2	6.89	110.7	322.8	20.1
121060060	-2.58	4.63	315.7	6.78	84.5	326.8	15.0
123061061	-2.62	3.00	323.9	6.67	55.3	328.6	9.7
125062062	-2.66	1.30	327.1	6.58	23.8	328.0	4.2
127063063	-2.71	-0.45	323.5	6.47	-8.0	323.6	-1.4
129064064	-2.74	-2.21	315.1	6.39	-37.8	317.3	-6.8
131065065	-2.76	-3.99	302.7	6.34	-65.2	309.6	-12.2
133066066	-2.79	-5.83	285.3	6.27	-88.6	298.8	-17.3
135067067	-2.82	-7.68	266.0	6.22	-107.7	287.0	-22.0
137068068	-2.82	-9.64	245.3	6.21	-124.2	274.9	-26.9
139069069	-2.83	-11.59	224.1	6.19	-135.7	262.0	-31.2
141070070	-2.83	-13.69	202.4	6.19	-144.4	248.6	-35.5
143071071	-2.83	-15.77	181.8	6.19	-149.1	235.1	-39.3
145072072	-2.83	-17.86	162.9	6.19	-150.7	221.9	-42.8
147073073	-2.83	-20.07	145.1	6.20	-150.4	208.9	-46.0
149074074	-2.83	-22.28	129.3	6.20	-148.1	196.6	-48.9
151075075	-2.81	-24.51	115.2	6.24	-145.1	185.3	-51.6
153076076	-2.79	-26.88	102.1	6.27	-141.1	174.2	-54.1
155077077	-2.77	-29.25	90.8	6.32	-136.5	164.0	-56.4
157078078	-2.77	-31.69	80.9	6.33	-131.1	154.1	-58.3
159079079	-2.77	-34.10	72.7	6.33	-125.6	145.1	-60.0
161080080	-2.79	-36.50	65.8	6.29	-119.9	136.7	-61.2
163081081	-2.80	-38.82	60.0	6.26	-114.7	129.5	-62.4
165082082	-2.78	-40.91	55.0	6.31	-110.7	123.6	-63.6
167083083	-2.73	-43.01	50.2	6.41	-107.0	118.2	-64.9
169084084	-2.65	-45.21	45.2	6.61	-103.6	113.1	-66.4
171085085	-2.56	-47.76	40.2	6.84	-99.6	107.5	-68.0
173086086	-2.48	-50.42	35.9	7.04	-95.4	101.9	-69.4
175087087	-2.42	-53.27	32.0	7.21	-90.8	96.3	-70.6
177088088	-2.38	-56.25	28.7	7.35	-86.2	90.9	-71.6
179089089	-2.35	-59.29	26.0	7.44	-81.7	85.7	-72.3
181090090	-2.32	-62.42	23.6	7.52	-77.3	80.9	-73.0
183091091	-2.30	-65.44	21.6	7.60	-73.4	76.5	-73.6
185092092	-2.27	-68.71	19.7	7.71	-69.4	72.2	-74.2
187093093	-2.23	-72.27	17.8	7.83	-65.4	67.7	-74.7
189094094	-2.18	-76.13	16.0	8.00	-61.3	63.4	-75.3
191095095	-2.13	-80.56	14.3	8.22	-57.0	58.7	-75.9
193096096	-2.14	-85.74	13.0	8.15	-52.1	53.7	-76.0
195097097	-2.24	-91.14	12.4	7.81	-47.5	49.0	-75.4
197098098	-2.38	-96.89	12.0	7.35	-42.9	44.5	-74.4
199099099	-2.54	-103.00	11.7	6.89	-38.4	40.2	-73.1
201100100	-2.73	-109.71	11.5	6.42	-33.9	35.8	-71.3
203101101	-2.96	-117.33	11.5	5.92	-29.3	31.4	-68.6
205102102	-3.30	-126.17	11.7	5.33	-24.3	26.9	-64.3
207103103	-3.76	-135.65	12.3	4.69	-19.3	22.9	-57.4
209104104	-4.31	-146.25	13.2	4.11	-14.2	19.4	-47.1
211105105	-5.04	-158.46	14.6	3.54	-8.7	17.0	-30.9
213106106	-5.96	-171.88	16.6	3.03	-3.2	16.9	-10.8
215107107	-6.88	173.64	18.9	2.66	2.4	19.0	7.2
217108108	-7.61	156.67	21.3	2.43	8.5	23.0	21.8
219109109	-8.00	137.78	24.1	2.32	15.3	28.5	32.4
221110110	-8.05	117.59	27.7	2.31	23.0	36.0	39.8
223111111	-7.68	99.46	31.7	2.41	31.2	44.5	44.5
225112112	-7.02	83.33	36.6	2.61	40.4	54.5	47.9
227113113	-6.23	69.17	42.8	2.91	51.2	66.7	50.1
229114114	-5.55	57.82	50.4	3.24	62.4	80.2	51.1
231115115	-4.93	47.41	61.2	3.62	75.4	97.1	50.9
233116116	-4.35	38.94	74.5	4.08	89.7	116.6	50.3
235117117	-3.89	31.49	92.9	4.53	104.7	140.0	48.4
237118118	-3.41	24.83	118.2	5.15	123.0	170.5	46.1
239119119	-3.07	18.56	156.7	5.71	138.1	208.9	41.4
241120120	-2.82	12.56	214.2	6.21	140.7	256.3	33.3
243121121	-2.63	7.08	285.7	6.66	114.5	307.8	21.8
245122122	-2.49	2.09	345.1	7.01	43.3	347.8	7.1
247123123	-2.38	-2.38	359.5	7.35	-53.8	363.5	-8.5
249124124	-2.30	-6.69	318.6	7.61	-138.7	347.5	-23.5
251125125	-2.24	-10.57	258.6	7.79	-181.8	316.1	-35.1
253126126	-2.17	-14.02	206.3	8.05	-198.2	286.1	-43.9
255127127	-2.08	-17.45	161.5	8.40	-200.5	257.5	-51.2
257128128	-1.98	-20.94	124.9	8.79	-193.7	230.5	-57.2
259129129	-1.93	-24.28	98.8	9.05	-181.6	206.8	-61.5
261130130	-1.89	-27.64	79.6	9.21	-168.1	186.0	-64.7
263131131	-1.88	-30.69	66.6	9.28	-156.1	169.7	-66.9
265132132	-1.86	-33.44	57.2	9.38	-146.2	157.0	-68.6
267133133	-1.81	-35.97	49.4	9.64	-138.2	146.8	-70.3
269134134	-1.76	-38.53	42.8	9.92	-130.7	137.5	-71.9
271135135	-1.69	-40.92	37.1	10.33	-124.4	129.8	-73.4
273136136	-1.62	-43.36	32.4	10.74	-118.2	122.6	-74.7
275137137	-1.55	-45.80	28.1	11.25	-112.5	115.9	-76.0
277138138	-1.49	-48.23	24.8	11.66	-107.0	109.8	-77.0
279139139	-1.44	-50.58	21.9	12.12	-102.0	104.3	-77.9
281140140	-1.39	-52.77	19.7	12.53	-97.6	99.6	-78.6
283141141	-1.34	-55.00	17.7	12.95	-93.4	95.1	-79.3
285142142	-1.30	-57.15	16.0	13.43	-89.6	91.0	-79.9
287143143	-1.26	-59.25	14.5	13.86	-86.1	87.3	-80.4
289144144	-1.20	-61.14	13.2	14.44	-83.1	84.1	-81.0
291145145	-1.16	-63.01	12.1	14.99	-80.3	81.2	-81.4
293146146	-1.11	-64.83	11.0	15.63	-77.6	78.4	-81.9
295147147	-1.07	-66.75	10.1	16.29	-75.0	75.6	-82.4
297148148	-1.03	-68.57	9.2	16.97	-72.5	73.1	-82.8
299149149	-0.99	-70.37	8.5	17.59	-70.2	70.7	-83.1
301150150	-0.95	-72.10	7.9	18.28	-68.1	68.6	-83.4
303151151	-0.92	-73.74	7.3	18.90	-66.2	66.6	-83.7
305152152	-0.90	-75.45	6.9	19.31	-64.2	64.5	-83.9
307153153	-0.87	-77.15	6.4	19.92	-62.3	62.6	-84.1
309154154	-0.85	-78.78	6.1	20.39	-60.5	60.8	-84.3
311155155	-0.83	-80.37	5.7	20.86	-58.9	59.1	-84.4
313156156	-0.82	-82.02	5.4	21.33	-57.2	57.5	-84.6
315157157	-0.80	-83.61	5.2	21.67	-55.6	55.9	-84.7
317158158	-0.80	-85.19	5.0	21.72	-54.1	54.4	-84.7
319159159	-0.79	-86.77	4.8	22.08	-52.7	52.9	-84.8
321160160	-0.77	-88.31	4.6	22.57	-51.3	51.5	-84.9
323161161	-0.76	-89.89	4.4	22.92	-49.9	50.1	-85.0
325162162	-0.76	-91.47	4.3	22.74	-48.5	48.7	-85.0
327163163	-0.77	-92.96	4.2	22.58	-47.3	47.5	-84.9
329164164	-0.78	-94.48	4.2	22.26	-46.1	46.2	-84.8
331165165	-0.78	-96.00	4.0	22.35	-44.9	45.0	-84.8
333166166	-0.77	-97.58	3.9	22.52	-43.6	43.8	-84.9
335167167	-0.78	-99.13	3.9	22.34	-42.5	42.6	-84.8
337168168	-0.79	-100.60	3.8	22.02	-41.4	41.5	-84.7
339169169	-0.80	-102.20	3.8	21.81	-40.2	40.4	-84.6
341170170	-0.81	-103.74	3.8	21.47	-39.1	39.3	-84.5
343171171	-0.82	-105.36	3.7	21.18	-38.0	38.2	-84.4
345172172	-0.82	-106.90	3.7	21.13	-36.9	37.1	-84.3
347173173	-0.83	-108.40	3.6	20.98	-35.9	36.1	-84.3
349174174	-0.84	-110.04	3.6	20.80	-34.9	35.0	-84.1
351175175	-0.84	-111.60	3.5	20.74	-33.9	34.0	-84.1
353176176	-0.85	-113.16	3.5	20.57	-32.9	33.1	-83.9
355177177	-0.86	-114.65	3.5	20.29	-32.0	32.1	-83.8
357178178	-0.86	-116.17	3.4	20.12	-31.0	31.2	-83.7
359179179	-0.87	-117.75	3.4	19.99	-30.1	30.3	-83.5
361180180	-0.87	-119.35	3.3	20.06	-29.1	29.3	-83.5
363181181	-0.88	-120.87	3.3	19.84	-28.3	28.5	-83.3
365182182	-0.88	-122.41	3.3	19.72	-27.4	27.6	-83.1
367183183	-0.88	-123.95	3.2	19.77	-26.5	26.7	-83.0
369184184	-0.88	-125.42	3.2	19.85	-25.7	25.9	-82.9
371185185	-0.88	-126.88	3.1	19.83	-24.9	25.1	-82.8
373186186	-0.87	-128.37	3.1	19.91	-24.1	24.3	-82.7
375187187	-0.87	-129.82	3.1	19.94	-23.3	23.5	-82.5
377188188	-0.86	-131.29	3.0	20.15	-22.6	22.8	-82.5
379189189	-0.86	-132.64	2.9	20.25	-21.9	22.1	-82.3
381190190	-0.85	-134.05	2.9	20.55	-21.1	21.3	-82.3
383191191	-0.84	-135.39	2.8	20.71	-20.5	20.6	-82.2
385192192	-0.83	-136.76	2.8	21.03	-19.8	20.0	-82.1
387193193	-0.82	-138.08	2.7	21.17	-19.1	19.3	-81.9
389194194	-0.82	-139.40	2.7	21.27	-18.4	18.6	-81.8
391195195	-0.80	-140.72	2.6	21.61	-17.8	18.0	-81.7
393196196	-0.80	-141.95	2.6	21.82	-17.2	17.4	-81.5
395197197	-0.79	-143.17	2.5	21.99	-16.6	16.8	-81.4
397198198	-0.78	-144.45	2.5	22.20	-16.0	16.2	-81.2
399199199	-0.77	-145.65	2.4	22.44	-15.4	15.6	-81.0
401200200	-0.77	-146.86	2.4	22.44	-14.8	15.0	-80.7
403201201	-0.76	-148.01	2.4	22.81	-14.3	14.5	-80.6
405202202	-0.76	-149.13	2.4	22.82	-13.8	14.0	-80.3
407203203	-0.76	-150.32	2.3	22.89	-13.2	13.4	-80.0
409204204	-0.76	-151.43	2.3	22.96	-12.7	12.9	-79.7
411205205	-0.76	-152.51	2.3	22.84	-12.2	12.4	-79.2
413206206	-0.77	-153.53	2.3	22.66	-11.7	12.0	-78.8
415207207	-0.78	-154.63	2.3	22.37	-11.2	11.5	-78.2
417208208	-0.78	-155.66	2.3	22.40	-10.8	11.0	-77.7
419209209	-0.79	-156.71	2.4	22.07	-10.3	10.5	-77.1
421210210	-0.81	-157.75	2.4	21.58	-9.8	10.1	-76.2
423211211	-0.81	-158.75	2.4	21.40	-9.4	9.7	-75.5
425212212	-0.82	-159.74	2.4	21.07	-8.9	9.2	-74.6
427213213	-0.84	-160.75	2.5	20.64	-8.5	8.8	-73.6
429214214	-0.87	-161.76	2.6	20.06	-8.0	8.4	-72.3
431215215	-0.87	-162.76	2.6	19.89	-7.6	8.0	-71.2
433216216	-0.90	-163.74	2.6	19.28	-7.1	7.6	-69.6
435217217	-0.92	-164.72	2.7	18.89	-6.7	7.2	-68.1
437218218	-0.94	-165.69	2.8	18.44	-6.3	6.8	-66.2
439219219	-0.96	-166.68	2.8	18.15	-5.8	6.5	-64.4
441220220	-0.99	-167.69	2.9	17.57	-5.4	6.1	-61.8
443221221	-1.01	-168.68	2.9	17.23	-4.9	5.7	-59.3
445222222	-1.03	-169.66	3.0	16.86	-4.5	5.4	-56.5
447223223	-1.06	-170.62	3.1	16.41	-4.1	5.1	-53.1
449224224	-1.09	-171.65	3.1	15.99	-3.6	4.8	-49.2
451225225	-1.11	-172.62	3.2	15.74	-3.2	4.5	-45.2
453226226	-1.13	-173.63	3.2	15.43	-2.8	4.3	-40.4
455227227	-1.15	-174.62	3.3	15.10	-2.3	4.1	-35.2
457228228	-1.17	-175.69	3.4	14.84	-1.9	3.9	-29.0
459229229	-1.20	-176.69	3.4	14.51	-1.4	3.7	-22.6
461230230	-1.22	-177.68	3.5	14.27	-1.0	3.6	-16.0
463231231	-1.24	-178.68	3.6	14.01	-0.6	3.6	-9.1
465232232	-1.25	-179.72	3.6	13.98	-0.1	3.6	-1.9
467233233	-1.27	179.25	3.6	13.73	0.3	3.7	5.1
469234234	-1.29	178.16	3.7	13.52	0.8	3.8	12.2
471235235	-1.29	177.10	3.7	13.47	1.3	3.9	18.7
473236236	-1.31	176.06	3.8	13.26	1.7	4.1	24.4
475237237	-1.32	175.03	3.8	13.18	2.2	4.4	29.6
477238238	-1.33	174.01	3.8	13.06	2.6	4.6	34.1
479239239	-1.34	173.00	3.9	13.03	3.0	4.9	38.3
481240240	-1.34	171.89	3.9	12.98	3.5	5.2	42.3
483241241	-1.34	170.83	3.9	12.97	4.0	5.6	45.8
485242242	-1.34	169.80	3.9	12.95	4.4	5.9	48.8
487243243	-1.35	168.68	3.9	12.90	4.9	6.3	51.5
489244244	-1.36	167.66	3.9	12.84	5.4	6.7	53.7
491245245	-1.36	166.65	4.0	12.78	5.8	7.0	55.7
493246246	-1.35	165.55	4.0	12.85	6.3	7.4	57.9
495247247	-1.36	164.50	4.0	12.84	6.8	7.8	59.6
497248248	-1.36	163.44	4.0	12.78	7.2	8.3	61.1
499249249	-1.35	162.37	4.0	12.85	7.7	8.7	62.7
501250250	-1.36	161.29	4.0	12.85	8.2	9.1	64.0
503251251	-1.34	160.19	4.0	12.97	8.7	9.5	65.4
505252252	-1.34	159.17	4.0	13.00	9.1	10.0	66.5
507253253	-1.34	158.10	4.0	12.98	9.6	10.4	67.4
509254254	-1.34	157.03	4.0	12.97	10.1	10.9	68.3
511255255	-1.34	155.87	4.0	12.95	10.6	11.4	69.2
513256256	-1.35	154.79	4.1	12.93	11.1	11.8	69.9
515257257	-1.33	153.70	4.0	13.08	11.6	12.3	70.9
517258258	-1.34	152.58	4.1	12.98	12.1	12.8	71.4
519259259	-1.34	151.52	4.1	12.96	12.6	13.3	72.0
521260260	-1.35	150.39	4.1	12.92	13.1	13.8	72.5
523261261	-1.35	149.24	4.2	12.86	13.7	14.3	73.0
525262262	-1.36	148.10	4.2	12.80	14.2	14.8	73.4
527263263	-1.36	146.96	4.3	12.77	14.7	15.3	73.9
529264264	-1.38	145.78	4.3	12.66	15.3	15.9	74.2
531265265	-1.39	144.52	4.4	12.56	15.9	16.5	74.6
533266266	-1.40	143.28	4.5	12.46	16.5	17.1	74.9
535267267	-1.41	142.10	4.5	12.34	17.0	17.6	75.1
537268268	-1.42	140.86	4.6	12.23	17.6	18.2	75.4
539269269	-1.43	139.62	4.6	12.21	18.2	18.8	75.7
541270270	-1.44	138.31	4.7	12.10	18.9	19.5	75.9
543271271	-1.46	137.02	4.8	11.91	19.5	20.1	76.1
545272272	-1.49	135.75	5.0	11.72	20.2	20.8	76.2
547273273	-1.51	134.36	5.1	11.53	20.9	21.5	76.3
549274274	-1.53	133.05	5.2	11.39	21.5	22.1	76.4
551275275	-1.57	131.68	5.4	11.08	22.2	22.9	76.3
553276276	-1.60	130.18	5.6	10.86	23.0	23.6	76.3
555277277	-1.64	128.69	5.8	10.61	23.8	24.4	76.3
557278278	-1.68	127.32	6.0	10.35	24.5	25.2	76.2
559279279	-1.71	125.86	6.2	10.16	25.2	26.0	76.2
561280280	-1.75	124.36	6.4	9.93	26.0	26.8	76.2
563281281	-1.80	122.84	6.7	9.68	26.9	27.7	76.0
565282282	-1.86	121.39	7.0	9.38	27.6	28.5	75.8
567283283	-1.93	119.99	7.4	9.02	28.4	29.3	75.5
569284284	-2.01	118.54	7.8	8.67	29.2	30.2	75.1
571285285	-2.09	116.95	8.2	8.37	30.1	31.2	74.8
573286286	-2.17	115.51	8.6	8.05	30.9	32.0	74.4
575287287	-2.26	114.27	9.1	7.73	31.5	32.8	73.9
577288288	-2.35	113.05	9.6	7.43	32.2	33.6	73.4
579289289	-2.47	112.02	10.2	7.09	32.7	34.3	72.8
581290290	-2.56	110.92	10.7	6.83	33.3	35.0	72.2
583291291	-2.65	110.21	11.1	6.61	33.7	35.5	71.7
585292292	-2.70	109.51	11.4	6.49	34.1	35.9	71.5
587293293	-2.73	108.75	11.6	6.43	34.5	36.4	71.4
589294294	-2.73	108.09	11.7	6.41	34.9	36.9	71.4
591295295	-2.72	107.36	11.8	6.44	35.4	37.3	71.6
593296296	-2.70	106.67	11.8	6.49	35.9	37.8	71.8
595297297	-2.65	105.84	11.7	6.61	36.4	38.3	72.2
597298298	-2.59	105.00	11.6	6.77	37.1	38.8	72.6
599299299	-2.52	104.02	11.5	6.93	37.8	39.5	73.1
601300300	-2.45	102.84	11.3	7.13	38.6	40.2	73.6
603301301	-2.40	101.71	11.3	7.28	39.4	41.0	74.0
605302302	-2.33	100.54	11.2	7.49	40.3	41.8	74.5
607303303	-2.26	99.25	11.0	7.73	41.3	42.8	75.1
609304304	-2.18	98.02	10.9	7.99	42.3	43.6	75.6
611305305	-2.13	96.66	10.8	8.21	43.3	44.7	76.0
613306306	-2.08	95.28	10.8	8.38	44.4	45.7	76.3
615307307	-2.02	93.92	10.7	8.63	45.5	46.8	76.8
617308308	-1.97	92.60	10.7	8.84	46.6	47.8	77.1
619309309	-1.94	91.27	10.7	9.00	47.7	48.9	77.3
621310310	-1.90	89.91	10.8	9.19	48.9	50.1	77.6
623311311	-1.86	88.65	10.8	9.38	50.0	51.2	77.8
625312312	-1.83	87.35	10.9	9.52	51.2	52.3	78.0
627313313	-1.79	86.11	10.9	9.72	52.3	53.4	78.2
629314314	-1.75	84.72	10.9	9.97	53.6	54.7	78.5
631315315	-1.72	83.45	11.0	10.15	54.9	55.9	78.7
633316316	-1.68	82.24	11.0	10.35	56.1	57.1	78.9
635317317	-1.67	80.98	11.2	10.41	57.3	58.4	78.9
637318318	-1.65	79.71	11.4	10.58	58.6	59.7	79.0
639319319	-1.61	78.53	11.4	10.79	59.9	61.0	79.2
641320320	-1.60	77.28	11.6	10.90	61.2	62.3	79.3
643321321	-1.59	76.08	11.8	10.99	62.5	63.6	79.3
645322322	-1.57	74.78	12.1	11.08	64.0	65.1	79.3
647323323	-1.57	73.50	12.4	11.11	65.5	66.6	79.3
649324324	-1.55	72.30	12.6	11.24	66.9	68.1	79.3
651325325	-1.54	71.12	12.9	11.28	68.3	69.5	79.3
653326326	-1.56	69.80	13.5	11.17	69.9	71.2	79.1
655327327	-1.56	68.63	13.9	11.15	71.4	72.8	79.0
657328328	-1.56	67.25	14.4	11.14	73.2	74.6	78.9
659329329	-1.59	65.91	15.1	10.98	75.0	76.5	78.6
661330330	-1.59	64.26	15.8	10.93	77.3	78.9	78.4
663331331	-1.61	62.80	16.6	10.84	79.4	81.1	78.2
665332332	-1.63	61.48	17.4	10.72	81.3	83.2	77.9
667333333	-1.65	60.13	18.4	10.55	83.4	85.4	77.6
669334334	-1.67	58.63	19.4	10.43	85.7	87.9	77.2
671335335	-1.69	57.13	20.5	10.32	88.2	90.6	76.9
673336336	-1.71	55.67	21.7	10.20	90.7	93.2	76.5
675337337	-1.77	54.22	23.5	9.86	93.0	95.9	75.8
677338338	-1.80	52.68	25.2	9.68	95.7	99.0	75.3
679339339	-1.84	51.01	27.2	9.46	98.8	102.5	74.6
681340340	-1.89	49.62	29.1	9.25	101.3	105.4	74.0
683341341	-1.93	48.05	31.5	9.03	104.3	109.0	73.2
685342342	-1.98	46.23	34.4	8.81	108.0	113.3	72.3
687343343	-2.02	44.46	37.4	8.65	111.8	117.9	71.5
689344344	-2.08	42.81	40.9	8.40	115.1	122.2	70.4
691345345	-2.13	40.94	45.1	8.20	119.2	127.4	69.3
693346346	-2.19	39.08	49.9	7.97	123.3	133.0	68.0
695347347	-2.27	37.20	55.5	7.70	127.2	138.8	66.4
697348348	-2.34	35.29	61.9	7.47	131.2	145.0	64.7
699349349	-2.40	33.30	69.0	7.30	135.6	152.1	63.0
701350350	-2.48	31.47	76.9	7.06	138.8	158.7	61.0
703351351	-2.54	29.50	85.8	6.90	142.7	166.5	59.0
705352352	-2.60	27.60	95.6	6.73	145.7	174.2	56.7
707353353	-2.67	25.54	107.5	6.55	148.2	183.1	54.1
709354354	-2.74	23.54	120.2	6.40	149.8	192.1	51.3
711355355	-2.81	21.61	133.7	6.23	149.5	200.6	48.2
713356356	-2.88	19.71	148.0	6.10	148.0	209.4	45.0
715357357	-2.94	17.81	163.1	5.97	144.7	218.0	41.6
717358358	-2.98	16.01	178.2	5.89	140.5	226.9	38.3
719359359	-3.05	14.20	193.1	5.76	132.2	234.0	34.4
721360360	-3.09	12.19	210.1	5.69	122.3	243.1	30.2
723361361	-3.14	10.26	225.3	5.60	108.8	250.2	25.8
725362362	-3.17	8.44	238.6	5.54	93.8	256.4	21.5
727363363	-3.21	6.50	250.1	5.47	74.9	261.1	16.7
729364364	-3.23	4.66	259.7	5.44	55.4	265.5	12.0
731365365	-3.27	2.85	264.2	5.37	34.1	266.4	7.4
733366366	-3.28	1.04	267.7	5.37	12.5	268.0	2.7
735367367	-3.29	-0.94	266.4	5.34	-11.3	266.6	-2.4
737368368	-3.31	-2.69	261.9	5.32	-31.6	263.8	-6.9
739369369	-3.33	-4.65	252.8	5.28	-52.1	258.1	-11.6
741370370	-3.32	-6.50	243.9	5.30	-70.6	253.9	-16.1
743371371	-3.34	-8.37	230.5	5.27	-85.2	245.8	-20.3
745372372	-3.36	-10.40	215.1	5.23	-97.9	236.3	-24.5
747373373	-3.37	-12.32	200.5	5.22	-107.6	227.6	-28.2
749374374	-3.37	-14.22	186.2	5.22	-114.9	218.8	-31.7
751375375	-3.38	-16.21	171.4	5.21	-120.1	209.3	-35.0
753376376	-3.40	-18.22	157.2	5.18	-122.6	199.3	-37.9
755377377	-3.42	-20.32	143.5	5.15	-123.6	189.4	-40.7
757378378	-3.42	-22.33	131.6	5.14	-123.7	180.6	-43.2
759379379	-3.46	-24.46	120.2	5.08	-121.6	171.0	-45.3
761380380	-3.52	-26.56	110.3	5.01	-118.6	161.9	-47.1
763381381	-3.57	-28.60	101.7	4.93	-115.2	153.7	-48.6
765382382	-3.61	-30.61	94.2	4.88	-112.2	146.5	-50.0
767383383	-3.66	-32.62	87.6	4.81	-108.7	139.6	-51.1
769384384	-3.72	-34.62	81.7	4.74	-105.1	133.1	-52.2
771385385	-3.79	-36.68	76.4	4.66	-101.4	126.9	-53.0
773386386	-3.88	-38.70	71.9	4.56	-97.4	121.1	-53.6
775387387	-3.97	-40.69	68.0	4.45	-93.7	115.8	-54.0
777388388	-4.06	-42.66	64.5	4.36	-90.2	110.9	-54.4
779389389	-4.15	-44.63	61.3	4.26	-86.8	106.2	-54.7
781390390	-4.26	-46.55	58.7	4.16	-83.4	102.0	-54.9
783391391	-4.38	-48.27	56.6	4.05	-80.4	98.3	-54.8
785392392	-4.49	-50.00	54.7	3.96	-77.6	94.9	-54.8
787393393	-4.59	-51.43	53.3	3.87	-75.3	92.2	-54.7
789394394	-4.71	-52.78	52.1	3.78	-73.0	89.7	-54.5
791395395	-4.81	-53.82	51.3	3.71	-71.2	87.8	-54.2
793396396	-4.85	-54.58	50.6	3.67	-70.2	86.6	-54.2
795397397	-4.83	-55.14	49.9	3.69	-69.9	85.8	-54.5
797398398	-4.70	-55.80	48.3	3.79	-70.4	85.3	-55.5
799399399	-4.49	-56.69	46.0	3.95	-71.1	84.7	-57.1
801400400	-4.25	-57.98	43.0	4.17	-71.6	83.5	-59.0
803401401	-4.00	-59.91	39.3	4.42	-71.3	81.4	-61.1
805402402	-3.74	-62.49	35.1	4.71	-70.1	78.4	-63.4
807403403	-3.54	-65.44	31.3	4.97	-68.0	74.9	-65.3
809404404	-3.40	-68.78	28.0	5.18	-65.1	70.9	-66.7
811405405	-3.26	-72.06	25.2	5.39	-62.3	67.2	-68.0
813406406	-3.20	-75.33	23.1	5.49	-59.3	63.7	-68.7
815407407	-3.14	-78.64	21.3	5.59	-56.4	60.3	-69.4
817408408	-3.09	-81.82	19.7	5.68	-53.7	57.2	-69.8
819409409	-3.05	-84.84	18.4	5.75	-51.2	54.4	-70.2
821410410	-3.06	-87.76	17.5	5.74	-48.8	51.9	-70.2
823411411	-3.04	-90.65	16.6	5.77	-46.6	49.5	-70.3
825412412	-3.03	-93.43	15.9	5.79	-44.5	47.3	-70.4
827413413	-3.04	-96.04	15.3	5.78	-42.6	45.3	-70.3
829414414	-3.03	-98.62	14.7	5.79	-40.8	43.4	-70.2
831415415	-3.03	-101.08	14.2	5.80	-39.1	41.6	-70.1
833416416	-3.05	-103.51	13.8	5.75	-37.5	40.0	-69.7
835417417	-3.06	-105.92	13.4	5.74	-36.0	38.4	-69.5
837418418	-3.08	-108.23	13.1	5.71	-34.5	36.9	-69.2
839419419	-3.09	-110.50	12.8	5.69	-33.1	35.5	-68.8
841420420	-3.09	-112.72	12.5	5.68	-31.8	34.2	-68.5
843421421	-3.10	-114.92	12.3	5.66	-30.5	32.9	-68.1
845422422	-3.12	-117.09	12.1	5.62	-29.3	31.7	-67.6
847423423	-3.15	-119.07	12.0	5.57	-28.2	30.6	-67.0
849424424	-3.17	-121.16	11.8	5.54	-27.0	29.5	-66.5
851425425	-3.19	-123.22	11.6	5.51	-25.9	28.4	-65.8
853426426	-3.21	-125.27	11.5	5.47	-24.8	27.3	-65.1
855427427	-3.23	-127.31	11.3	5.45	-23.7	26.3	-64.5
857428428	-3.26	-129.29	11.3	5.38	-22.7	25.4	-63.6
859429429	-3.29	-131.25	11.2	5.34	-21.7	24.4	-62.7
861430430	-3.32	-133.27	11.1	5.30	-20.7	23.5	-61.7
863431431	-3.34	-135.22	11.1	5.26	-19.7	22.6	-60.7
865432432	-3.36	-137.12	11.0	5.23	-18.8	21.8	-59.8
867433433	-3.40	-139.11	10.9	5.18	-17.9	20.9	-58.5
869434434	-3.43	-141.01	10.9	5.13	-16.9	20.2	-57.2
871435435	-3.44	-142.91	10.8	5.11	-16.1	19.4	-56.0
873436436	-3.45	-144.80	10.8	5.10	-15.2	18.6	-54.7
875437437	-3.48	-146.66	10.7	5.06	-14.3	17.9	-53.2
877438438	-3.49	-148.61	10.6	5.05	-13.5	17.2	-51.6
879439439	-3.48	-150.47	10.6	5.05	-12.6	16.5	-50.1
881440440	-3.50	-152.27	10.5	5.03	-11.8	15.8	-48.3
883441441	-3.49	-154.12	10.4	5.04	-11.0	15.2	-46.6
885442442	-3.48	-155.84	10.3	5.06	-10.3	14.6	-44.9
887443443	-3.47	-157.47	10.2	5.07	-9.6	14.0	-43.1
889444444	-3.43	-159.32	10.1	5.12	-8.8	13.3	-41.0
891445445	-3.41	-161.07	10.0	5.15	-8.0	12.8	-38.8
893446446	-3.38	-162.87	9.8	5.20	-7.2	12.2	-36.4
895447447	-3.35	-164.56	9.7	5.26	-6.5	11.7	-34.0
897448448	-3.32	-166.34	9.6	5.29	-5.8	11.2	-31.1
899449449	-3.29	-168.02	9.5	5.34	-5.1	10.7	-28.1
901450450	-3.24	-169.74	9.3	5.42	-4.3	10.3	-25.0
903451451	-3.19	-171.32	9.1	5.50	-3.7	9.8	-21.9
905452452	-3.15	-173.01	9.0	5.58	-3.0	9.5	-18.2
907453453	-3.10	-174.61	8.8	5.67	-2.3	9.1	-14.5
909454454	-3.05	-176.21	8.7	5.75	-1.6	8.9	-10.5
911455455	-3.01	-177.80	8.6	5.82	-0.9	8.6	-6.2
913456456	-2.93	-179.35	8.3	5.99	-0.3	8.3	-1.9
915457457	-2.90	179.15	8.3	6.06	0.4	8.3	2.5
917458458	-2.85	177.68	8.1	6.15	1.0	8.2	6.9
919459459	-2.81	176.11	8.0	6.25	1.7	8.2	11.7
921460460	-2.75	174.69	7.9	6.36	2.3	8.2	16.0
923461461	-2.71	173.29	7.8	6.47	2.9	8.3	20.3
925462462	-2.64	171.74	7.6	6.63	3.5	8.4	25.0
927463463	-2.59	170.36	7.4	6.77	4.1	8.5	29.0
929464464	-2.55	169.00	7.4	6.86	4.7	8.7	32.6
931465465	-2.50	167.50	7.2	7.01	5.4	9.0	36.6
933466466	-2.45	166.16	7.1	7.13	5.9	9.3	39.9
935467467	-2.42	164.75	7.0	7.23	6.6	9.6	43.0
937468468	-2.34	163.29	6.9	7.45	7.2	9.9	46.5
939469469	-2.30	161.89	6.7	7.61	7.8	10.3	49.3
941470470	-2.25	160.43	6.6	7.77	8.5	10.8	52.0
943471471	-2.20	158.96	6.5	7.92	9.1	11.2	54.5
945472472	-2.17	157.57	6.4	8.06	9.8	11.7	56.6
947473473	-2.12	156.16	6.3	8.25	10.4	12.2	58.7
949474474	-2.07	154.65	6.2	8.44	11.1	12.7	60.7
951475475	-2.03	153.08	6.1	8.60	11.8	13.3	62.5
953476476	-1.98	151.53	6.0	8.79	12.5	13.9	64.2
955477477	-1.93	149.96	5.9	9.02	13.2	14.5	65.8
957478478	-1.89	148.47	5.9	9.22	13.9	15.1	67.2
959479479	-1.85	146.91	5.8	9.45	14.7	15.8	68.6
961480480	-1.80	145.20	5.7	9.68	15.5	16.5	69.9
963481481	-1.75	143.63	5.6	9.95	16.2	17.2	71.1
965482482	-1.72	141.86	5.5	10.12	17.1	18.0	72.1
967483483	-1.68	140.07	5.4	10.39	18.0	18.8	73.2
969484484	-1.61	138.32	5.3	10.82	18.8	19.6	74.3
971485485	-1.56	136.52	5.2	11.13	19.8	20.4	75.3
973486486	-1.51	134.65	5.1	11.50	20.7	21.3	76.2
975487487	-1.46	132.85	5.0	11.90	21.6	22.2	77.0
977488488	-1.42	130.82	4.9	12.29	22.7	23.2	77.8
979489489	-1.39	128.90	4.9	12.56	23.7	24.2	78.4
981490490	-1.34	126.86	4.8	13.03	24.8	25.3	79.1
983491491	-1.31	124.89	4.8	13.27	25.9	26.3	79.5
985492492	-1.24	122.93	4.6	14.01	27.0	27.4	80.3
987493493	-1.19	120.88	4.5	14.67	28.2	28.5	80.9
989494494	-1.14	118.61	4.4	15.23	29.5	29.8	81.5
991495495	-1.09	116.36	4.3	16.00	30.9	31.2	82.0
993496496	-1.05	114.16	4.3	16.60	32.2	32.5	82.5
995497497	-1.02	111.75	4.3	17.12	33.7	34.0	82.8
997498498	-0.99	109.67	4.2	17.58	35.1	35.3	83.1
999499499	-0.96	107.27	4.3	18.04	36.6	36.9	83.4
1001500500	-0.92	104.98	4.2	18.84	38.2	38.4	83.7
1003501501	-0.90	102.58	4.3	19.27	39.9	40.1	83.9
1005502502	-0.93	100.10	4.5	18.68	41.7	41.9	83.8
1007503503	-0.92	97.69	4.6	18.98	43.5	43.7	83.9
1009504504	-0.93	95.17	4.9	18.75	45.4	45.7	83.9
1011505505	-0.95	92.48	5.2	18.39	47.6	47.9	83.8
1013506506	-0.97	90.10	5.6	17.91	49.6	49.9	83.6
1015507507	-1.03	87.40	6.2	16.94	51.9	52.3	83.2
1017508508	-1.07	84.81	6.8	16.21	54.3	54.7	82.9
1019509509	-1.14	82.00	7.6	15.28	56.9	57.4	82.4
1021510510	-1.25	79.47	8.8	13.87	59.4	60.0	81.6
1023511511	-1.40	76.65	10.4	12.41	62.2	63.1	80.5
1025512512	-1.56	73.99	12.2	11.18	64.9	66.1	79.4
1027513513	-1.74	71.04	14.5	10.00	68.0	69.5	77.9
1029514514	-1.94	68.21	17.2	8.99	71.0	73.1	76.4
1031515515	-2.15	65.37	20.4	8.12	74.0	76.8	74.6
1033516516	-2.40	62.56	24.2	7.30	76.8	80.6	72.5
1035517517	-2.68	59.53	29.0	6.53	79.7	84.8	70.0
1037518518	-2.98	56.63	34.4	5.88	81.9	88.9	67.2
1039519519	-3.35	53.44	41.2	5.25	83.8	93.3	63.8
1041520520	-3.72	50.59	48.2	4.74	84.3	97.1	60.3
1043521521	-4.14	47.55	56.1	4.28	83.7	100.8	56.2
1045522522	-2.00	119.22	7.7	8.71	28.8	29.8	75.1
1047523523	-1.55	95.54	8.1	11.24	44.7	45.5	79.8
1049524524	-5.64	35.97	85.1	3.19	71.9	111.4	40.2
1051525525	-6.81	28.17	98.1	2.68	53.5	111.7	28.6
1053526526	-7.29	24.90	101.0	2.52	45.2	110.6	24.1
1055527527	-7.75	21.58	102.5	2.39	37.2	109.1	19.9
1057528528	-8.23	18.13	102.8	2.27	29.2	106.9	15.9
1059529529	-8.78	14.58	101.4	2.14	21.4	103.6	11.9
1061530530	-9.30	10.63	99.4	2.04	14.2	100.4	8.2
1063531531	-9.88	6.62	96.3	1.94	7.9	96.6	4.7
1065532532	-10.49	2.32	92.6	1.85	2.5	92.6	1.5
1067533533	-11.10	-2.34	88.6	1.77	-2.2	88.6	-1.4
1069534534	-11.76	-7.59	84.1	1.70	-6.1	84.4	-4.2
1071535535	-12.43	-13.13	79.7	1.63	-9.2	80.2	-6.6
1073536536	-13.01	-19.68	75.5	1.58	-12.0	76.5	-9.0
1075537537	-13.59	-26.77	71.3	1.53	-14.1	72.7	-11.1
1077538538	-14.15	-34.58	67.2	1.49	-15.6	69.0	-13.0
1079539539	-14.63	-42.76	63.4	1.46	-16.5	65.5	-14.6
1081540540	-14.94	-52.06	59.6	1.44	-17.4	62.1	-16.3
1083541541	-15.11	-61.83	56.0	1.43	-17.9	58.8	-17.7
1085542542	-15.17	-71.51	52.7	1.42	-18.0	55.7	-18.8
1087543543	-14.90	-80.62	49.7	1.44	-18.2	52.9	-20.1
1089544544	-14.57	-89.43	46.8	1.46	-18.1	50.2	-21.2
1091545545	-14.22	-98.18	44.0	1.48	-17.6	47.4	-21.8
1093546546	-13.68	-105.96	41.4	1.52	-17.2	44.8	-22.6
1095547547	-13.19	-112.91	39.1	1.56	-16.6	42.4	-23.0
1097548548	-12.68	-118.95	37.0	1.60	-15.9	40.3	-23.2
1099549549	-12.11	-124.58	34.9	1.66	-15.2	38.1	-23.5
1101550550	-11.58	-129.52	33.1	1.72	-14.5	36.1	-23.6
1103551551	-11.13	-133.85	31.6	1.77	-13.7	34.4	-23.5
1105552552	-10.71	-138.15	30.1	1.82	-12.8	32.7	-23.0
1107553553	-10.21	-142.03	28.6	1.89	-12.0	31.0	-22.8
1109554554	-9.81	-145.47	27.4	1.95	-11.2	29.6	-22.2
1111555555	-9.42	-148.94	26.2	2.02	-10.3	28.1	-21.5
1113556556	-9.08	-152.02	25.1	2.08	-9.5	26.8	-20.6
1115557557	-8.72	-154.81	24.1	2.16	-8.7	25.6	-19.8
1117558558	-8.37	-157.26	23.1	2.23	-8.0	24.5	-19.0
1119559559	-8.04	-159.88	22.2	2.31	-7.2	23.3	-17.9
1121560560	-7.69	-162.32	21.2	2.41	-6.4	22.1	-16.8
1123561561	-7.37	-164.81	20.3	2.50	-5.6	21.1	-15.3
1125562562	-7.07	-166.97	19.5	2.59	-4.9	20.1	-14.0
1127563563	-6.78	-169.43	18.7	2.69	-4.0	19.1	-12.0
1129564564	-6.50	-171.70	18.0	2.80	-3.2	18.2	-10.0
1131565565	-6.20	-174.03	17.2	2.92	-2.3	17.3	-7.6
1133566566	-5.93	-176.02	16.5	3.04	-1.6	16.5	-5.4
1135567567	-5.67	-177.87	15.8	3.17	-0.8	15.8	-3.0
1137568568	-5.40	-179.73	15.1	3.32	-0.1	15.1	-0.4
1139569569	-5.13	178.32	14.3	3.49	0.7	14.4	2.7
1141570570	-4.88	176.45	13.7	3.66	1.4	13.8	6.0
1143571571	-4.64	174.52	13.1	3.83	2.2	13.3	9.7
1145572572	-4.33	172.54	12.3	4.09	3.1	12.6	14.0
1147573573	-4.10	170.57	11.7	4.32	3.9	12.3	18.5
1149574574	-3.88	168.74	11.1	4.56	4.7	12.0	22.9
1151575575	-3.64	166.82	10.5	4.84	5.5	11.8	27.8
1153576576	-3.43	165.09	9.9	5.13	6.3	11.7	32.4
1155577577	-3.20	163.23	9.3	5.48	7.1	11.7	37.4
1157578578	-2.98	161.44	8.7	5.88	7.9	11.8	42.3
1159579579	-2.79	159.67	8.2	6.29	8.7	12.0	46.8
1161580580	-2.58	157.98	7.6	6.78	9.5	12.2	51.2
1163581581	-2.41	156.14	7.2	7.26	10.4	12.6	55.2
1165582582	-2.20	154.21	6.6	7.93	11.3	13.1	59.5
1167583583	-2.01	152.42	6.1	8.69	12.1	13.5	63.3
1169584584	-1.83	150.60	5.6	9.55	13.0	14.1	66.7
1171585585	-1.66	148.70	5.1	10.51	13.9	14.8	69.7
1173586586	-1.50	146.56	4.7	11.59	14.9	15.6	72.5
1175587587	-1.35	144.64	4.3	12.92	15.8	16.4	74.9
1177588588	-1.20	142.66	3.8	14.55	16.8	17.2	77.2
1179589589	-1.08	140.56	3.5	16.08	17.8	18.2	78.9
1181590590	-0.95	138.83	3.1	18.33	18.7	19.0	80.6
1183591591	-0.80	136.63	2.7	21.75	19.8	20.0	82.4
1185592592	-0.68	134.32	2.3	25.62	21.0	21.1	83.8
1187593593	-0.53	132.27	1.8	32.62	22.1	22.2	85.3
1189594594	-0.39	130.08	1.4	44.35	23.3	23.3	86.6
1191595595	-0.29	127.89	1.1	58.93	24.4	24.5	87.5
1193596596	-0.13	125.44	0.5	130.99	25.8	25.8	88.9
1195597597	-0.09	122.99	0.3	202.49	27.2	27.2	89.3
1197598598	0.00	120.52	0.0	?	28.6	28.6	90.0
1199599599	0.00	117.59	0.0	?	30.3	30.3	90.0
1201600600	0.00	115.00	0.0	?	31.9	31.9	90.0
1203601601	0.00	112.25	0.0	?	33.6	33.6	90.0
1205602602	0.00	109.46	0.0	?	35.4	35.4	90.0
1207603603	0.00	106.47	0.0	?	37.4	37.4	90.0
1209604604	0.00	103.08	0.0	?	39.7	39.7	90.0
1211605605	0.00	100.08	0.0	?	41.9	41.9	90.0
1213606606	0.00	96.50	0.0	?	44.6	44.6	90.0
1215607607	0.00	93.05	0.0	?	47.4	47.4	90.0
1217608608	0.00	89.80	0.0	?	50.2	50.2	90.0
1219609609	0.00	86.25	0.0	?	53.4	53.4	90.0
1221610610	0.00	82.40	0.0	?	57.1	57.1	90.0
1223611611	0.00	78.82	0.0	?	60.8	60.8	90.0
1225612612	0.00	75.08	0.0	?	65.1	65.1	90.0
1227613613	0.00	71.26	0.0	?	69.8	69.8	90.0
1229614614	0.00	67.33	0.0	?	75.1	75.1	90.0
1231615615	0.00	63.67	0.0	?	80.5	80.5	90.0
1233616616	0.00	60.01	0.0	?	86.6	86.6	90.0
1235617617	0.00	56.23	0.0	?	93.6	93.6	90.0
1237618618	0.00	52.40	0.0	?	101.6	101.6	90.0
1239619619	0.00	48.53	0.0	?	110.9	110.9	90.0
1241620620	0.00	44.94	0.0	?	120.9	120.9	90.0
1243621621	0.00	41.17	0.0	?	133.1	133.1	90.0
1245622622	0.00	37.40	0.0	?	147.7	147.7	90.0
1247623623	0.00	33.73	0.0	?	164.9	164.9	90.0
1249624624	0.00	30.33	0.0	?	184.5	184.5	90.0
1251625625	0.00	26.97	0.0	?	208.5	208.5	90.0
1253626626	-0.00	23.42	0.0	493.12	241.2	241.2	90.0
1255627627	-0.11	20.07	10.4	158.69	282.2	282.4	87.9
1257628628	-0.26	17.01	33.4	67.77	331.1	332.8	84.2
1259629629	-0.38	13.66	74.7	45.76	403.7	410.5	79.5
1261630630	-0.53	10.48	165.7	32.56	489.9	517.2	71.3
1263631631	-0.68	7.44	340.8	25.67	565.2	660.0	58.9
1265632632	-0.85	4.45	628.4	20.50	498.4	802.0	38.4
1267633633	-1.03	1.38	807.5	16.81	162.7	823.7	11.4
1269634634	-1.17	-1.61	710.7	14.83	-147.1	725.8	-11.7
1271635635	-1.35	-4.64	507.0	12.89	-262.8	571.0	-27.4
1273636636	-1.51	-7.56	366.8	11.57	-276.9	459.6	-37.0
1275637637	-1.70	-10.37	276.9	10.23	-252.6	374.8	-42.4
1277638638	-1.88	-13.23	217.9	9.29	-228.9	316.0	-46.4
1279639639	-2.06	-15.97	179.0	8.47	-205.8	272.8	-49.0
1281640640	-2.19	-18.80	149.4	7.97	-188.8	240.8	-51.7
1283641641	-2.38	-21.58	128.6	7.35	-170.6	213.6	-53.0
1285642642	-2.57	-24.39	112.7	6.80	-154.7	191.4	-53.9
1287643643	-2.74	-27.11	100.1	6.40	-142.5	174.2	-54.9
1289644644	-2.89	-29.97	89.4	6.07	-131.8	159.3	-55.9
1291645645	-3.03	-32.95	80.1	5.79	-122.3	146.2	-56.8
1293646646	-3.18	-35.89	72.7	5.52	-113.7	135.0	-57.4
1295647647	-3.30	-38.29	67.5	5.32	-107.5	126.9	-57.8
1297648648	-3.43	-40.96	62.5	5.13	-101.2	119.0	-58.3
1299649649	-3.57	-43.75	58.2	4.93	-95.1	111.5	-58.5
1301650650	-3.69	-46.71	53.9	4.78	-89.7	104.6	-59.0
1303651651	-3.78	-49.41	50.4	4.67	-85.2	99.0	-59.4
1305652652	-3.85	-52.05	47.2	4.58	-81.3	94.0	-59.8
1307653653	-3.90	-54.58	44.4	4.52	-77.9	89.7	-60.3
1309654654	-3.98	-57.19	42.0	4.44	-74.4	85.4	-60.5
1311655655	-4.04	-59.83	39.7	4.37	-71.1	81.5	-60.8
1313656656	-4.11	-62.45	37.7	4.30	-68.0	77.8	-61.0
1315657657	-4.14	-65.00	35.7	4.27	-65.4	74.5	-61.3
1317658658	-4.15	-67.25	34.0	4.26	-63.2	71.8	-61.7
1319659659	-4.18	-69.55	32.5	4.23	-60.9	69.1	-61.9
1321660660	-4.18	-71.85	31.0	4.24	-58.9	66.6	-62.3
1323661661	-4.18	-74.13	29.6	4.24	-57.0	64.2	-62.6
1325662662	-4.18	-76.29	28.4	4.23	-55.1	62.0	-62.8
1327663663	-4.17	-78.37	27.2	4.25	-53.5	60.0	-63.0
1329664664	-4.18	-80.36	26.3	4.24	-51.9	58.1	-63.1
1331665665	-4.15	-82.63	25.1	4.26	-50.2	56.1	-63.4
1333666666	-4.15	-84.34	24.4	4.26	-48.9	54.6	-63.5
1335667667	-4.14	-86.19	23.6	4.28	-47.6	53.1	-63.6
1337668668	-4.09	-88.04	22.6	4.33	-46.3	51.6	-64.0
1339669669	-4.08	-89.74	22.0	4.34	-45.1	50.2	-64.0
1341670670	-4.05	-91.48	21.3	4.37	-44.0	48.9	-64.2
1343671671	-4.03	-93.23	20.6	4.38	-42.8	47.5	-64.3
1345672672	-3.99	-94.92	19.9	4.43	-41.7	46.3	-64.5
1347673673	-3.96	-96.62	19.3	4.46	-40.7	45.0	-64.6
1349674674	-3.90	-97.96	18.7	4.53	-39.9	44.1	-64.9
1351675675	-3.90	-99.39	18.3	4.53	-39.0	43.1	-64.8
1353676676	-3.86	-100.90	17.8	4.57	-38.1	42.0	-64.9
1355677677	-3.80	-102.44	17.2	4.65	-37.2	41.0	-65.2
1357678678	-3.77	-103.96	16.7	4.69	-36.3	40.0	-65.3
1359679679	-3.72	-105.37	16.3	4.74	-35.5	39.0	-65.4
1361680680	-3.69	-106.63	15.9	4.77	-34.8	38.2	-65.4
1363681681	-3.67	-107.95	15.5	4.81	-34.0	37.4	-65.4
1365682682	-3.62	-109.29	15.1	4.87	-33.3	36.5	-65.6
1367683683	-3.57	-110.74	14.7	4.93	-32.5	35.6	-65.7
1369684684	-3.51	-111.93	14.3	5.02	-31.9	34.9	-65.9
1371685685	-3.47	-113.20	13.9	5.07	-31.2	34.1	-65.9
1373686686	-3.42	-114.28	13.6	5.14	-30.6	33.5	-66.1
1375687687	-3.38	-115.52	13.2	5.21	-29.9	32.7	-66.2
1377688688	-3.35	-116.71	12.9	5.26	-29.3	32.0	-66.2
1379689689	-3.26	-117.96	12.5	5.39	-28.7	31.3	-66.5
1381690690	-3.20	-118.98	12.1	5.48	-28.2	30.7	-66.7
1383691691	-3.18	-120.18	11.9	5.52	-27.5	30.0	-66.6
1385692692	-3.11	-121.22	11.6	5.64	-27.0	29.4	-66.8
1387693693	-3.07	-122.40	11.3	5.72	-26.4	28.7	-66.9
1389694694	-3.03	-123.32	11.0	5.80	-25.9	28.2	-66.9
1391695695	-2.95	-124.26	10.7	5.94	-25.5	27.6	-67.2
1393696696	-2.89	-125.30	10.4	6.06	-25.0	27.0	-67.4
1395697697	-2.81	-126.30	10.0	6.24	-24.5	26.5	-67.8
1397698698	-2.75	-127.15	9.7	6.37	-24.1	26.0	-68.0
1399699699	-2.68	-128.21	9.4	6.54	-23.6	25.4	-68.3
1401700700	-2.62	-129.07	9.1	6.69	-23.2	24.9	-68.5
1403701701	-2.54	-130.00	8.8	6.89	-22.7	24.4	-68.8
1405702702	-2.47	-130.66	8.5	7.07	-22.4	24.0	-69.2
1407703703	-2.42	-131.54	8.3	7.21	-22.0	23.5	-69.3
1409704704	-2.35	-132.31	8.0	7.43	-21.6	23.1	-69.7
1411705705	-2.28	-133.02	7.7	7.68	-21.3	22.7	-70.1
1413706706	-2.22	-133.74	7.5	7.88	-21.0	22.2	-70.4
1415707707	-2.14	-134.37	7.2	8.16	-20.7	21.9	-70.8
1417708708	-2.07	-135.09	6.9	8.43	-20.3	21.5	-71.2
1419709709	-2.00	-135.75	6.7	8.72	-20.0	21.1	-71.6
1421710710	-1.92	-136.36	6.4	9.08	-19.7	20.7	-72.1
1423711711	-1.85	-136.97	6.1	9.43	-19.5	20.4	-72.6
1425712712	-1.79	-137.47	5.9	9.76	-19.2	20.1	-73.0
1427713713	-1.71	-138.06	5.6	10.21	-19.0	19.8	-73.5
1429714714	-1.64	-138.60	5.4	10.62	-18.7	19.5	-74.0
1431715715	-1.56	-139.14	5.1	11.14	-18.5	19.1	-74.5
1433716716	-1.51	-139.47	4.9	11.54	-18.3	19.0	-75.0
1435717717	-1.46	-140.00	4.7	11.92	-18.1	18.7	-75.3
1437718718	-1.40	-140.51	4.5	12.41	-17.8	18.4	-75.7
1439719719	-1.35	-140.99	4.3	12.93	-17.6	18.1	-76.1
1441720720	-1.27	-141.30	4.1	13.67	-17.5	17.9	-76.8
1443721721	-1.17	-141.52	3.8	14.85	-17.4	17.8	-77.7
1445722722	-1.12	-141.97	3.6	15.51	-17.2	17.5	-78.1
1447723723	-1.08	-142.25	3.5	16.16	-17.0	17.4	-78.5
1449724724	-1.04	-142.72	3.3	16.70	-16.8	17.1	-78.8
1451725725	-0.98	-143.04	3.1	17.76	-16.7	16.9	-79.4
1453726726	-0.94	-143.32	3.0	18.58	-16.5	16.8	-79.8
1455727727	-0.88	-143.65	2.8	19.80	-16.4	16.6	-80.3
1457728728	-0.85	-143.74	2.7	20.43	-16.3	16.6	-80.6
1459729729	-0.82	-144.04	2.6	21.20	-16.2	16.4	-80.9
1461730730	-0.78	-144.46	2.5	22.20	-16.0	16.2	-81.2
1463731731	-0.74	-144.56	2.3	23.57	-15.9	16.1	-81.7
1465732732	-0.69	-144.85	2.2	25.18	-15.8	16.0	-82.1
1467733733	-0.67	-145.14	2.1	26.10	-15.7	15.8	-82.4
1469734734	-0.63	-145.34	2.0	27.43	-15.6	15.7	-82.7
1471735735	-0.62	-145.55	2.0	27.91	-15.5	15.6	-82.8
1473736736	-0.61	-145.78	1.9	28.56	-15.4	15.5	-82.9
1475737737	-0.57	-145.96	1.8	30.45	-15.3	15.4	-83.3
1477738738	-0.53	-146.15	1.7	32.50	-15.2	15.3	-83.7
1479739739	-0.49	-146.38	1.5	35.64	-15.1	15.2	-84.2
1481740740	-0.47	-146.74	1.5	36.68	-14.9	15.0	-84.3
1483741741	-0.47	-146.92	1.5	36.77	-14.8	14.9	-84.3
1485742742	-0.48	-147.10	1.5	36.49	-14.7	14.8	-84.2
1487743743	-0.44	-147.42	1.4	39.15	-14.6	14.7	-84.6
1489744744	-0.43	-147.64	1.3	40.75	-14.5	14.6	-84.8
1491745745	-0.45	-147.90	1.4	38.64	-14.4	14.4	-84.4
1493746746	-0.41	-148.14	1.3	42.20	-14.3	14.3	-84.9
1495747747	-0.41	-148.34	1.3	42.10	-14.2	14.2	-84.8
1497748748	-0.42	-148.46	1.3	41.17	-14.1	14.2	-84.7
1499749749	-0.39	-148.94	1.2	44.29	-13.9	13.9	-85.0
1501750750	-0.39	-149.12	1.2	45.05	-13.8	13.9	-85.1
1503751751	-0.36	-149.45	1.1	47.98	-13.6	13.7	-85.3
1505752752	-0.37	-149.83	1.2	46.47	-13.5	13.5	-85.1
1507753753	-0.37	-150.26	1.1	47.54	-13.3	13.3	-85.2
1509754754	-0.38	-150.68	1.2	45.98	-13.1	13.1	-84.9
1511755755	-0.38	-150.83	1.2	46.30	-13.0	13.1	-84.9
1513756756	-0.37	-151.19	1.1	47.41	-12.8	12.9	-85.0
1515757757	-0.39	-151.63	1.2	44.27	-12.6	12.7	-84.6
1517758758	-0.35	-152.04	1.1	49.55	-12.4	12.5	-85.1
1519759759	-0.34	-152.21	1.0	51.26	-12.4	12.4	-85.2
1521760760	-0.35	-152.87	1.1	49.91	-12.1	12.1	-85.0
1523761761	-0.33	-153.15	1.0	52.14	-11.9	12.0	-85.1
1525762762	-0.27	-154.31	0.8	64.85	-11.4	11.4	-85.9
1527763763	-0.22	-155.83	0.7	78.88	-10.7	10.7	-86.5
1529764764	-0.25	-154.63	0.7	70.57	-11.3	11.3	-86.2
1531765765	-0.30	-154.42	0.9	58.20	-11.3	11.4	-85.4
1533766766	-0.30	-154.87	0.9	57.10	-11.1	11.2	-85.3
1535767767	-0.24	-155.14	0.7	71.18	-11.0	11.0	-86.2
1537768768	-0.24	-155.56	0.7	72.25	-10.8	10.8	-86.2
1539769769	-0.23	-156.18	0.7	74.67	-10.5	10.6	-86.2
1541770770	-0.24	-156.79	0.7	72.26	-10.3	10.3	-86.0
1543771771	-0.22	-157.14	0.7	77.23	-10.1	10.1	-86.2
1545772772	-0.21	-157.46	0.6	82.73	-10.0	10.0	-86.4
1547773773	-0.18	-158.19	0.5	94.57	-9.6	9.6	-86.7
1549774774	-0.17	-158.53	0.5	102.61	-9.5	9.5	-87.0
1551775775	-0.19	-159.14	0.6	92.43	-9.2	9.2	-86.5
1553776776	-0.14	-159.54	0.4	125.71	-9.0	9.0	-87.4
1555777777	-0.12	-159.84	0.4	143.72	-8.9	8.9	-87.7
1557778778	-0.12	-160.40	0.3	149.58	-8.6	8.6	-87.7
1559779779	-0.10	-160.93	0.3	179.67	-8.4	8.4	-88.0
1561780780	-0.09	-161.28	0.3	186.63	-8.2	8.2	-88.1
1563781781	-0.05	-161.61	0.1	360.40	-8.1	8.1	-89.0
1565782782	-0.03	-162.25	0.1	529.10	-7.8	7.8	-89.3
1567783783	-0.00	-162.57	0.0	892.30	-7.7	7.7	-90.0
1569784784	0.00	-163.12	0.0	?	-7.4	7.4	-90.0
1571785785	0.00	-163.39	0.0	?	-7.3	7.3	-90.0
1573786786	0.00	-163.68	0.0	?	-7.2	7.2	-90.0
1575787787	0.00	-164.07	0.0	?	-7.0	7.0	-90.0
1577788788	0.00	-164.25	0.0	?	-6.9	6.9	-90.0
1579789789	0.00	-164.64	0.0	?	-6.7	6.7	-90.0
1581790790	0.00	-165.05	0.0	?	-6.6	6.6	-90.0
1583791791	0.00	-165.13	0.0	?	-6.5	6.5	-90.0
1585792792	0.00	-165.52	0.0	?	-6.3	6.3	-90.0
1587793793	0.00	-165.88	0.0	?	-6.2	6.2	-90.0
1589794794	0.00	-166.11	0.0	?	-6.1	6.1	-90.0
1591795795	0.00	-166.51	0.0	?	-5.9	5.9	-90.0
1593796796	0.00	-166.74	0.0	?	-5.8	5.8	-90.0
1595797797	0.00	-166.87	0.0	?	-5.8	5.8	-90.0
1597798798	0.00	-167.32	0.0	?	-5.6	5.6	-90.0
1599799799	0.00	-167.53	0.0	?	-5.5	5.5	-90.0
1601800800	0.00	-167.93	0.0	?	-5.3	5.3	-90.0
1603801801	0.00	-168.30	0.0	?	-5.1	5.1	-90.0
1605802802	0.00	-168.57	0.0	?	-5.0	5.0	-90.0
1607803803	0.00	-169.00	0.0	?	-4.8	4.8	-90.0
1609804804	0.00	-169.38	0.0	?	-4.6	4.6	-90.0
1611805805	0.00	-169.92	0.0	?	-4.4	4.4	-90.0
1613806806	0.00	-170.20	0.0	?	-4.3	4.3	-90.0
1615807807	0.00	-170.73	0.0	?	-4.1	4.1	-90.0
1617808808	0.00	-171.33	0.0	?	-3.8	3.8	-90.0
1619809809	0.00	-172.00	0.0	?	-3.5	3.5	-90.0
1621810810	0.00	-172.24	0.0	?	-3.4	3.4	-90.0
1623811811	0.00	-172.51	0.0	?	-3.3	3.3	-90.0
1625812812	0.00	-172.95	0.0	?	-3.1	3.1	-90.0
1627813813	0.00	-173.45	0.0	?	-2.9	2.9	-90.0
1629814814	0.00	-173.91	0.0	?	-2.7	2.7	-90.0
1631815815	0.00	-174.49	0.0	?	-2.4	2.4	-90.0
1633816816	0.00	-174.93	0.0	?	-2.2	2.2	-90.0
1635817817	0.00	-175.46	0.0	?	-2.0	2.0	-90.0
1637818818	0.00	-175.92	0.0	?	-1.8	1.8	-90.0
1639819819	0.00	-176.61	0.0	?	-1.5	1.5	-90.0
1641820820	0.00	-176.94	0.0	?	-1.3	1.3	-90.0
1643821821	0.00	-177.60	0.0	?	-1.0	1.0	-90.0
1645822822	0.00	-178.25	0.0	?	-0.8	0.8	-90.0
1647823823	0.00	-178.72	0.0	?	-0.6	0.6	-90.0
1649824824	0.00	-179.25	0.0	?	-0.3	0.3	-90.0
1651825825	0.00	-179.91	0.0	?	-0.0	0.0	-90.0
1653826826	0.00	179.87	0.0	?	0.1	0.1	90.0
1655827827	0.00	178.93	0.0	?	0.5	0.5	90.0
1657828828	0.00	178.30	0.0	?	0.7	0.7	90.0
1659829829	0.00	177.72	0.0	?	1.0	1.0	90.0
1661830830	0.00	177.10	0.0	?	1.3	1.3	90.0
1663831831	0.00	176.43	0.0	?	1.6	1.6	90.0
1665832832	0.00	175.95	0.0	?	1.8	1.8	90.0
1667833833	0.00	174.84	0.0	?	2.3	2.3	90.0
1669834834	0.00	174.05	0.0	?	2.6	2.6	90.0
1671835835	0.00	173.36	0.0	?	2.9	2.9	90.0
1673836836	0.00	172.49	0.0	?	3.3	3.3	90.0
1675837837	0.00	171.70	0.0	?	3.6	3.6	90.0
1677838838	0.00	170.88	0.0	?	4.0	4.0	90.0
1679839839	0.00	170.16	0.0	?	4.3	4.3	90.0
1681840840	0.00	169.23	0.0	?	4.7	4.7	90.0
1683841841	0.00	168.27	0.0	?	5.1	5.1	90.0
1685842842	0.00	167.28	0.0	?	5.6	5.6	90.0
1687843843	0.00	166.48	0.0	?	5.9	5.9	90.0
1689844844	0.00	165.47	0.0	?	6.4	6.4	90.0
1691845845	0.00	164.53	0.0	?	6.8	6.8	90.0
1693846846	0.00	163.58	0.0	?	7.2	7.2	90.0
1695847847	0.00	162.79	0.0	?	7.6	7.6	90.0
1697848848	0.00	162.12	0.0	?	7.9	7.9	90.0
1699849849	0.00	160.92	0.0	?	8.4	8.4	90.0
1701850850	0.00	159.91	0.0	?	8.9	8.9	90.0
1703851851	0.00	159.36	0.0	?	9.1	9.1	90.0
1705852852	0.00	158.41	0.0	?	9.5	9.5	90.0
1707853853	0.00	157.61	0.0	?	9.9	9.9	90.0
1709854854	0.00	157.31	0.0	?	10.0	10.0	90.0
1711855855	0.00	156.14	0.0	?	10.6	10.6	90.0
1713856856	0.00	155.61	0.0	?	10.8	10.8	90.0
1715857857	0.00	154.40	0.0	?	11.4	11.4	90.0
1717858858	0.00	154.02	0.0	?	11.5	11.5	90.0
1719859859	0.00	153.20	0.0	?	11.9	11.9	90.0
1721860860	0.00	152.79	0.0	?	12.1	12.1	90.0
1723861861	0.00	151.91	0.0	?	12.5	12.5	90.0
1725862862	0.00	151.54	0.0	?	12.7	12.7	90.0
1727863863	0.00	150.63	0.0	?	13.1	13.1	90.0
1729864864	0.00	149.94	0.0	?	13.4	13.4	90.0
1731865865	0.00	149.54	0.0	?	13.6	13.6	90.0
1733866866	0.00	148.43	0.0	?	14.1	14.1	90.0
1735867867	0.00	147.57	0.0	?	14.5	14.5	90.0
1737868868	0.00	146.68	0.0	?	15.0	15.0	90.0
1739869869	0.00	146.05	0.0	?	15.3	15.3	90.0
1741870870	0.00	144.90	0.0	?	15.8	15.8	90.0
1743871871	0.00	143.59	0.0	?	16.4	16.4	90.0
1745872872	0.00	141.93	0.0	?	17.2	17.2	90.0
1747873873	0.00	140.46	0.0	?	18.0	18.0	90.0
1749874874	0.00	139.58	0.0	?	18.4	18.4	90.0
1751875875	0.00	138.17	0.0	?	19.1	19.1	90.0
1753876876	0.00	136.16	0.0	?	20.1	20.1	90.0
1755877877	0.00	134.64	0.0	?	20.9	20.9	90.0
1757878878	0.00	132.60	0.0	?	21.9	21.9	90.0
1759879879	0.00	131.12	0.0	?	22.7	22.7	90.0
1761880880	0.00	129.39	0.0	?	23.6	23.6	90.0
1763881881	0.00	127.54	0.0	?	24.6	24.6	90.0
1765882882	0.00	125.84	0.0	?	25.6	25.6	90.0
1767883883	0.00	123.82	0.0	?	26.7	26.7	90.0
1769884884	0.00	122.42	0.0	?	27.5	27.5	90.0
1771885885	0.00	120.67	0.0	?	28.5	28.5	90.0
1773886886	0.00	118.46	0.0	?	29.8	29.8	90.0
1775887887	0.00	116.80	0.0	?	30.8	30.8	90.0
1777888888	0.00	114.57	0.0	?	32.1	32.1	90.0
1779889889	0.00	112.68	0.0	?	33.3	33.3	90.0
1781890890	0.00	111.04	0.0	?	34.3	34.3	90.0
1783891891	0.00	109.50	0.0	?	35.3	35.3	90.0
1785892892	0.00	107.66	0.0	?	36.6	36.6	90.0
1787893893	0.00	105.60	0.0	?	38.0	38.0	90.0
1789894894	0.00	103.72	0.0	?	39.3	39.3	90.0
1791895895	0.00	101.80	0.0	?	40.6	40.6	90.0
1793896896	0.00	99.67	0.0	?	42.2	42.2	90.0
1795897897	0.00	97.86	0.0	?	43.6	43.6	90.0
1797898898	0.00	95.87	0.0	?	45.1	45.1	90.0
1799899899	0.00	93.88	0.0	?	46.7	46.7	90.0
1801900900	0.00	92.41	0.0	?	47.9	47.9	90.0
1803901901	0.00	90.20	0.0	?	49.8	49.8	90.0
1805902902	0.00	88.43	0.0	?	51.4	51.4	90.0
1807903903	0.00	86.38	0.0	?	53.3	53.3	90.0
1809904904	0.00	84.10	0.0	?	55.4	55.4	90.0
1811905905	0.00	82.15	0.0	?	57.4	57.4	90.0
1813906906	0.00	80.28	0.0	?	59.3	59.3	90.0
1815907907	0.00	78.43	0.0	?	61.3	61.3	90.0
1817908908	0.00	76.07	0.0	?	63.9	63.9	90.0
1819909909	0.00	74.04	0.0	?	66.3	66.3	90.0
1821910910	-0.28	71.91	2.3	62.64	68.9	68.9	88.1
1823911911	-0.49	70.02	4.3	35.51	71.2	71.3	86.6
1825912912	-0.71	68.30	6.5	24.45	73.3	73.6	85.0
1827913913	-0.97	65.70	9.4	18.00	76.6	77.2	83.0
1829914914	-1.17	63.57	12.0	14.89	79.4	80.3	81.4
1831915915	-1.48	61.80	15.8	11.76	81.3	82.8	79.0
1833916916	-1.68	59.25	19.1	10.39	84.7	86.8	77.3
1835917917	-1.90	57.18	22.9	9.18	87.2	90.1	75.3
1837918918	-2.12	55.08	27.0	8.23	89.6	93.6	73.3
1839919919	-2.29	52.69	31.1	7.62	92.7	97.8	71.4
1841920920	-2.54	50.43	36.5	6.89	94.9	101.7	69.0
1843921921	-2.74	48.39	41.6	6.39	96.8	105.3	66.8
1845922922	-2.97	45.90	48.0	5.91	98.9	109.9	64.1
1847923923	-3.22	43.78	54.6	5.46	99.6	113.5	61.3
1849924924	-3.35	41.30	61.0	5.25	101.8	118.7	59.1
1851925925	-3.52	38.88	68.4	5.00	102.9	123.5	56.4
1853926926	-3.74	36.71	75.9	4.72	102.3	127.3	53.4
1855927927	-3.85	34.34	83.5	4.59	102.9	132.5	50.9
1857928928	-4.05	31.63	93.2	4.37	101.2	137.6	47.3
1859929929	-4.18	29.06	102.5	4.23	99.5	142.9	44.2
1861930930	-4.35	26.71	111.2	4.08	95.8	146.7	40.7
1863931931	-4.52	24.17	120.3	3.93	90.5	150.5	36.9
1865932932	-4.62	21.65	129.4	3.85	85.5	155.1	33.5
1867933933	-4.77	19.06	137.8	3.73	77.9	158.3	29.5
1869934934	-4.87	16.91	144.3	3.66	71.0	160.8	26.2
1871935935	-4.94	14.28	152.2	3.61	62.5	164.5	22.3
1873936936	-5.07	11.62	157.7	3.52	51.5	165.9	18.1
1875937937	-5.14	9.25	162.2	3.48	41.5	167.4	14.4
1877938938	-5.24	6.57	165.1	3.42	29.5	167.7	10.1
1879939939	-5.30	4.11	166.8	3.38	18.4	167.8	6.3
1881940940	-5.44	1.46	164.6	3.30	6.3	164.7	2.2
1883941941	-5.52	-0.88	162.6	3.25	-3.7	162.6	-1.3
1885942942	-5.58	-3.58	159.5	3.22	-14.5	160.2	-5.2
1887943943	-5.67	-5.85	154.9	3.17	-22.5	156.5	-8.3
1889944944	-5.76	-8.52	149.1	3.13	-31.0	152.2	-11.7
1891945945	-5.84	-11.06	143.0	3.09	-37.9	148.0	-14.8
1893946946	-5.90	-13.66	136.7	3.06	-44.0	143.6	-17.9
1895947947	-6.02	-16.18	129.5	3.00	-48.1	138.2	-20.4
1897948948	-6.15	-18.48	122.9	2.94	-50.7	133.0	-22.4
1899949949	-6.18	-20.78	117.5	2.93	-53.9	129.3	-24.7
1901950950	-6.31	-23.16	111.2	2.87	-55.2	124.1	-26.4
1903951951	-6.44	-25.19	106.0	2.82	-55.6	119.6	-27.7
1905952952	-6.62	-27.71	99.9	2.75	-55.4	114.2	-29.0
1907953953	-6.79	-29.18	96.4	2.69	-54.4	110.7	-29.5
1909954954	-6.99	-30.55	93.1	2.62	-52.9	107.0	-29.6
1911955955	-7.22	-31.40	90.8	2.54	-50.8	104.1	-29.2
1913956956	-7.32	-31.80	89.8	2.51	-50.0	102.8	-29.1
1915957957	-7.38	-32.02	89.3	2.49	-49.5	102.1	-29.0
1917958958	-7.36	-32.12	89.2	2.50	-49.8	102.1	-29.2
1919959959	-7.37	-31.97	89.4	2.50	-49.6	102.2	-29.0
1921960960	-7.27	-31.59	90.3	2.53	-50.5	103.5	-29.2
1923961961	-7.04	-31.35	91.5	2.60	-52.8	105.7	-30.0
1925962962	-6.85	-31.73	91.5	2.67	-55.2	106.9	-31.1
1927963963	-6.67	-31.77	92.0	2.73	-57.3	108.4	-31.9
1929964964	-6.42	-32.64	91.1	2.83	-60.7	109.4	-33.7
1931965965	-6.27	-33.51	89.7	2.89	-63.0	109.6	-35.1
1933966966	-6.02	-34.40	88.3	3.00	-66.5	110.5	-37.0
1935967967	-5.85	-35.62	85.8	3.08	-68.9	110.1	-38.7
1937968968	-5.62	-36.47	84.0	3.20	-72.0	110.6	-40.6
1939969969	-5.42	-37.73	81.1	3.31	-74.6	110.2	-42.6
1941970970	-5.27	-38.92	78.3	3.40	-76.2	109.3	-44.2
1943971971	-5.11	-39.81	76.0	3.50	-78.1	108.9	-45.8
1945972972	-5.00	-41.12	72.9	3.57	-78.8	107.4	-47.2
1947973973	-4.86	-42.11	70.3	3.67	-80.1	106.6	-48.7
1949974974	-4.71	-43.17	67.5	3.78	-81.2	105.6	-50.3
1951975975	-4.54	-44.11	64.8	3.92	-82.6	105.0	-51.9
1953976976	-4.41	-45.34	61.8	4.03	-83.0	103.4	-53.3
1955977977	-4.31	-46.31	59.4	4.11	-83.1	102.2	-54.5
1957978978	-4.24	-47.61	56.8	4.18	-82.6	100.2	-55.5
1959979979	-4.05	-49.17	52.9	4.37	-82.9	98.3	-57.5
1961980980	-3.96	-49.92	51.1	4.46	-82.8	97.3	-58.3
1963981981	-3.90	-50.63	49.6	4.53	-82.6	96.3	-59.0
1965982982	-3.77	-51.81	46.9	4.68	-82.3	94.7	-60.3
1967983983	-3.66	-52.51	45.0	4.82	-82.4	93.9	-61.3
1969984984	-3.60	-52.95	44.0	4.90	-82.4	93.4	-61.9
1971985985	-3.56	-54.05	42.3	4.95	-81.2	91.6	-62.5
1973986986	-3.45	-55.05	40.2	5.10	-80.8	90.3	-63.5
1975987987	-3.36	-55.86	38.5	5.24	-80.5	89.2	-64.4
1977988988	-3.23	-56.21	37.0	5.44	-80.9	89.0	-65.4
1979989989	-3.22	-56.69	36.4	5.46	-80.3	88.2	-65.6
1981990990	-3.18	-57.64	35.2	5.52	-79.3	86.7	-66.1
1983991991	-3.12	-58.53	33.8	5.63	-78.5	85.5	-66.7
1985992992	-3.05	-59.51	32.3	5.76	-77.7	84.1	-67.4
1987993993	-2.94	-59.70	31.1	5.97	-78.0	84.0	-68.2
1989994994	-2.93	-60.35	30.5	5.99	-77.2	83.0	-68.5
1991995995	-2.90	-61.11	29.6	6.05	-76.4	82.0	-68.8
1993996996	-2.83	-61.84	28.5	6.18	-75.8	81.0	-69.4
1995997997	-2.80	-62.39	27.8	6.27	-75.3	80.2	-69.7
1997998998	-2.76	-63.13	27.0	6.35	-74.5	79.2	-70.1
1999999999	-2.68	-63.62	25.9	6.54	-74.2	78.6	-70.7
