1000000	-0.72	87.48	4.4	23.99	52.1	52.2	85.2
3001001	0.00	82.15	0.0	?	57.4	57.4	90.0
5002002	0.00	76.69	0.0	?	63.2	63.2	90.0
7003003	0.00	72.75	0.0	?	67.9	67.9	90.0
9004004	0.00	69.34	0.0	?	72.3	72.3	90.0
11005005	0.00	67.33	0.0	?	75.1	75.1	90.0
13006006	0.00	65.17	0.0	?	78.2	78.2	90.0
15007007	-0.15	62.41	1.6	116.45	82.5	82.5	88.9
17008008	-0.21	60.73	2.4	81.21	85.3	85.3	88.4
19009009	-0.33	58.95	3.9	52.88	88.3	88.4	87.5
21010010	-0.39	57.33	4.9	44.10	91.3	91.4	86.9
23011011	-0.45	55.75	5.9	38.41	94.2	94.4	86.4
25012012	-0.51	54.30	7.0	33.98	97.1	97.4	85.9
27013013	-0.56	52.80	8.1	31.19	100.2	100.5	85.4
29014014	-0.60	51.43	9.1	28.96	103.2	103.6	84.9
31015015	-0.64	50.14	10.2	27.27	106.1	106.6	84.5
33016016	-0.66	48.94	11.0	26.30	108.9	109.5	84.2
35017017	-0.67	47.85	11.7	25.77	111.7	112.3	84.0
37018018	-0.67	46.72	12.1	26.02	114.7	115.3	84.0
39019019	-0.66	45.57	12.5	26.43	117.9	118.6	83.9
41020020	-0.66	44.44	13.3	26.16	121.2	121.9	83.8
43021021	-0.67	43.36	13.9	26.04	124.4	125.2	83.6
45022022	-0.68	42.36	14.7	25.71	127.6	128.4	83.4
47023023	-0.68	41.40	15.5	25.54	130.7	131.6	83.2
49024024	-0.69	40.55	16.4	25.04	133.6	134.6	83.0
51025025	-0.70	39.62	17.3	24.84	136.9	138.0	82.8
53026026	-0.71	38.79	18.3	24.49	139.9	141.1	82.6
55027027	-0.73	38.01	19.6	23.73	142.8	144.1	82.2
57028028	-0.74	37.27	20.7	23.33	145.6	147.1	81.9
59029029	-0.77	36.54	22.1	22.66	148.5	150.1	81.6
61030030	-0.79	35.85	23.6	21.94	151.2	153.1	81.1
63031031	-0.82	35.18	25.2	21.23	154.0	156.0	80.7
65032032	-0.85	34.51	27.3	20.34	156.6	159.0	80.1
67033033	-0.89	33.84	29.5	19.44	159.4	162.1	79.5
69034034	-0.94	33.18	32.0	18.55	162.0	165.2	78.8
71035035	-0.98	32.49	34.7	17.77	164.9	168.5	78.1
73036036	-1.04	31.80	38.1	16.74	167.5	171.8	77.2
75037037	-1.09	31.11	41.5	15.94	170.2	175.2	76.3
77038038	-1.15	30.43	45.3	15.11	172.8	178.6	75.3
79039039	-1.22	29.69	49.8	14.31	175.5	182.4	74.2
81040040	-1.28	28.95	54.3	13.63	178.2	186.3	73.1
83041041	-1.36	28.23	59.9	12.79	180.2	189.9	71.6
85042042	-1.44	27.54	65.6	12.07	181.8	193.3	70.2
87043043	-1.52	26.81	71.6	11.46	183.6	197.1	68.7
89044044	-1.58	26.01	77.7	11.01	186.0	201.5	67.3
91045045	-1.66	25.07	85.5	10.49	188.3	206.8	65.6
93046046	-1.74	24.21	93.3	10.03	189.8	211.5	63.8
95047047	-1.83	23.31	102.0	9.55	190.6	216.2	61.8
97048048	-1.91	22.44	110.9	9.12	190.8	220.7	59.8
99049049	-1.97	21.44	120.4	8.86	192.3	226.9	58.0
101050050	-2.04	20.33	131.6	8.57	193.2	233.7	55.7
103051051	-2.11	19.15	144.3	8.27	192.9	240.9	53.2
105052052	-2.18	17.92	158.1	8.02	192.0	248.7	50.5
107053053	-2.25	16.69	172.7	7.75	189.0	256.0	47.6
109054054	-2.34	15.38	188.5	7.47	183.5	263.1	44.2
111055055	-2.41	14.06	204.5	7.26	176.9	270.4	40.9
113056056	-2.49	12.74	220.3	7.04	167.5	276.7	37.2
115057057	-2.55	11.36	236.3	6.86	156.3	283.3	33.5
117058058	-2.61	9.86	253.3	6.72	142.5	290.6	29.4
119059059	-2.67	8.36	268.0	6.55	124.7	295.6	25.0
121060060	-2.73	6.80	281.2	6.42	104.2	299.9	20.3
123061061	-2.77	5.13	292.9	6.31	80.6	303.7	15.4
125062062	-2.83	3.49	299.2	6.19	55.0	304.2	10.4
127063063	-2.88	1.82	301.7	6.09	28.4	303.1	5.4
129064064	-2.91	0.07	301.1	6.02	1.1	301.1	0.2
131065065	-2.94	-1.64	296.3	5.97	-24.6	297.3	-4.8
133066066	-2.97	-3.39	287.1	5.91	-48.8	291.2	-9.6
135067067	-2.96	-5.30	275.8	5.92	-73.1	285.3	-14.9
137068068	-2.98	-7.22	259.8	5.89	-93.4	276.1	-19.8
139069069	-2.98	-9.11	243.0	5.90	-110.2	266.8	-24.4
141070070	-2.96	-11.17	223.7	5.92	-124.6	256.1	-29.1
143071071	-2.95	-13.25	204.0	5.94	-135.0	244.7	-33.5
145072072	-2.93	-15.26	185.3	5.98	-141.7	233.3	-37.4
147073073	-2.91	-17.39	166.8	6.03	-146.1	221.7	-41.2
149074074	-2.89	-19.60	148.9	6.07	-147.4	209.5	-44.7
151075075	-2.86	-21.84	132.5	6.13	-147.1	198.0	-48.0
153076076	-2.82	-24.07	117.9	6.21	-145.4	187.2	-51.0
155077077	-2.79	-26.39	104.5	6.28	-142.3	176.6	-53.7
157078078	-2.75	-28.68	92.9	6.38	-138.6	166.9	-56.2
159079079	-2.72	-31.01	82.7	6.45	-134.0	157.5	-58.3
161080080	-2.69	-33.38	73.8	6.50	-128.9	148.5	-60.2
163081081	-2.66	-35.84	65.7	6.59	-123.8	140.2	-62.1
165082082	-2.62	-38.19	59.0	6.67	-118.9	132.7	-63.6
167083083	-2.58	-40.56	53.0	6.77	-114.1	125.8	-65.1
169084084	-2.55	-42.95	47.8	6.86	-109.4	119.4	-66.4
171085085	-2.50	-45.24	43.2	6.99	-105.1	113.7	-67.6
173086086	-2.44	-47.71	38.7	7.18	-100.9	108.0	-69.0
175087087	-2.39	-50.37	34.8	7.33	-96.2	102.3	-70.1
177088088	-2.33	-53.10	31.2	7.49	-91.7	96.9	-71.2
179089089	-2.30	-56.01	28.2	7.59	-87.0	91.5	-72.1
181090090	-2.29	-59.01	25.6	7.63	-82.4	86.3	-72.7
183091091	-2.27	-61.82	23.5	7.69	-78.4	81.9	-73.3
185092092	-2.25	-64.71	21.6	7.75	-74.5	77.6	-73.8
187093093	-2.23	-67.89	19.8	7.82	-70.5	73.3	-74.3
189094094	-2.16	-71.11	17.8	8.09	-66.9	69.2	-75.1
191095095	-2.09	-75.01	15.8	8.36	-62.7	64.6	-75.9
193096096	-2.05	-79.55	14.1	8.51	-58.1	59.8	-76.4
195097097	-2.09	-84.58	13.0	8.37	-53.3	54.8	-76.3
197098098	-2.17	-89.78	12.3	8.03	-48.7	50.2	-75.8
199099099	-2.27	-95.51	11.7	7.70	-44.0	45.6	-75.1
201100100	-2.37	-101.79	11.1	7.39	-39.4	41.0	-74.3
203101101	-2.51	-109.09	10.7	6.98	-34.5	36.1	-72.8
205102102	-2.74	-117.60	10.6	6.38	-29.3	31.1	-70.1
207103103	-3.08	-126.78	10.9	5.69	-24.1	26.4	-65.6
209104104	-3.51	-136.95	11.4	5.02	-18.8	22.0	-58.7
211105105	-4.04	-148.08	12.3	4.37	-13.5	18.3	-47.6
213106106	-4.71	-160.72	13.6	3.78	-7.9	15.7	-30.1
215107107	-5.55	-174.90	15.5	3.24	-2.0	15.6	-7.4
217108108	-6.58	169.27	18.2	2.77	4.1	18.7	12.6
219109109	-7.56	151.93	21.5	2.44	10.3	23.9	25.6
221110110	-8.28	133.31	25.4	2.26	16.7	30.4	33.4
223111111	-8.57	114.40	29.7	2.19	23.5	37.9	38.3
225112112	-8.28	96.97	34.3	2.25	30.8	46.1	41.9
227113113	-7.64	81.84	39.3	2.42	38.9	55.3	44.8
229114114	-6.76	68.86	44.9	2.70	48.7	66.2	47.3
231115115	-5.91	57.74	51.9	3.05	59.8	79.2	49.0
233116116	-5.09	47.96	61.2	3.51	73.2	95.4	50.1
235117117	-4.37	39.58	73.2	4.06	88.8	115.1	50.5
237118118	-3.77	31.95	90.6	4.68	107.1	140.3	49.8
239119119	-3.30	24.88	117.3	5.32	126.8	172.7	47.2
241120120	-2.97	18.56	157.0	5.91	143.4	212.6	42.4
243121121	-2.71	12.84	214.0	6.45	149.6	261.1	35.0
245122122	-2.52	7.62	287.2	6.94	129.3	315.0	24.2
247123123	-2.38	2.85	355.5	7.34	63.7	361.2	10.2
249124124	-2.27	-1.47	380.8	7.69	-36.8	382.6	-5.5
251125125	-2.17	-5.46	352.0	8.06	-133.0	376.3	-20.7
253126126	-2.10	-9.42	285.0	8.32	-191.4	343.3	-33.9
255127127	-2.03	-13.09	220.8	8.59	-211.7	305.9	-43.8
257128128	-1.99	-16.70	168.7	8.75	-209.3	268.8	-51.1
259129129	-1.95	-19.99	132.3	8.95	-199.8	239.6	-56.5
261130130	-1.91	-23.34	104.6	9.12	-186.6	213.9	-60.7
263131131	-1.89	-26.61	84.6	9.23	-172.7	192.3	-63.9
265132132	-1.86	-29.73	69.7	9.40	-160.5	174.9	-66.5
267133133	-1.82	-32.72	58.3	9.59	-149.6	160.6	-68.7
269134134	-1.77	-35.68	49.3	9.83	-139.8	148.2	-70.6
271135135	-1.75	-38.55	42.6	9.95	-130.7	137.5	-72.0
273136136	-1.72	-41.35	37.1	10.12	-122.8	128.3	-73.2
275137137	-1.69	-44.10	32.5	10.34	-115.7	120.2	-74.3
277138138	-1.66	-46.72	28.9	10.51	-109.4	113.1	-75.2
279139139	-1.62	-49.28	25.7	10.76	-103.8	106.9	-76.1
281140140	-1.61	-51.67	23.4	10.84	-98.8	101.5	-76.7
283141141	-1.56	-54.16	21.0	11.17	-94.1	96.4	-77.4
285142142	-1.51	-56.42	18.9	11.55	-90.2	92.1	-78.2
287143143	-1.46	-58.64	17.1	11.95	-86.5	88.2	-78.8
289144144	-1.41	-60.83	15.5	12.33	-83.0	84.5	-79.4
291145145	-1.35	-62.93	14.0	12.87	-79.9	81.1	-80.0
293146146	-1.29	-65.02	12.7	13.50	-77.0	78.0	-80.7
295147147	-1.24	-67.16	11.5	14.03	-74.1	75.0	-81.2
297148148	-1.19	-69.17	10.5	14.60	-71.5	72.2	-81.6
299149149	-1.15	-71.17	9.6	15.19	-69.0	69.7	-82.0
301150150	-1.09	-72.98	8.8	15.90	-66.8	67.4	-82.5
303151151	-1.06	-74.81	8.2	16.38	-64.7	65.2	-82.8
305152152	-1.03	-76.59	7.7	16.86	-62.7	63.2	-83.0
307153153	-0.99	-78.47	7.1	17.60	-60.7	61.2	-83.4
309154154	-0.97	-80.26	6.7	17.97	-58.9	59.2	-83.5
311155155	-0.94	-81.95	6.3	18.47	-57.2	57.5	-83.7
313156156	-0.93	-83.73	6.0	18.76	-55.4	55.8	-83.9
315157157	-0.93	-85.39	5.8	18.67	-53.9	54.2	-83.8
317158158	-0.95	-86.98	5.7	18.37	-52.4	52.7	-83.8
319159159	-0.95	-88.44	5.6	18.24	-51.1	51.4	-83.7
321160160	-0.95	-89.68	5.5	18.21	-50.0	50.3	-83.7
323161161	-0.94	-90.99	5.3	18.42	-48.9	49.1	-83.8
325162162	-0.92	-92.33	5.0	18.99	-47.8	48.0	-84.0
327163163	-0.89	-93.72	4.8	19.52	-46.6	46.9	-84.1
329164164	-0.86	-95.16	4.5	20.14	-45.5	45.7	-84.3
331165165	-0.84	-96.61	4.3	20.64	-44.4	44.6	-84.4
333166166	-0.83	-98.21	4.1	21.05	-43.1	43.3	-84.5
335167167	-0.81	-99.76	4.0	21.43	-42.0	42.2	-84.6
337168168	-0.82	-101.21	3.9	21.27	-40.9	41.1	-84.5
339169169	-0.82	-102.78	3.9	21.23	-39.8	40.0	-84.5
341170170	-0.82	-104.41	3.8	21.11	-38.6	38.8	-84.4
343171171	-0.83	-106.01	3.7	20.96	-37.5	37.7	-84.3
345172172	-0.84	-107.54	3.7	20.78	-36.5	36.7	-84.2
347173173	-0.85	-109.05	3.7	20.52	-35.5	35.7	-84.1
349174174	-0.85	-110.65	3.6	20.35	-34.5	34.7	-84.0
351175175	-0.86	-112.20	3.6	20.21	-33.5	33.7	-83.9
353176176	-0.87	-113.84	3.6	19.87	-32.4	32.6	-83.7
355177177	-0.90	-115.29	3.6	19.39	-31.6	31.8	-83.5
357178178	-0.91	-116.82	3.6	19.19	-30.6	30.8	-83.3
359179179	-0.92	-118.40	3.6	18.90	-29.7	29.9	-83.1
361180180	-0.93	-120.00	3.6	18.63	-28.8	29.0	-82.9
363181181	-0.94	-121.56	3.5	18.52	-27.9	28.1	-82.8
365182182	-0.95	-123.10	3.5	18.24	-27.0	27.2	-82.5
367183183	-0.96	-124.67	3.5	18.11	-26.1	26.3	-82.3
369184184	-0.96	-126.20	3.5	18.07	-25.3	25.5	-82.2
371185185	-0.96	-127.70	3.4	18.08	-24.5	24.7	-82.0
373186186	-0.97	-129.19	3.4	17.97	-23.7	23.9	-81.8
375187187	-0.96	-130.74	3.3	18.07	-22.8	23.1	-81.7
377188188	-0.96	-132.21	3.3	18.07	-22.1	22.3	-81.5
379189189	-0.96	-133.68	3.2	18.21	-21.3	21.6	-81.3
381190190	-0.95	-135.10	3.2	18.24	-20.6	20.8	-81.1
383191191	-0.94	-136.54	3.1	18.47	-19.9	20.1	-81.0
385192192	-0.93	-137.97	3.1	18.64	-19.1	19.4	-80.9
387193193	-0.92	-139.35	3.0	18.85	-18.5	18.7	-80.7
389194194	-0.92	-140.73	3.0	18.91	-17.8	18.0	-80.5
391195195	-0.91	-142.03	2.9	19.03	-17.1	17.4	-80.3
393196196	-0.90	-143.38	2.9	19.28	-16.5	16.7	-80.1
395197197	-0.89	-144.66	2.8	19.56	-15.9	16.1	-79.9
397198198	-0.88	-145.95	2.8	19.84	-15.3	15.5	-79.8
399199199	-0.86	-147.17	2.7	20.16	-14.7	14.9	-79.6
401200200	-0.85	-148.31	2.6	20.41	-14.2	14.4	-79.4
403201201	-0.85	-149.51	2.6	20.53	-13.6	13.8	-79.1
405202202	-0.83	-150.69	2.6	20.91	-13.0	13.3	-78.9
407203203	-0.83	-151.86	2.5	21.06	-12.5	12.8	-78.6
409204204	-0.82	-152.97	2.5	21.31	-12.0	12.2	-78.3
411205205	-0.80	-154.03	2.4	21.64	-11.5	11.8	-78.1
413206206	-0.80	-155.13	2.4	21.69	-11.0	11.3	-77.6
415207207	-0.80	-156.18	2.4	21.79	-10.5	10.8	-77.2
417208208	-0.80	-157.18	2.4	21.87	-10.1	10.3	-76.7
419209209	-0.80	-158.17	2.4	21.75	-9.6	9.9	-76.1
421210210	-0.81	-159.17	2.4	21.56	-9.2	9.5	-75.3
423211211	-0.80	-160.12	2.4	21.68	-8.7	9.1	-74.8
425212212	-0.81	-161.08	2.4	21.51	-8.3	8.6	-74.0
427213213	-0.82	-162.04	2.4	21.10	-7.9	8.3	-72.9
429214214	-0.84	-162.99	2.5	20.82	-7.5	7.9	-71.8
431215215	-0.85	-163.91	2.5	20.43	-7.1	7.5	-70.5
433216216	-0.86	-164.83	2.5	20.12	-6.6	7.1	-69.2
435217217	-0.88	-165.70	2.6	19.67	-6.3	6.8	-67.6
437218218	-0.90	-166.60	2.6	19.22	-5.9	6.4	-65.8
439219219	-0.92	-167.47	2.7	18.86	-5.5	6.1	-63.9
441220220	-0.95	-168.39	2.8	18.31	-5.1	5.8	-61.4
443221221	-0.98	-169.26	2.8	17.81	-4.7	5.5	-58.8
445222222	-1.00	-170.17	2.9	17.39	-4.3	5.2	-55.9
447223223	-1.03	-171.07	3.0	16.85	-3.9	4.9	-52.5
449224224	-1.06	-171.95	3.1	16.34	-3.5	4.7	-48.7
451225225	-1.10	-172.86	3.2	15.87	-3.1	4.4	-44.5
453226226	-1.13	-173.81	3.2	15.44	-2.7	4.2	-39.6
455227227	-1.16	-174.66	3.3	15.05	-2.3	4.1	-34.9
457228228	-1.20	-175.62	3.4	14.53	-1.9	3.9	-28.9
459229229	-1.23	-176.54	3.5	14.18	-1.5	3.8	-23.1
461230230	-1.25	-177.52	3.6	13.88	-1.1	3.8	-16.6
463231231	-1.29	-178.46	3.7	13.50	-0.7	3.8	-10.2
465232232	-1.31	-179.44	3.8	13.24	-0.2	3.8	-3.7
467233233	-1.36	179.60	3.9	12.82	0.2	3.9	2.5
469234234	-1.38	178.62	4.0	12.58	0.6	4.0	8.6
471235235	-1.41	177.56	4.1	12.32	1.1	4.2	14.6
473236236	-1.44	176.54	4.1	12.07	1.5	4.4	19.9
475237237	-1.47	175.55	4.2	11.87	1.9	4.6	24.6
477238238	-1.49	174.52	4.3	11.69	2.4	4.9	29.0
479239239	-1.51	173.54	4.3	11.56	2.8	5.2	32.8
481240240	-1.53	172.46	4.4	11.38	3.3	5.5	36.5
483241241	-1.54	171.42	4.5	11.29	3.7	5.8	39.9
485242242	-1.56	170.29	4.5	11.13	4.2	6.2	43.0
487243243	-1.58	169.28	4.6	11.03	4.7	6.5	45.5
489244244	-1.59	168.20	4.6	10.96	5.1	6.9	48.0
491245245	-1.60	167.14	4.7	10.87	5.6	7.3	50.2
493246246	-1.61	166.06	4.7	10.83	6.1	7.7	52.3
495247247	-1.62	165.03	4.7	10.75	6.5	8.0	54.0
497248248	-1.63	163.97	4.8	10.72	7.0	8.4	55.7
499249249	-1.62	162.85	4.8	10.75	7.5	8.9	57.5
501250250	-1.62	161.75	4.8	10.78	8.0	9.3	59.1
503251251	-1.61	160.66	4.8	10.83	8.4	9.7	60.6
505252252	-1.62	159.65	4.8	10.77	8.9	10.1	61.7
507253253	-1.61	158.55	4.8	10.81	9.4	10.5	63.0
509254254	-1.61	157.43	4.8	10.83	9.9	11.0	64.1
511255255	-1.60	156.36	4.8	10.86	10.4	11.4	65.1
513256256	-1.59	155.26	4.8	10.93	10.9	11.9	66.2
515257257	-1.59	154.17	4.8	10.94	11.4	12.3	67.1
517258258	-1.58	153.14	4.8	11.01	11.8	12.8	67.9
519259259	-1.58	152.06	4.8	11.05	12.3	13.2	68.7
521260260	-1.57	151.01	4.8	11.09	12.8	13.7	69.4
523261261	-1.57	149.91	4.8	11.11	13.3	14.2	70.1
525262262	-1.56	148.81	4.8	11.18	13.8	14.6	70.8
527263263	-1.56	147.75	4.8	11.20	14.3	15.1	71.4
529264264	-1.55	146.63	4.8	11.26	14.9	15.6	72.0
531265265	-1.55	145.55	4.9	11.23	15.4	16.1	72.4
533266266	-1.55	144.36	4.9	11.27	15.9	16.7	72.9
535267267	-1.55	143.29	4.9	11.25	16.4	17.2	73.3
537268268	-1.53	142.20	4.9	11.35	17.0	17.7	73.8
539269269	-1.53	141.10	4.9	11.38	17.5	18.2	74.2
541270270	-1.53	139.90	5.0	11.40	18.1	18.8	74.7
543271271	-1.53	138.76	5.0	11.35	18.6	19.3	74.9
545272272	-1.53	137.67	5.1	11.35	19.2	19.8	75.2
547273273	-1.54	136.47	5.1	11.29	19.8	20.4	75.5
549274274	-1.55	135.28	5.2	11.24	20.4	21.0	75.7
551275275	-1.57	134.03	5.3	11.12	21.0	21.7	75.9
553276276	-1.57	132.75	5.4	11.07	21.7	22.3	76.1
555277277	-1.59	131.56	5.5	10.95	22.3	22.9	76.2
557278278	-1.61	130.33	5.6	10.85	22.9	23.6	76.3
559279279	-1.62	129.02	5.7	10.73	23.6	24.3	76.4
561280280	-1.63	127.77	5.8	10.69	24.2	24.9	76.6
563281281	-1.66	126.47	5.9	10.52	24.9	25.6	76.6
565282282	-1.66	125.11	6.0	10.51	25.7	26.4	76.8
567283283	-1.70	123.88	6.3	10.22	26.3	27.1	76.6
569284284	-1.73	122.52	6.4	10.06	27.1	27.8	76.6
571285285	-1.75	121.09	6.6	9.93	27.9	28.6	76.6
573286286	-1.79	119.71	6.8	9.75	28.6	29.4	76.6
575287287	-1.81	118.37	7.0	9.61	29.4	30.2	76.6
577288288	-1.84	116.96	7.2	9.47	30.2	31.0	76.5
579289289	-1.88	115.62	7.5	9.29	31.0	31.9	76.4
581290290	-1.91	114.06	7.8	9.11	31.9	32.8	76.3
583291291	-1.95	112.78	8.0	8.95	32.6	33.6	76.2
585292292	-1.98	111.30	8.3	8.80	33.5	34.5	76.1
587293293	-2.02	109.81	8.6	8.64	34.4	35.5	76.0
589294294	-2.05	108.45	8.9	8.51	35.3	36.4	75.9
591295295	-2.08	106.83	9.2	8.39	36.3	37.4	75.8
593296296	-2.13	105.36	9.6	8.19	37.2	38.4	75.6
595297297	-2.17	103.86	9.9	8.06	38.2	39.5	75.4
597298298	-2.21	102.42	10.3	7.91	39.1	40.5	75.3
599299299	-2.27	100.99	10.8	7.70	40.1	41.5	74.9
601300300	-2.34	99.51	11.3	7.48	41.0	42.6	74.6
603301301	-2.40	98.06	11.9	7.28	42.0	43.7	74.2
605302302	-2.46	96.78	12.4	7.11	42.9	44.6	73.9
607303303	-2.54	95.54	13.0	6.90	43.7	45.6	73.4
609304304	-2.59	94.44	13.5	6.75	44.4	46.4	73.1
611305305	-2.67	93.36	14.1	6.56	45.1	47.3	72.6
613306306	-2.73	92.33	14.7	6.41	45.8	48.1	72.2
615307307	-2.79	91.47	15.2	6.28	46.4	48.8	71.9
617308308	-2.84	90.59	15.6	6.17	47.0	49.5	71.6
619309309	-2.92	89.98	16.2	6.02	47.3	50.0	71.1
621310310	-2.95	89.38	16.5	5.95	47.7	50.5	70.9
623311311	-2.98	88.84	16.8	5.88	48.1	51.0	70.7
625312312	-2.99	88.43	17.0	5.86	48.4	51.3	70.6
627313313	-2.99	87.96	17.1	5.87	48.8	51.7	70.7
629314314	-2.96	87.50	17.1	5.92	49.2	52.1	70.8
631315315	-2.90	86.99	17.0	6.04	49.7	52.5	71.2
633316316	-2.86	86.58	16.8	6.14	50.2	52.9	71.5
635317317	-2.81	86.17	16.7	6.24	50.6	53.3	71.8
637318318	-2.72	85.49	16.4	6.44	51.3	53.9	72.3
639319319	-2.63	84.72	16.1	6.66	52.2	54.6	72.9
641320320	-2.53	83.93	15.8	6.90	53.1	55.4	73.4
643321321	-2.46	83.19	15.5	7.12	53.9	56.1	73.9
645322322	-2.36	82.36	15.2	7.40	54.8	56.9	74.5
647323323	-2.29	81.40	15.1	7.62	55.8	57.8	74.9
649324324	-2.18	80.40	14.6	8.02	57.0	58.9	75.6
651325325	-2.12	79.37	14.6	8.25	58.1	59.9	75.9
653326326	-2.05	78.30	14.4	8.52	59.3	61.1	76.3
655327327	-1.99	77.26	14.3	8.77	60.5	62.2	76.7
657328328	-1.94	76.08	14.4	8.99	61.9	63.5	76.9
659329329	-1.90	74.96	14.4	9.19	63.2	64.8	77.1
661330330	-1.84	73.57	14.4	9.47	64.8	66.4	77.4
663331331	-1.80	72.27	14.6	9.67	66.4	68.0	77.6
665332332	-1.77	71.14	14.7	9.86	67.8	69.4	77.8
667333333	-1.74	70.01	14.9	10.01	69.3	70.9	77.9
669334334	-1.72	68.77	15.2	10.12	70.9	72.5	77.9
671335335	-1.70	67.50	15.5	10.24	72.6	74.2	78.0
673336336	-1.67	66.20	15.7	10.46	74.4	76.0	78.1
675337337	-1.66	64.97	16.2	10.48	76.1	77.8	78.0
677338338	-1.68	63.74	16.8	10.40	77.8	79.6	77.8
679339339	-1.69	62.37	17.7	10.29	79.8	81.7	77.5
681340340	-1.69	61.26	18.1	10.34	81.5	83.5	77.4
683341341	-1.71	59.93	19.1	10.20	83.5	85.6	77.1
685342342	-1.71	58.40	20.0	10.18	85.9	88.2	76.9
687343343	-1.74	56.93	21.3	10.02	88.3	90.8	76.5
689344344	-1.77	55.58	22.5	9.86	90.5	93.3	76.0
691345345	-1.77	54.10	23.7	9.83	93.2	96.2	75.8
693346346	-1.81	52.54	25.4	9.64	96.0	99.3	75.2
695347347	-1.86	50.86	27.6	9.35	98.9	102.7	74.4
697348348	-1.89	49.09	29.7	9.24	102.5	106.7	73.8
699349349	-1.94	47.36	32.3	9.01	105.8	110.7	73.0
701350350	-1.98	45.60	35.3	8.79	109.4	115.0	72.1
703351351	-2.02	43.76	38.5	8.63	113.4	119.8	71.2
705352352	-2.06	41.96	42.0	8.49	117.5	124.8	70.3
707353353	-2.11	40.00	46.5	8.27	121.9	130.5	69.1
709354354	-2.18	38.17	51.6	8.01	125.9	136.1	67.7
711355355	-2.22	36.21	57.3	7.85	130.6	142.6	66.3
713356356	-2.27	34.10	64.1	7.69	135.9	150.2	64.7
715357357	-2.32	32.09	71.6	7.54	140.8	158.0	63.0
717358358	-2.37	30.24	79.5	7.38	145.2	165.5	61.3
719359359	-2.43	28.22	89.5	7.20	149.5	174.2	59.1
721360360	-2.46	26.05	101.1	7.11	154.7	184.8	56.8
723361361	-2.52	24.07	113.7	6.94	157.7	194.4	54.2
725362362	-2.56	22.00	128.2	6.84	160.8	205.7	51.4
727363363	-2.61	19.92	144.8	6.72	162.0	217.2	48.2
729364364	-2.64	17.88	162.7	6.63	162.0	229.6	44.9
731365365	-2.65	15.81	182.8	6.59	160.5	243.2	41.3
733366366	-2.69	13.81	203.7	6.51	154.7	255.8	37.2
735367367	-2.70	11.75	226.6	6.48	145.9	269.5	32.8
737368368	-2.73	9.64	249.8	6.41	130.7	281.9	27.6
739369369	-2.73	7.53	273.3	6.41	112.1	295.4	22.3
741370370	-2.76	5.54	291.1	6.36	87.1	303.8	16.7
743371371	-2.76	3.60	305.7	6.35	59.4	311.5	11.0
745372372	-2.76	1.39	315.3	6.34	23.6	316.2	4.3
747373373	-2.76	-0.71	317.3	6.36	-12.2	317.5	-2.2
749374374	-2.77	-2.63	309.7	6.32	-43.8	312.8	-8.0
751375375	-2.77	-4.78	296.5	6.33	-76.3	306.2	-14.4
753376376	-2.77	-6.79	278.2	6.33	-101.5	296.1	-20.0
755377377	-2.78	-8.89	255.9	6.31	-121.6	283.3	-25.4
757378378	-2.77	-10.95	233.4	6.32	-136.6	270.4	-30.3
759379379	-2.78	-12.94	211.4	6.31	-145.6	256.7	-34.6
761380380	-2.77	-14.95	190.4	6.32	-151.3	243.2	-38.5
763381381	-2.79	-16.98	170.9	6.28	-152.6	229.1	-41.8
765382382	-2.78	-19.06	152.9	6.31	-153.6	216.7	-45.1
767383383	-2.81	-21.15	137.0	6.25	-150.4	203.4	-47.7
769384384	-2.83	-23.26	123.0	6.18	-146.3	191.1	-49.9
771385385	-2.88	-25.31	111.5	6.09	-141.2	179.9	-51.7
773386386	-2.92	-27.29	101.8	6.00	-136.1	170.0	-53.2
775387387	-2.98	-29.37	93.1	5.88	-130.4	160.2	-54.5
777388388	-3.03	-31.29	86.1	5.79	-125.4	152.1	-55.5
779389389	-3.11	-33.30	79.8	5.65	-120.0	144.1	-56.4
781390390	-3.19	-35.28	74.5	5.51	-114.7	136.8	-57.0
783391391	-3.28	-37.23	70.0	5.36	-109.7	130.1	-57.4
785392392	-3.38	-39.05	66.5	5.20	-105.0	124.3	-57.7
787393393	-3.47	-40.78	63.4	5.08	-100.9	119.2	-57.9
789394394	-3.58	-42.49	60.8	4.92	-96.8	114.3	-57.9
791395395	-3.72	-44.07	58.9	4.75	-92.9	110.0	-57.6
793396396	-3.84	-45.61	57.1	4.60	-89.4	106.1	-57.5
795397397	-3.93	-46.81	55.8	4.49	-86.8	103.2	-57.3
797398398	-4.03	-47.89	54.8	4.38	-84.4	100.7	-57.0
799399399	-4.10	-48.75	53.9	4.31	-82.7	98.8	-56.9
801400400	-4.13	-49.25	53.3	4.29	-82.0	97.8	-56.9
803401401	-4.09	-49.86	52.2	4.33	-81.6	96.9	-57.4
805402402	-3.98	-50.67	50.1	4.44	-81.8	95.9	-58.5
807403403	-3.80	-51.70	47.3	4.64	-82.2	94.8	-60.1
809404404	-3.60	-53.11	43.8	4.90	-82.1	93.1	-61.9
811405405	-3.37	-54.97	39.6	5.22	-81.5	90.6	-64.1
813406406	-3.14	-57.36	35.1	5.59	-79.9	87.3	-66.3
815407407	-2.99	-60.11	31.2	5.87	-77.2	83.3	-68.0
817408408	-2.84	-63.15	27.6	6.17	-74.1	79.1	-69.5
819409409	-2.73	-66.29	24.7	6.42	-70.7	74.9	-70.8
821410410	-2.69	-69.41	22.6	6.52	-67.2	70.9	-71.4
823411411	-2.63	-72.79	20.5	6.65	-63.6	66.9	-72.1
825412412	-2.61	-75.84	19.1	6.70	-60.5	63.5	-72.5
827413413	-2.60	-78.86	17.9	6.72	-57.6	60.3	-72.8
829414414	-2.61	-81.86	16.9	6.71	-54.8	57.3	-72.9
831415415	-2.62	-84.70	16.0	6.69	-52.2	54.6	-72.9
833416416	-2.64	-87.57	15.4	6.64	-49.8	52.1	-72.9
835417417	-2.65	-90.21	14.7	6.61	-47.6	49.8	-72.8
837418418	-2.66	-92.93	14.2	6.58	-45.5	47.6	-72.7
839419419	-2.68	-95.51	13.7	6.53	-43.5	45.6	-72.5
841420420	-2.68	-97.97	13.2	6.54	-41.7	43.8	-72.4
843421421	-2.68	-100.44	12.8	6.53	-40.0	42.0	-72.3
845422422	-2.70	-102.73	12.4	6.49	-38.4	40.4	-72.1
847423423	-2.72	-104.97	12.2	6.44	-36.9	38.9	-71.8
849424424	-2.74	-107.17	11.9	6.40	-35.5	37.5	-71.5
851425425	-2.74	-109.37	11.6	6.40	-34.1	36.1	-71.2
853426426	-2.74	-111.50	11.3	6.40	-32.8	34.7	-71.0
855427427	-2.75	-113.51	11.1	6.37	-31.6	33.5	-70.7
857428428	-2.79	-115.51	11.0	6.28	-30.4	32.4	-70.1
859429429	-2.81	-117.43	10.9	6.23	-29.3	31.3	-69.6
861430430	-2.82	-119.40	10.7	6.21	-28.2	30.2	-69.2
863431431	-2.84	-121.30	10.6	6.18	-27.2	29.1	-68.7
865432432	-2.84	-123.17	10.4	6.17	-26.1	28.1	-68.3
867433433	-2.87	-125.02	10.3	6.11	-25.1	27.2	-67.7
869434434	-2.91	-126.94	10.3	6.02	-24.1	26.2	-66.9
871435435	-2.93	-128.69	10.2	5.98	-23.2	25.3	-66.2
873436436	-2.95	-130.54	10.1	5.94	-22.2	24.4	-65.5
875437437	-2.98	-132.31	10.1	5.88	-21.3	23.6	-64.6
877438438	-3.02	-134.13	10.1	5.82	-20.4	22.8	-63.7
879439439	-3.05	-135.92	10.1	5.75	-19.5	22.0	-62.7
881440440	-3.09	-137.72	10.1	5.68	-18.6	21.2	-61.6
883441441	-3.11	-139.45	10.0	5.65	-17.8	20.4	-60.7
885442442	-3.12	-141.17	10.0	5.62	-17.0	19.7	-59.6
887443443	-3.15	-142.91	9.9	5.57	-16.2	19.0	-58.4
889444444	-3.17	-144.83	9.9	5.55	-15.3	18.2	-57.1
891445445	-3.19	-146.63	9.9	5.51	-14.5	17.5	-55.7
893446446	-3.20	-148.38	9.8	5.49	-13.7	16.8	-54.3
895447447	-3.22	-150.19	9.8	5.46	-12.8	16.1	-52.7
897448448	-3.24	-151.97	9.8	5.43	-12.0	15.5	-50.9
899449449	-3.25	-153.72	9.7	5.40	-11.3	14.9	-49.1
901450450	-3.26	-155.45	9.7	5.40	-10.5	14.3	-47.3
903451451	-3.25	-157.27	9.6	5.41	-9.7	13.6	-45.3
905452452	-3.25	-158.94	9.5	5.41	-9.0	13.1	-43.2
907453453	-3.23	-160.74	9.4	5.44	-8.2	12.5	-40.9
909454454	-3.21	-162.40	9.3	5.48	-7.5	12.0	-38.7
911455455	-3.20	-164.05	9.3	5.48	-6.8	11.5	-36.1
913456456	-3.16	-165.69	9.1	5.57	-6.1	11.0	-33.7
915457457	-3.13	-167.41	9.0	5.60	-5.3	10.5	-30.6
917458458	-3.10	-168.94	8.9	5.66	-4.7	10.1	-27.7
919459459	-3.07	-170.49	8.8	5.72	-4.0	9.7	-24.6
921460460	-3.03	-172.09	8.7	5.79	-3.4	9.3	-21.1
923461461	-2.99	-173.64	8.6	5.86	-2.7	9.0	-17.5
925462462	-2.94	-175.13	8.4	5.96	-2.1	8.6	-13.8
927463463	-2.90	-176.58	8.3	6.05	-1.5	8.4	-10.0
929464464	-2.85	-178.05	8.1	6.15	-0.8	8.2	-5.8
931465465	-2.80	-179.40	8.0	6.26	-0.3	8.0	-1.8
933466466	-2.75	179.15	7.8	6.37	0.4	7.9	2.6
935467467	-2.69	177.81	7.7	6.52	0.9	7.7	6.9
937468468	-2.63	176.45	7.5	6.67	1.5	7.7	11.4
939469469	-2.58	175.17	7.4	6.79	2.1	7.7	15.6
941470470	-2.53	173.83	7.2	6.92	2.6	7.7	20.0
943471471	-2.46	172.69	7.1	7.10	3.1	7.7	23.9
945472472	-2.39	171.40	6.9	7.31	3.7	7.8	28.2
947473473	-2.35	170.15	6.8	7.43	4.2	8.0	31.9
949474474	-2.30	168.98	6.6	7.60	4.7	8.2	35.5
951475475	-2.23	167.73	6.5	7.82	5.3	8.4	39.3
953476476	-2.17	166.49	6.3	8.03	5.8	8.6	42.7
955477477	-2.11	165.37	6.2	8.25	6.3	8.8	45.8
957478478	-2.05	164.20	6.0	8.51	6.8	9.1	48.8
959479479	-2.00	163.05	5.9	8.71	7.3	9.4	51.4
961480480	-1.96	161.87	5.8	8.91	7.9	9.8	53.9
963481481	-1.89	160.68	5.6	9.20	8.4	10.1	56.4
965482482	-1.85	159.60	5.5	9.41	8.9	10.4	58.3
967483483	-1.79	158.32	5.3	9.76	9.5	10.9	60.7
969484484	-1.74	157.26	5.2	10.04	10.0	11.2	62.5
971485485	-1.68	155.98	5.0	10.40	10.5	11.7	64.5
973486486	-1.62	154.84	4.9	10.72	11.1	12.1	66.1
975487487	-1.56	153.67	4.7	11.14	11.6	12.5	67.8
977488488	-1.52	152.43	4.6	11.44	12.2	13.0	69.2
979489489	-1.47	151.18	4.5	11.86	12.7	13.5	70.6
981490490	-1.43	150.00	4.4	12.16	13.3	14.0	71.7
983491491	-1.37	148.77	4.2	12.69	13.9	14.5	73.0
985492492	-1.32	147.56	4.1	13.20	14.5	15.0	74.1
987493493	-1.26	146.29	3.9	13.84	15.1	15.6	75.3
989494494	-1.20	145.01	3.8	14.49	15.7	16.1	76.4
991495495	-1.14	143.55	3.6	15.30	16.4	16.8	77.5
993496496	-1.09	142.27	3.5	15.96	17.0	17.4	78.4
995497497	-1.03	141.02	3.3	16.88	17.6	17.9	79.3
997498498	-0.97	139.58	3.2	17.91	18.3	18.6	80.2
999499499	-0.92	138.20	3.0	18.88	19.0	19.3	80.9
1001500500	-0.86	136.84	2.9	20.18	19.7	19.9	81.7
1003501501	-0.78	135.43	2.6	22.17	20.4	20.6	82.7
1005502502	-0.72	134.00	2.5	24.02	21.2	21.3	83.4
1007503503	-0.67	132.59	2.3	26.06	21.9	22.0	84.0
1009504504	-0.60	131.17	2.1	29.13	22.7	22.8	84.8
1011505505	-0.52	129.49	1.8	33.19	23.6	23.6	85.5
1013506506	-0.44	128.04	1.6	39.10	24.3	24.4	86.3
1015507507	-0.38	126.60	1.4	45.24	25.1	25.2	86.8
1017508508	-0.33	125.04	1.2	52.92	26.0	26.0	87.4
1019509509	-0.24	123.35	0.9	72.80	26.9	27.0	88.1
1021510510	-0.18	121.97	0.7	95.09	27.7	27.7	88.6
1023511511	-0.13	120.37	0.5	133.52	28.7	28.7	89.0
1025512512	-0.08	118.74	0.3	226.73	29.6	29.6	89.4
1027513513	-0.02	117.16	0.1	739.03	30.5	30.5	89.8
1029514514	0.00	115.55	0.0	?	31.5	31.5	90.0
1031515515	0.00	113.82	0.0	?	32.6	32.6	90.0
1033516516	0.00	112.27	0.0	?	33.6	33.6	90.0
1035517517	0.00	110.68	0.0	?	34.6	34.6	90.0
1037518518	0.00	109.07	0.0	?	35.6	35.6	90.0
1039519519	0.00	107.36	0.0	?	36.8	36.8	90.0
1041520520	0.00	105.78	0.0	?	37.8	37.8	90.0
1043521521	0.00	104.18	0.0	?	38.9	38.9	90.0
1045522522	-1.28	162.57	3.8	13.55	7.6	8.5	63.6
1047523523	0.00	147.94	0.0	?	14.4	14.4	90.0
1049524524	-0.27	97.48	1.4	64.34	43.8	43.9	88.2
1051525525	-0.76	90.42	4.3	22.79	49.4	49.6	85.0
1053526526	-0.80	88.11	4.8	21.60	51.4	51.7	84.7
1055527527	-0.85	86.12	5.2	20.44	53.2	53.5	84.4
1057528528	-0.85	83.48	5.5	20.39	55.7	56.0	84.3
1059529529	-0.85	81.25	5.8	20.41	58.0	58.2	84.3
1061530530	-0.87	78.87	6.2	20.00	60.4	60.7	84.2
1063531531	-0.91	76.18	6.9	19.05	63.3	63.7	83.8
1065532532	-0.96	73.74	7.6	18.08	66.1	66.5	83.4
1067533533	-1.02	71.17	8.6	17.11	69.2	69.7	82.9
1069534534	-1.08	68.79	9.6	16.18	72.2	72.8	82.4
1071535535	-1.17	66.06	11.2	14.90	75.8	76.6	81.6
1073536536	-1.25	63.45	12.8	13.95	79.4	80.4	80.8
1075537537	-1.33	60.62	14.8	13.08	83.6	84.9	80.0
1077538538	-1.48	57.97	17.6	11.79	87.5	89.3	78.6
1079539539	-1.60	55.07	20.9	10.86	92.2	94.6	77.2
1081540540	-1.75	52.32	24.8	9.94	96.7	99.8	75.6
1083541541	-1.92	49.65	29.5	9.09	101.1	105.3	73.7
1085542542	-2.10	46.77	35.5	8.31	105.7	111.5	71.5
1087543543	-2.32	43.89	42.9	7.52	109.9	118.0	68.7
1089544544	-2.58	41.08	51.8	6.79	113.1	124.4	65.4
1091545545	-2.81	38.13	61.9	6.23	115.9	131.4	61.9
1093546546	-3.11	35.23	73.7	5.64	116.3	137.7	57.6
1095547547	-3.43	31.83	88.3	5.13	115.0	145.0	52.5
1097548548	-3.76	28.57	102.9	4.69	110.1	150.7	46.9
1099549549	-4.16	25.24	117.1	4.25	100.4	154.2	40.6
1101550550	-4.63	21.99	128.0	3.84	85.8	154.1	33.8
1103551551	-5.11	18.45	135.7	3.50	69.0	152.3	27.0
1105552552	-5.66	14.88	137.9	3.18	50.7	146.9	20.2
1107553553	-6.18	11.17	136.6	2.93	34.3	140.9	14.1
1109554554	-6.78	6.89	131.6	2.69	18.3	132.9	7.9
1111555555	-7.42	2.57	123.8	2.48	5.8	124.0	2.7
1113556556	-8.08	-2.08	115.0	2.30	-3.9	115.1	-1.9
1115557557	-8.74	-7.11	106.1	2.15	-11.1	106.7	-6.0
1117558558	-9.44	-12.85	97.2	2.02	-16.5	98.6	-9.6
1119559559	-10.16	-19.44	88.4	1.90	-20.2	90.7	-12.9
1121560560	-10.90	-26.69	80.3	1.80	-22.4	83.4	-15.6
1123561561	-11.63	-34.34	73.2	1.71	-23.2	76.8	-17.6
1125562562	-12.31	-42.89	66.9	1.64	-23.5	70.9	-19.3
1127563563	-12.85	-52.54	61.2	1.59	-23.3	65.5	-20.9
1129564564	-13.26	-63.14	56.0	1.55	-22.8	60.4	-22.1
1131565565	-13.59	-73.60	51.7	1.53	-21.7	56.0	-22.8
1133566566	-13.61	-84.36	47.7	1.53	-20.7	52.0	-23.5
1135567567	-13.42	-94.85	44.1	1.54	-19.7	48.3	-24.0
1137568568	-13.12	-104.98	40.9	1.57	-18.3	44.8	-24.2
1139569569	-12.72	-113.86	38.1	1.60	-17.1	41.8	-24.1
1141570570	-12.24	-122.11	35.6	1.65	-15.7	38.9	-23.8
1143571571	-11.76	-129.76	33.4	1.70	-14.2	36.3	-23.0
1145572572	-11.24	-136.96	31.3	1.76	-12.7	33.8	-22.0
1147573573	-10.67	-143.21	29.4	1.83	-11.3	31.5	-21.0
1149574574	-10.13	-148.96	27.7	1.91	-9.9	29.4	-19.6
1151575575	-9.58	-154.44	26.0	1.99	-8.4	27.3	-17.8
1153576576	-9.09	-159.24	24.6	2.08	-7.0	25.6	-15.9
1155577577	-8.60	-163.89	23.3	2.18	-5.6	23.9	-13.4
1157578578	-8.12	-168.10	22.0	2.29	-4.2	22.4	-10.8
1159579579	-7.66	-172.18	20.8	2.41	-2.8	21.0	-7.7
1161580580	-7.22	-175.86	19.7	2.54	-1.5	19.7	-4.4
1163581581	-6.82	-179.74	18.7	2.68	-0.1	18.7	-0.3
1165582582	-6.40	176.74	17.7	2.83	1.2	17.7	4.0
1167583583	-6.03	173.38	16.7	3.00	2.6	16.9	8.7
1169584584	-5.67	170.12	15.9	3.17	3.9	16.3	13.8
1171585585	-5.32	166.92	15.0	3.37	5.2	15.9	19.2
1173586586	-5.04	163.96	14.4	3.54	6.5	15.8	24.2
1175587587	-4.73	161.10	13.6	3.77	7.7	15.7	29.5
1177588588	-4.47	158.00	13.0	3.97	9.1	15.9	34.9
1179589589	-4.23	155.36	12.5	4.19	10.3	16.2	39.5
1181590590	-3.96	152.52	11.8	4.47	11.6	16.6	44.4
1183591591	-3.74	149.75	11.3	4.72	12.9	17.1	48.6
1185592592	-3.55	147.03	10.9	4.97	14.1	17.9	52.4
1187593593	-3.37	144.39	10.5	5.23	15.4	18.7	55.7
1189594594	-3.18	141.65	10.1	5.52	16.7	19.6	58.9
1191595595	-3.03	139.09	9.8	5.79	18.0	20.5	61.5
1193596596	-2.94	136.28	9.7	5.96	19.4	21.7	63.5
1195597597	-2.83	133.65	9.5	6.20	20.7	22.8	65.4
1197598598	-2.78	130.99	9.5	6.30	22.1	24.1	66.6
1199599599	-2.68	128.16	9.4	6.53	23.6	25.4	68.2
1201600600	-2.68	125.55	9.6	6.52	25.0	26.8	68.9
1203601601	-2.71	122.85	9.9	6.47	26.4	28.2	69.4
1205602602	-2.70	120.36	10.2	6.49	27.8	29.6	69.9
1207603603	-2.76	117.61	10.7	6.34	29.3	31.1	69.9
1209604604	-2.84	115.08	11.3	6.17	30.6	32.6	69.8
1211605605	-2.93	112.45	12.0	5.98	32.1	34.3	69.6
1213606606	-3.02	109.80	12.7	5.81	33.6	35.9	69.4
1215607607	-3.15	107.85	13.5	5.58	34.7	37.2	68.7
1217608608	-3.26	106.00	14.3	5.39	35.7	38.4	68.2
1219609609	-3.40	104.24	15.2	5.18	36.6	39.6	67.5
1221610610	-3.52	102.82	15.9	5.01	37.4	40.6	66.9
1223611611	-3.56	101.81	16.3	4.95	37.9	41.3	66.7
1225612612	-3.61	100.66	16.8	4.88	38.6	42.1	66.5
1227613613	-3.58	99.56	16.9	4.92	39.4	42.9	66.7
1229614614	-3.49	98.89	16.7	5.05	40.0	43.3	67.3
1231615615	-3.34	98.04	16.2	5.27	40.8	43.9	68.3
1233616616	-3.12	96.66	15.6	5.62	42.0	44.8	69.7
1235617617	-2.82	94.90	14.5	6.21	43.8	46.1	71.6
1237618618	-2.51	92.64	13.5	6.96	45.9	47.8	73.6
1239619619	-2.21	89.81	12.5	7.90	48.6	50.2	75.6
1241620620	-1.97	86.66	11.8	8.87	51.6	52.9	77.1
1243621621	-1.69	83.06	10.9	10.33	55.3	56.3	78.9
1245622622	-1.42	78.70	10.0	12.29	60.0	60.8	80.5
1247623623	-1.17	74.63	9.1	14.83	64.8	65.4	82.0
1249624624	-0.98	70.03	8.5	17.76	70.7	71.2	83.1
1251625625	-0.82	65.28	8.0	21.27	77.5	77.9	84.1
1253626626	-0.69	60.47	7.8	25.14	85.2	85.6	84.8
1255627627	-0.62	55.50	8.1	28.23	94.5	94.8	85.1
1257628628	-0.57	50.86	8.9	30.45	104.5	104.9	85.2
1259629629	-0.52	45.77	9.9	33.38	117.8	118.2	85.2
1261630630	-0.51	40.80	12.0	33.95	133.5	134.0	84.8
1263631631	-0.54	35.98	16.3	31.90	152.4	153.2	83.9
1265632632	-0.57	31.47	22.1	30.42	174.9	176.3	82.8
1267633633	-0.66	27.02	33.7	26.50	202.8	205.6	80.6
1269634634	-0.76	22.16	56.2	22.94	242.8	249.2	77.0
1271635635	-0.85	17.79	93.1	20.48	290.5	305.0	72.2
1273636636	-0.98	13.60	164.5	17.70	341.4	378.9	64.3
1275637637	-1.14	9.65	289.3	15.19	366.8	467.2	51.7
1277638638	-1.31	5.72	462.2	13.27	303.9	553.1	33.3
1279639639	-1.43	1.68	589.6	12.16	104.5	598.7	10.1
1281640640	-1.61	-1.98	522.5	10.81	-97.0	531.4	-10.5
1283641641	-1.79	-5.63	396.9	9.73	-187.5	439.0	-25.3
1285642642	-1.98	-9.15	296.1	8.81	-204.7	360.0	-34.6
1287643643	-2.18	-13.02	221.0	7.99	-195.9	295.3	-41.5
1289644644	-2.37	-16.48	175.9	7.37	-180.4	251.9	-45.7
1291645645	-2.58	-19.92	144.5	6.78	-163.3	218.1	-48.5
1293646646	-2.75	-23.47	120.7	6.38	-149.6	192.3	-51.1
1295647647	-2.94	-26.58	105.4	5.97	-136.9	172.8	-52.4
1297648648	-3.11	-29.97	92.1	5.64	-125.8	155.9	-53.8
1299649649	-3.32	-33.36	82.0	5.30	-115.2	141.4	-54.5
1301650650	-3.48	-36.69	73.6	5.06	-106.9	129.8	-55.4
1303651651	-3.65	-40.12	66.6	4.83	-99.2	119.5	-56.1
1305652652	-3.80	-43.30	61.1	4.64	-92.8	111.1	-56.6
1307653653	-3.91	-46.50	56.1	4.52	-87.4	103.9	-57.3
1309654654	-4.04	-49.80	51.8	4.38	-82.2	97.2	-57.8
1311655655	-4.16	-53.07	48.2	4.26	-77.5	91.2	-58.1
1313656656	-4.30	-56.11	45.4	4.12	-73.1	86.1	-58.1
1315657657	-4.35	-59.01	42.6	4.08	-69.9	81.8	-58.7
1317658658	-4.42	-62.03	40.1	4.01	-66.6	77.7	-59.0
1319659659	-4.48	-65.06	37.8	3.96	-63.5	73.8	-59.2
1321660660	-4.51	-67.99	35.6	3.93	-60.7	70.4	-59.6
1323661661	-4.52	-70.58	33.7	3.93	-58.5	67.6	-60.0
1325662662	-4.51	-73.46	31.8	3.93	-56.2	64.6	-60.5
1327663663	-4.55	-76.00	30.5	3.90	-54.0	62.0	-60.5
1329664664	-4.56	-78.51	29.2	3.90	-52.0	59.6	-60.7
1331665665	-4.56	-80.98	27.9	3.90	-50.2	57.4	-60.9
1333666666	-4.51	-83.23	26.6	3.94	-48.7	55.5	-61.3
1335667667	-4.52	-85.42	25.7	3.93	-47.1	53.6	-61.4
1337668668	-4.47	-87.56	24.6	3.97	-45.7	51.9	-61.7
1339669669	-4.46	-89.75	23.7	3.98	-44.2	50.2	-61.8
1341670670	-4.42	-91.73	22.9	4.01	-43.0	48.7	-62.0
1343671671	-4.39	-93.72	22.0	4.05	-41.8	47.2	-62.2
1345672672	-4.32	-95.65	21.2	4.10	-40.6	45.8	-62.5
1347673673	-4.29	-97.48	20.5	4.13	-39.5	44.5	-62.6
1349674674	-4.22	-99.04	19.8	4.20	-38.7	43.4	-62.9
1351675675	-4.19	-100.55	19.3	4.22	-37.8	42.4	-63.0
1353676676	-4.18	-102.14	18.8	4.23	-36.8	41.3	-62.9
1355677677	-4.08	-103.66	18.1	4.34	-36.0	40.3	-63.4
1357678678	-4.05	-105.32	17.6	4.37	-35.1	39.2	-63.4
1359679679	-4.03	-106.97	17.1	4.39	-34.1	38.2	-63.3
1361680680	-3.97	-108.24	16.7	4.45	-33.5	37.4	-63.5
1363681681	-3.95	-109.57	16.3	4.47	-32.7	36.6	-63.4
1365682682	-3.89	-110.85	15.9	4.54	-32.1	35.8	-63.6
1367683683	-3.84	-112.35	15.4	4.60	-31.3	34.9	-63.7
1369684684	-3.78	-113.69	15.0	4.66	-30.6	34.0	-63.8
1371685685	-3.74	-114.87	14.7	4.72	-29.9	33.3	-63.9
1373686686	-3.69	-115.91	14.3	4.77	-29.4	32.7	-64.0
1375687687	-3.65	-117.18	14.0	4.83	-28.8	32.0	-64.1
1377688688	-3.62	-118.36	13.7	4.87	-28.1	31.3	-64.0
1379689689	-3.54	-119.73	13.2	4.98	-27.5	30.5	-64.3
1381690690	-3.49	-120.72	13.0	5.04	-27.0	29.9	-64.3
1383691691	-3.48	-121.87	12.8	5.07	-26.4	29.3	-64.2
1385692692	-3.43	-123.05	12.5	5.14	-25.8	28.7	-64.2
1387693693	-3.38	-123.98	12.2	5.21	-25.4	28.1	-64.3
1389694694	-3.34	-125.03	11.9	5.27	-24.8	27.6	-64.3
1391695695	-3.31	-126.20	11.7	5.32	-24.2	26.9	-64.2
1393696696	-3.24	-127.06	11.4	5.43	-23.9	26.4	-64.5
1395697697	-3.17	-128.22	11.1	5.54	-23.3	25.8	-64.6
1397698698	-3.11	-129.19	10.8	5.65	-22.8	25.3	-64.8
1399699699	-3.06	-130.06	10.5	5.73	-22.4	24.8	-64.8
1401700700	-2.99	-130.93	10.2	5.87	-22.0	24.3	-65.1
1403701701	-2.93	-132.07	9.9	5.99	-21.5	23.7	-65.2
1405702702	-2.87	-132.81	9.7	6.10	-21.1	23.3	-65.3
1407703703	-2.83	-133.55	9.5	6.20	-20.8	22.9	-65.4
1409704704	-2.77	-134.47	9.2	6.33	-20.4	22.4	-65.6
1411705705	-2.69	-135.32	9.0	6.50	-20.0	21.9	-65.8
1413706706	-2.66	-136.13	8.8	6.58	-19.6	21.5	-65.8
1415707707	-2.59	-136.91	8.5	6.75	-19.2	21.1	-66.1
1417708708	-2.51	-137.53	8.2	6.97	-19.0	20.7	-66.5
1419709709	-2.44	-138.30	8.0	7.16	-18.6	20.3	-66.8
1421710710	-2.38	-139.01	7.7	7.34	-18.3	19.9	-67.0
1423711711	-2.32	-139.62	7.5	7.54	-18.0	19.5	-67.4
1425712712	-2.24	-140.18	7.2	7.80	-17.8	19.2	-67.8
1427713713	-2.19	-140.88	7.1	7.96	-17.4	18.8	-68.0
1429714714	-2.10	-141.48	6.7	8.32	-17.2	18.5	-68.6
1431715715	-2.04	-142.20	6.5	8.56	-16.9	18.1	-68.9
1433716716	-1.99	-142.60	6.3	8.79	-16.7	17.8	-69.2
1435717717	-1.92	-143.01	6.1	9.09	-16.5	17.6	-69.7
1437718718	-1.87	-143.65	5.9	9.33	-16.2	17.3	-69.9
1439719719	-1.80	-144.19	5.7	9.66	-16.0	17.0	-70.3
1441720720	-1.71	-144.57	5.4	10.19	-15.8	16.7	-71.1
1443721721	-1.62	-144.83	5.1	10.78	-15.7	16.5	-72.0
1445722722	-1.58	-145.23	5.0	11.05	-15.5	16.3	-72.3
1447723723	-1.53	-145.65	4.8	11.42	-15.3	16.1	-72.6
1449724724	-1.48	-146.13	4.6	11.79	-15.1	15.8	-73.0
1451725725	-1.43	-146.57	4.5	12.16	-14.9	15.6	-73.3
1453726726	-1.36	-146.78	4.2	12.82	-14.8	15.4	-74.0
1455727727	-1.30	-147.09	4.1	13.34	-14.7	15.2	-74.5
1457728728	-1.27	-147.26	4.0	13.71	-14.6	15.1	-74.8
1459729729	-1.23	-147.61	3.8	14.09	-14.4	14.9	-75.1
1461730730	-1.20	-147.91	3.7	14.48	-14.3	14.8	-75.4
1463731731	-1.13	-148.16	3.5	15.37	-14.2	14.6	-76.1
1465732732	-1.09	-148.45	3.4	15.92	-14.1	14.5	-76.4
1467733733	-1.04	-148.67	3.2	16.65	-14.0	14.3	-76.9
1469734734	-1.00	-148.83	3.1	17.36	-13.9	14.2	-77.4
1471735735	-0.99	-149.03	3.1	17.49	-13.8	14.1	-77.4
1473736736	-0.98	-149.14	3.0	17.73	-13.8	14.1	-77.6
1475737737	-0.95	-149.39	2.9	18.30	-13.6	14.0	-77.9
1477738738	-0.90	-149.55	2.8	19.27	-13.6	13.8	-78.4
1479739739	-0.85	-149.73	2.6	20.41	-13.5	13.7	-79.0
1481740740	-0.83	-149.95	2.6	20.94	-13.4	13.6	-79.2
1483741741	-0.84	-150.17	2.6	20.74	-13.3	13.5	-79.0
1485742742	-0.82	-150.25	2.5	21.28	-13.3	13.5	-79.3
1487743743	-0.80	-150.61	2.5	21.76	-13.1	13.3	-79.4
1489744744	-0.78	-150.80	2.4	22.16	-13.0	13.2	-79.5
1491745745	-0.80	-150.95	2.4	21.83	-12.9	13.2	-79.3
1493746746	-0.74	-151.03	2.3	23.44	-12.9	13.1	-80.0
1495747747	-0.76	-151.36	2.3	22.93	-12.7	12.9	-79.7
1497748748	-0.76	-151.50	2.3	22.91	-12.7	12.9	-79.6
1499749749	-0.73	-151.61	2.2	23.80	-12.6	12.8	-80.0
1501750750	-0.72	-151.88	2.2	24.02	-12.5	12.7	-80.0
1503751751	-0.71	-152.25	2.2	24.47	-12.3	12.5	-80.0
1505752752	-0.71	-152.58	2.1	24.64	-12.2	12.4	-80.0
1507753753	-0.70	-152.81	2.1	24.86	-12.1	12.3	-80.0
1509754754	-0.70	-153.15	2.1	24.90	-11.9	12.1	-79.9
1511755755	-0.70	-153.23	2.1	24.97	-11.9	12.1	-79.9
1513756756	-0.72	-153.75	2.2	24.28	-11.6	11.8	-79.4
1515757757	-0.71	-154.05	2.1	24.55	-11.5	11.7	-79.4
1517758758	-0.68	-154.21	2.1	25.64	-11.4	11.6	-79.8
1519759759	-0.68	-154.56	2.1	25.61	-11.3	11.5	-79.7
1521760760	-0.68	-155.02	2.1	25.39	-11.1	11.3	-79.4
1523761761	-0.68	-155.19	2.0	25.61	-11.0	11.2	-79.4
1525762762	-0.59	-156.29	1.8	29.46	-10.5	10.6	-80.4
1527763763	-0.55	-157.57	1.6	31.75	-9.9	10.0	-80.6
1529764764	-0.58	-156.45	1.7	29.84	-10.4	10.6	-80.5
1531765765	-0.62	-156.29	1.9	28.21	-10.5	10.6	-80.0
1533766766	-0.63	-156.61	1.9	27.54	-10.3	10.5	-79.6
1535767767	-0.60	-156.92	1.8	29.11	-10.2	10.4	-80.0
1537768768	-0.57	-157.33	1.7	30.28	-10.0	10.2	-80.3
1539769769	-0.52	-157.82	1.6	33.29	-9.8	9.9	-80.9
1541770770	-0.57	-158.26	1.7	30.57	-9.6	9.7	-80.0
1543771771	-0.55	-158.72	1.6	31.71	-9.4	9.5	-80.1
1545772772	-0.51	-158.99	1.5	34.23	-9.3	9.4	-80.7
1547773773	-0.49	-159.43	1.4	35.67	-9.1	9.2	-80.9
1549774774	-0.47	-159.95	1.4	37.16	-8.8	8.9	-81.1
1551775775	-0.46	-160.32	1.4	37.73	-8.7	8.8	-81.1
1553776776	-0.40	-160.70	1.2	43.98	-8.5	8.6	-82.2
1555777777	-0.40	-161.21	1.2	43.56	-8.3	8.4	-81.9
1557778778	-0.37	-161.65	1.1	47.53	-8.1	8.1	-82.4
1559779779	-0.32	-162.14	0.9	54.19	-7.9	7.9	-83.1
1561780780	-0.30	-162.68	0.9	57.65	-7.6	7.7	-83.4
1563781781	-0.29	-163.08	0.8	60.36	-7.4	7.5	-83.5
1565782782	-0.23	-163.65	0.7	75.22	-7.2	7.2	-84.6
1567783783	-0.19	-164.08	0.6	91.25	-7.0	7.0	-85.4
1569784784	-0.14	-164.40	0.4	126.14	-6.8	6.9	-86.6
1571785785	-0.12	-164.87	0.4	142.21	-6.6	6.6	-86.9
1573786786	-0.09	-165.30	0.3	194.09	-6.4	6.5	-87.7
1575787787	-0.03	-165.75	0.1	632.47	-6.2	6.3	-89.3
1577788788	0.00	-166.01	0.0	?	-6.1	6.1	-90.0
1579789789	0.00	-166.56	0.0	?	-5.9	5.9	-90.0
1581790790	0.00	-166.91	0.0	?	-5.7	5.7	-90.0
1583791791	0.00	-167.40	0.0	?	-5.5	5.5	-90.0
1585792792	0.00	-167.61	0.0	?	-5.4	5.4	-90.0
1587793793	0.00	-168.21	0.0	?	-5.2	5.2	-90.0
1589794794	0.00	-168.72	0.0	?	-4.9	4.9	-90.0
1591795795	0.00	-169.02	0.0	?	-4.8	4.8	-90.0
1593796796	0.00	-169.33	0.0	?	-4.7	4.7	-90.0
1595797797	0.00	-169.69	0.0	?	-4.5	4.5	-90.0
1597798798	0.00	-170.02	0.0	?	-4.4	4.4	-90.0
1599799799	0.00	-170.35	0.0	?	-4.2	4.2	-90.0
1601800800	0.00	-170.71	0.0	?	-4.1	4.1	-90.0
1603801801	0.00	-171.07	0.0	?	-3.9	3.9	-90.0
1605802802	0.00	-171.21	0.0	?	-3.8	3.8	-90.0
1607803803	0.00	-171.59	0.0	?	-3.7	3.7	-90.0
1609804804	0.00	-172.06	0.0	?	-3.5	3.5	-90.0
1611805805	0.00	-172.15	0.0	?	-3.4	3.4	-90.0
1613806806	0.00	-172.61	0.0	?	-3.2	3.2	-90.0
1615807807	0.00	-172.85	0.0	?	-3.1	3.1	-90.0
1617808808	0.00	-173.18	0.0	?	-3.0	3.0	-90.0
1619809809	0.00	-173.88	0.0	?	-2.7	2.7	-90.0
1621810810	0.00	-174.08	0.0	?	-2.6	2.6	-90.0
1623811811	0.00	-174.19	0.0	?	-2.5	2.5	-90.0
1625812812	0.00	-174.45	0.0	?	-2.4	2.4	-90.0
1627813813	0.00	-174.89	0.0	?	-2.2	2.2	-90.0
1629814814	0.00	-175.19	0.0	?	-2.1	2.1	-90.0
1631815815	0.00	-175.32	0.0	?	-2.0	2.0	-90.0
1633816816	0.00	-175.63	0.0	?	-1.9	1.9	-90.0
1635817817	0.00	-175.93	0.0	?	-1.8	1.8	-90.0
1637818818	0.00	-176.36	0.0	?	-1.6	1.6	-90.0
1639819819	0.00	-176.63	0.0	?	-1.5	1.5	-90.0
1641820820	0.00	-177.12	0.0	?	-1.3	1.3	-90.0
1643821821	0.00	-177.20	0.0	?	-1.2	1.2	-90.0
1645822822	0.00	-177.66	0.0	?	-1.0	1.0	-90.0
1647823823	0.00	-178.13	0.0	?	-0.8	0.8	-90.0
1649824824	0.00	-178.29	0.0	?	-0.7	0.7	-90.0
1651825825	0.00	-178.32	0.0	?	-0.7	0.7	-90.0
1653826826	0.00	-178.77	0.0	?	-0.5	0.5	-90.0
1655827827	0.00	-179.13	0.0	?	-0.4	0.4	-90.0
1657828828	0.00	-179.25	0.0	?	-0.3	0.3	-90.0
1659829829	0.00	-179.85	0.0	?	-0.1	0.1	-90.0
1661830830	0.00	-179.88	0.0	?	-0.1	0.1	-90.0
1663831831	0.00	179.83	0.0	?	0.1	0.1	90.0
1665832832	0.00	179.36	0.0	?	0.3	0.3	90.0
1667833833	0.00	179.20	0.0	?	0.3	0.3	90.0
1669834834	0.00	178.52	0.0	?	0.6	0.6	90.0
1671835835	0.00	178.00	0.0	?	0.9	0.9	90.0
1673836836	0.00	177.64	0.0	?	1.0	1.0	90.0
1675837837	0.00	177.21	0.0	?	1.2	1.2	90.0
1677838838	0.00	176.56	0.0	?	1.5	1.5	90.0
1679839839	0.00	176.22	0.0	?	1.6	1.6	90.0
1681840840	0.00	175.74	0.0	?	1.9	1.9	90.0
1683841841	0.00	175.29	0.0	?	2.1	2.1	90.0
1685842842	0.00	174.52	0.0	?	2.4	2.4	90.0
1687843843	0.00	174.15	0.0	?	2.6	2.6	90.0
1689844844	0.00	173.51	0.0	?	2.8	2.8	90.0
1691845845	0.00	172.54	0.0	?	3.3	3.3	90.0
1693846846	0.00	172.12	0.0	?	3.4	3.4	90.0
1695847847	0.00	171.52	0.0	?	3.7	3.7	90.0
1697848848	0.00	170.80	0.0	?	4.0	4.0	90.0
1699849849	0.00	170.47	0.0	?	4.2	4.2	90.0
1701850850	0.00	169.58	0.0	?	4.6	4.6	90.0
1703851851	0.00	169.01	0.0	?	4.8	4.8	90.0
1705852852	0.00	167.99	0.0	?	5.3	5.3	90.0
1707853853	0.00	167.23	0.0	?	5.6	5.6	90.0
1709854854	0.00	166.56	0.0	?	5.9	5.9	90.0
1711855855	0.00	165.76	0.0	?	6.2	6.2	90.0
1713856856	0.00	164.72	0.0	?	6.7	6.7	90.0
1715857857	0.00	163.41	0.0	?	7.3	7.3	90.0
1717858858	0.00	162.69	0.0	?	7.6	7.6	90.0
1719859859	0.00	162.10	0.0	?	7.9	7.9	90.0
1721860860	0.00	161.06	0.0	?	8.3	8.3	90.0
1723861861	0.00	160.05	0.0	?	8.8	8.8	90.0
1725862862	0.00	158.80	0.0	?	9.4	9.4	90.0
1727863863	0.00	157.63	0.0	?	9.9	9.9	90.0
1729864864	0.00	156.56	0.0	?	10.4	10.4	90.0
1731865865	0.00	155.63	0.0	?	10.8	10.8	90.0
1733866866	0.00	154.63	0.0	?	11.3	11.3	90.0
1735867867	0.00	152.90	0.0	?	12.1	12.1	90.0
1737868868	0.00	151.39	0.0	?	12.8	12.8	90.0
1739869869	0.00	150.41	0.0	?	13.2	13.2	90.0
1741870870	0.00	149.09	0.0	?	13.8	13.8	90.0
1743871871	0.00	147.47	0.0	?	14.6	14.6	90.0
1745872872	0.00	146.00	0.0	?	15.3	15.3	90.0
1747873873	0.00	144.59	0.0	?	16.0	16.0	90.0
1749874874	0.00	143.46	0.0	?	16.5	16.5	90.0
1751875875	0.00	141.72	0.0	?	17.4	17.4	90.0
1753876876	0.00	139.93	0.0	?	18.2	18.2	90.0
1755877877	0.00	138.74	0.0	?	18.8	18.8	90.0
1757878878	0.00	136.61	0.0	?	19.9	19.9	90.0
1759879879	0.00	135.03	0.0	?	20.7	20.7	90.0
1761880880	0.00	133.59	0.0	?	21.4	21.4	90.0
1763881881	0.00	132.30	0.0	?	22.1	22.1	90.0
1765882882	0.00	130.30	0.0	?	23.2	23.2	90.0
1767883883	0.00	128.61	0.0	?	24.1	24.1	90.0
1769884884	0.00	127.48	0.0	?	24.7	24.7	90.0
1771885885	0.00	125.77	0.0	?	25.6	25.6	90.0
1773886886	0.00	123.87	0.0	?	26.7	26.7	90.0
1775887887	0.00	122.15	0.0	?	27.6	27.6	90.0
1777888888	0.00	120.60	0.0	?	28.5	28.5	90.0
1779889889	0.00	118.80	0.0	?	29.6	29.6	90.0
1781890890	0.00	116.97	0.0	?	30.7	30.7	90.0
1783891891	0.00	115.61	0.0	?	31.5	31.5	90.0
1785892892	0.00	113.89	0.0	?	32.5	32.5	90.0
1787893893	0.00	112.17	0.0	?	33.6	33.6	90.0
1789894894	0.00	110.57	0.0	?	34.6	34.6	90.0
1791895895	0.00	108.49	0.0	?	36.0	36.0	90.0
1793896896	0.00	106.75	0.0	?	37.2	37.2	90.0
1795897897	0.00	105.07	0.0	?	38.3	38.3	90.0
1797898898	0.00	103.11	0.0	?	39.7	39.7	90.0
1799899899	0.00	101.67	0.0	?	40.7	40.7	90.0
1801900900	0.00	99.44	0.0	?	42.4	42.4	90.0
1803901901	0.00	97.67	0.0	?	43.7	43.7	90.0
1805902902	0.00	95.69	0.0	?	45.3	45.3	90.0
1807903903	0.00	93.88	0.0	?	46.7	46.7	90.0
1809904904	0.00	91.68	0.0	?	48.6	48.6	90.0
1811905905	0.00	89.65	0.0	?	50.3	50.3	90.0
1813906906	0.00	88.13	0.0	?	51.7	51.7	90.0
1815907907	0.00	86.10	0.0	?	53.5	53.5	90.0
1817908908	0.00	84.34	0.0	?	55.2	55.2	90.0
1819909909	0.00	81.79	0.0	?	57.7	57.7	90.0
1821910910	-0.25	79.94	1.8	69.22	59.6	59.7	88.3
1823911911	-0.45	77.75	3.3	38.21	61.9	62.0	86.9
1825912912	-0.63	75.82	4.8	27.45	64.0	64.2	85.7
1827913913	-0.94	73.46	7.6	18.41	66.5	66.9	83.5
1829914914	-1.12	71.44	9.4	15.53	68.7	69.3	82.2
1831915915	-1.40	69.06	12.3	12.45	71.2	72.3	80.2
1833916916	-1.58	67.05	14.6	11.03	73.5	74.9	78.8
1835917917	-1.85	64.38	18.2	9.43	76.4	78.5	76.6
1837918918	-2.11	62.36	21.7	8.27	78.3	81.2	74.5
1839919919	-2.31	60.23	24.9	7.57	80.5	84.3	72.8
1841920920	-2.49	57.59	28.8	7.02	83.5	88.3	71.0
1843921921	-2.75	55.37	33.4	6.36	85.3	91.6	68.6
1845922922	-2.99	53.18	38.1	5.87	86.9	94.9	66.3
1847923923	-3.19	50.62	43.3	5.50	89.1	99.0	64.1
1849924924	-3.41	47.91	49.4	5.16	91.0	103.5	61.5
1851925925	-3.56	45.31	55.1	4.95	93.1	108.2	59.4
1853926926	-3.83	42.86	62.2	4.61	93.0	111.9	56.2
1855927927	-4.00	40.34	69.0	4.41	93.6	116.3	53.6
1857928928	-4.20	37.12	78.1	4.22	93.8	122.0	50.2
1859929929	-4.34	34.79	85.0	4.09	93.2	126.2	47.6
1861930930	-4.53	32.10	93.4	3.92	91.0	130.4	44.3
1863931931	-4.70	29.18	102.5	3.78	88.0	135.1	40.6
1865932932	-4.84	26.11	112.2	3.68	84.2	140.3	36.9
1867933933	-4.98	23.51	120.1	3.59	79.2	143.9	33.4
1869934934	-5.02	21.09	127.9	3.56	75.4	148.5	30.5
1871935935	-5.15	18.66	134.5	3.47	68.5	151.0	27.0
1873936936	-5.29	15.57	142.0	3.38	58.8	153.7	22.5
1875937937	-5.39	12.35	149.0	3.33	48.3	156.6	17.9
1877938938	-5.44	10.21	152.9	3.30	40.5	158.2	14.9
1879939939	-5.55	7.07	156.1	3.23	28.1	158.6	10.2
1881940940	-5.64	4.47	157.1	3.18	17.6	158.0	6.4
1883941941	-5.67	1.58	158.3	3.17	6.2	158.4	2.3
1885942942	-5.71	-1.04	157.3	3.15	-4.1	157.4	-1.5
1887943943	-5.81	-3.91	153.5	3.10	-14.5	154.2	-5.4
1889944944	-5.86	-6.43	149.8	3.08	-23.1	151.5	-8.7
1891945945	-5.93	-8.84	145.1	3.04	-30.3	148.2	-11.8
1893946946	-6.03	-11.45	138.8	3.00	-36.7	143.5	-14.8
1895947947	-6.08	-14.11	132.9	2.97	-42.7	139.6	-17.8
1897948948	-6.16	-16.42	127.2	2.94	-46.7	135.5	-20.2
1899949949	-6.20	-18.94	121.2	2.92	-50.7	131.4	-22.7
1901950950	-6.23	-21.21	116.0	2.91	-53.8	127.9	-24.9
1903951951	-6.36	-23.24	110.6	2.85	-54.6	123.3	-26.3
1905952952	-6.56	-26.36	102.9	2.77	-55.1	116.7	-28.2
1907953953	-6.70	-28.22	98.5	2.72	-54.8	112.7	-29.1
1909954954	-6.88	-29.56	95.3	2.66	-53.6	109.3	-29.4
1911955955	-7.05	-31.14	91.8	2.60	-52.6	105.8	-29.8
1913956956	-7.18	-32.78	88.7	2.56	-52.0	102.8	-30.4
1915957957	-7.33	-33.87	86.6	2.51	-50.9	100.4	-30.5
1917958958	-7.39	-34.33	85.7	2.49	-50.5	99.4	-30.5
1919959959	-7.48	-34.82	84.7	2.46	-49.8	98.3	-30.4
1921960960	-7.45	-34.69	85.0	2.47	-50.0	98.6	-30.5
1923961961	-7.42	-34.86	84.8	2.48	-50.4	98.7	-30.7
1925962962	-7.29	-34.97	85.0	2.52	-51.7	99.5	-31.3
1927963963	-7.17	-34.66	85.7	2.56	-52.9	100.7	-31.7
1929964964	-7.00	-35.05	85.5	2.61	-54.8	101.5	-32.6
1931965965	-6.81	-36.15	84.0	2.68	-57.1	101.6	-34.2
1933966966	-6.71	-36.77	83.1	2.72	-58.4	101.6	-35.1
1935967967	-6.54	-38.01	81.1	2.78	-60.5	101.2	-36.7
1937968968	-6.29	-38.98	79.5	2.88	-63.3	101.6	-38.5
1939969969	-6.12	-39.67	78.2	2.95	-65.2	101.8	-39.8
1941970970	-5.97	-40.56	76.4	3.02	-66.9	101.5	-41.2
1943971971	-5.87	-41.91	73.9	3.07	-67.7	100.2	-42.5
1945972972	-5.75	-42.79	72.1	3.13	-68.8	99.7	-43.7
1947973973	-5.61	-43.65	70.2	3.20	-70.1	99.2	-44.9
1949974974	-5.47	-44.73	68.0	3.28	-71.2	98.4	-46.3
1951975975	-5.33	-45.90	65.5	3.36	-72.1	97.4	-47.7
1953976976	-5.19	-47.08	63.0	3.45	-72.8	96.3	-49.1
1955977977	-5.09	-48.21	60.8	3.51	-73.1	95.0	-50.2
1957978978	-4.96	-49.64	57.9	3.60	-73.3	93.4	-51.7
1959979979	-4.80	-51.11	55.0	3.71	-73.6	91.8	-53.2
1961980980	-4.74	-51.32	54.3	3.76	-74.0	91.8	-53.7
1963981981	-4.59	-52.67	51.6	3.87	-74.1	90.3	-55.1
1965982982	-4.46	-53.67	49.4	3.98	-74.3	89.2	-56.4
1967983983	-4.37	-54.31	48.0	4.06	-74.4	88.6	-57.2
1969984984	-4.24	-55.00	46.3	4.18	-74.7	87.9	-58.2
1971985985	-4.25	-55.68	45.6	4.17	-73.9	86.9	-58.3
1973986986	-4.08	-56.78	43.2	4.33	-74.1	85.7	-59.8
1975987987	-3.99	-57.85	41.3	4.43	-73.6	84.4	-60.7
1977988988	-3.86	-58.36	39.8	4.58	-73.9	84.0	-61.7
1979989989	-3.81	-59.34	38.5	4.63	-73.2	82.7	-62.2
1981990990	-3.77	-59.97	37.6	4.69	-72.8	81.9	-62.7
1983991991	-3.68	-60.78	36.2	4.79	-72.4	80.9	-63.4
1985992992	-3.58	-61.95	34.4	4.93	-71.7	79.5	-64.4
1987993993	-3.49	-62.16	33.6	5.05	-71.9	79.4	-65.0
1989994994	-3.46	-62.65	32.9	5.09	-71.5	78.7	-65.3
1991995995	-3.40	-63.45	31.8	5.18	-70.9	77.7	-65.9
1993996996	-3.34	-64.06	30.9	5.27	-70.5	77.0	-66.3
1995997997	-3.27	-64.86	29.8	5.38	-70.0	76.1	-67.0
1997998998	-3.18	-65.53	28.7	5.52	-69.6	75.3	-67.6
1999999999	-3.12	-66.28	27.7	5.63	-69.1	74.4	-68.2
