1000000	-0.73	87.46	4.4	23.72	52.1	52.3	85.2
3001001	0.00	82.12	0.0	?	57.4	57.4	90.0
5002002	0.00	76.70	0.0	?	63.2	63.2	90.0
7003003	0.00	72.74	0.0	?	67.9	67.9	90.0
9004004	0.00	69.32	0.0	?	72.3	72.3	90.0
11005005	0.00	67.35	0.0	?	75.0	75.0	90.0
13006006	0.00	65.20	0.0	?	78.2	78.2	90.0
15007007	-0.14	62.43	1.5	121.18	82.5	82.5	88.9
17008008	-0.21	60.70	2.4	83.16	85.3	85.4	88.4
19009009	-0.32	58.98	3.8	53.71	88.3	88.4	87.5
21010010	-0.39	57.37	4.9	44.31	91.2	91.3	86.9
23011011	-0.45	55.84	5.8	38.93	94.1	94.3	86.4
25012012	-0.51	54.37	7.1	33.75	96.9	97.2	85.8
27013013	-0.56	52.85	8.0	31.30	100.1	100.4	85.4
29014014	-0.60	51.48	9.0	29.20	103.1	103.5	85.0
31015015	-0.63	50.19	10.0	27.57	106.0	106.4	84.6
33016016	-0.66	49.03	10.9	26.41	108.7	109.3	84.3
35017017	-0.67	47.90	11.6	26.04	111.6	112.2	84.1
37018018	-0.67	46.78	12.1	25.94	114.5	115.2	84.0
39019019	-0.66	45.62	12.6	26.21	117.8	118.4	83.9
41020020	-0.66	44.49	13.2	26.30	121.0	121.7	83.8
43021021	-0.66	43.37	13.9	26.19	124.4	125.2	83.6
45022022	-0.68	42.43	14.7	25.63	127.3	128.2	83.4
47023023	-0.69	41.44	15.6	25.32	130.6	131.5	83.2
49024024	-0.70	40.59	16.5	24.86	133.4	134.4	82.9
51025025	-0.70	39.70	17.3	24.78	136.6	137.7	82.8
53026026	-0.72	38.85	18.4	24.31	139.7	140.9	82.5
55027027	-0.73	38.10	19.5	23.66	142.4	143.8	82.2
57028028	-0.75	37.32	20.6	23.29	145.4	146.9	81.9
59029029	-0.77	36.59	22.0	22.64	148.3	149.9	81.6
61030030	-0.80	35.90	23.6	21.86	151.0	152.8	81.1
63031031	-0.82	35.23	25.3	21.09	153.7	155.8	80.6
65032032	-0.86	34.56	27.4	20.13	156.3	158.7	80.0
67033033	-0.90	33.88	29.7	19.26	159.1	161.9	79.4
69034034	-0.94	33.24	31.9	18.53	161.7	164.9	78.8
71035035	-0.99	32.58	34.9	17.56	164.3	168.0	78.0
73036036	-1.05	31.82	38.4	16.60	167.3	171.6	77.1
75037037	-1.10	31.13	41.7	15.84	170.0	175.1	76.2
77038038	-1.16	30.44	45.5	15.06	172.7	178.6	75.2
79039039	-1.22	29.74	49.9	14.22	175.1	182.1	74.1
81040040	-1.29	29.00	54.7	13.46	177.6	185.8	72.9
83041041	-1.37	28.29	60.2	12.66	179.5	189.3	71.5
85042042	-1.45	27.57	65.8	11.99	181.4	193.0	70.1
87043043	-1.52	26.87	71.5	11.42	183.1	196.6	68.7
89044044	-1.59	26.06	77.7	10.96	185.5	201.1	67.3
91045045	-1.66	25.15	85.1	10.47	187.7	206.1	65.6
93046046	-1.75	24.23	93.3	9.99	189.4	211.1	63.8
95047047	-1.83	23.35	102.0	9.51	190.1	215.7	61.8
97048048	-1.92	22.49	110.7	9.10	190.3	220.2	59.8
99049049	-1.98	21.51	120.0	8.82	191.6	226.1	57.9
101050050	-2.04	20.40	131.1	8.55	192.7	233.0	55.8
103051051	-2.11	19.19	144.0	8.26	192.7	240.6	53.2
105052052	-2.19	17.91	158.4	7.98	191.3	248.4	50.4
107053053	-2.26	16.70	172.7	7.72	188.3	255.5	47.5
109054054	-2.34	15.41	188.2	7.47	183.4	262.8	44.3
111055055	-2.41	14.14	203.5	7.25	176.8	269.5	41.0
113056056	-2.48	12.75	220.2	7.05	167.9	277.0	37.3
115057057	-2.55	11.38	236.3	6.87	156.8	283.6	33.6
117058058	-2.61	9.89	252.8	6.71	142.4	290.1	29.4
119059059	-2.67	8.36	268.1	6.56	125.0	295.8	25.0
121060060	-2.73	6.81	281.1	6.42	104.3	299.8	20.4
123061061	-2.76	5.16	293.6	6.34	81.5	304.7	15.5
125062062	-2.83	3.51	299.5	6.20	55.3	304.5	10.5
127063063	-2.87	1.86	302.6	6.11	29.3	304.0	5.5
129064064	-2.91	0.08	301.7	6.03	1.2	301.7	0.2
131065065	-2.93	-1.58	297.5	5.99	-23.9	298.4	-4.6
133066066	-2.95	-3.37	288.6	5.94	-49.0	292.7	-9.6
135067067	-2.96	-5.20	277.1	5.93	-72.3	286.4	-14.6
137068068	-2.97	-7.06	261.8	5.91	-92.4	277.6	-19.4
139069069	-2.97	-9.02	244.2	5.91	-109.9	267.8	-24.2
141070070	-2.96	-11.03	225.4	5.93	-124.2	257.3	-28.9
143071071	-2.94	-13.05	206.2	5.97	-135.0	246.5	-33.2
145072072	-2.93	-15.09	187.0	5.98	-141.6	234.6	-37.1
147073073	-2.91	-17.21	168.3	6.02	-145.8	222.7	-40.9
149074074	-2.89	-19.40	150.4	6.07	-147.6	210.7	-44.5
151075075	-2.86	-21.56	134.4	6.13	-147.4	199.5	-47.6
153076076	-2.82	-23.79	119.6	6.21	-146.0	188.7	-50.7
155077077	-2.79	-26.14	105.8	6.29	-142.9	177.8	-53.5
157078078	-2.77	-28.36	94.6	6.33	-138.8	168.0	-55.7
159079079	-2.72	-30.75	83.8	6.43	-134.4	158.4	-58.1
161080080	-2.70	-33.11	74.9	6.48	-129.3	149.4	-59.9
163081081	-2.66	-35.49	66.8	6.58	-124.5	141.3	-61.8
165082082	-2.63	-37.84	59.9	6.66	-119.7	133.8	-63.4
167083083	-2.59	-40.14	54.0	6.75	-114.9	127.0	-64.8
169084084	-2.56	-42.53	48.7	6.84	-110.2	120.5	-66.2
171085085	-2.51	-44.89	44.0	6.96	-105.8	114.5	-67.4
173086086	-2.45	-47.33	39.5	7.13	-101.5	108.9	-68.7
175087087	-2.38	-49.92	35.3	7.33	-97.1	103.3	-70.0
177088088	-2.34	-52.71	31.7	7.45	-92.3	97.6	-71.0
179089089	-2.31	-55.56	28.6	7.57	-87.7	92.3	-71.9
181090090	-2.31	-58.43	26.2	7.57	-83.2	87.3	-72.5
183091091	-2.28	-61.22	24.0	7.65	-79.2	82.8	-73.1
185092092	-2.26	-64.15	22.0	7.74	-75.3	78.4	-73.7
187093093	-2.24	-67.24	20.2	7.78	-71.3	74.1	-74.2
189094094	-2.18	-70.44	18.2	8.01	-67.6	70.0	-74.9
191095095	-2.10	-74.19	16.2	8.29	-63.5	65.6	-75.7
193096096	-2.06	-78.64	14.4	8.46	-59.0	60.7	-76.3
195097097	-2.10	-83.47	13.3	8.31	-54.3	55.9	-76.2
197098098	-2.17	-88.53	12.5	8.06	-49.7	51.3	-75.8
199099099	-2.26	-94.05	11.9	7.74	-45.2	46.7	-75.2
201100100	-2.35	-100.13	11.3	7.44	-40.6	42.1	-74.5
203101101	-2.47	-107.23	10.8	7.07	-35.7	37.3	-73.2
205102102	-2.69	-115.48	10.6	6.52	-30.5	32.3	-70.8
207103103	-2.99	-124.23	10.8	5.86	-25.5	27.7	-67.0
209104104	-3.37	-134.05	11.2	5.21	-20.3	23.2	-61.0
211105105	-3.85	-144.91	11.9	4.58	-15.0	19.2	-51.4
213106106	-4.47	-157.22	13.1	3.97	-9.4	16.1	-35.8
215107107	-5.27	-171.07	14.8	3.40	-3.6	15.2	-13.6
217108108	-6.25	173.55	17.3	2.90	2.5	17.5	8.2
219109109	-7.26	156.53	20.5	2.53	8.7	22.3	23.0
221110110	-8.09	138.19	24.2	2.30	15.1	28.5	31.9
223111111	-8.50	119.27	28.5	2.20	21.7	35.8	37.4
225112112	-8.33	101.44	32.8	2.24	28.9	43.8	41.4
227113113	-7.75	85.58	37.7	2.39	37.0	52.8	44.5
229114114	-6.92	71.94	43.1	2.64	46.4	63.4	47.1
231115115	-6.05	60.26	49.9	2.99	57.4	76.0	49.0
233116116	-5.22	50.20	58.4	3.43	70.4	91.5	50.3
235117117	-4.46	41.47	69.6	3.98	85.8	110.5	51.0
237118118	-3.85	33.60	85.8	4.58	103.6	134.5	50.4
239119119	-3.36	26.40	110.2	5.23	123.4	165.4	48.2
241120120	-3.00	19.87	147.1	5.84	141.7	204.2	43.9
243121121	-2.74	14.00	200.8	6.39	151.5	251.5	37.0
245122122	-2.52	8.67	273.4	6.94	140.2	307.2	27.1
247123123	-2.37	3.75	348.4	7.37	82.4	358.1	13.3
249124124	-2.25	-0.71	387.4	7.77	-18.2	387.8	-2.7
251125125	-2.16	-4.87	362.2	8.09	-122.4	382.4	-18.7
253126126	-2.08	-8.91	295.7	8.39	-189.5	351.2	-32.6
255127127	-2.03	-12.66	227.9	8.58	-211.3	310.7	-42.8
257128128	-1.99	-16.20	174.9	8.76	-211.0	274.1	-50.3
259129129	-1.95	-19.54	136.5	8.95	-201.8	243.7	-55.9
261130130	-1.92	-22.87	107.9	9.10	-188.6	217.3	-60.2
263131131	-1.88	-26.15	86.6	9.29	-175.2	195.4	-63.7
265132132	-1.83	-29.23	71.1	9.51	-163.1	177.9	-66.5
267133133	-1.80	-32.38	58.9	9.69	-151.3	162.4	-68.7
269134134	-1.75	-35.39	49.5	9.93	-141.1	149.5	-70.6
271135135	-1.73	-38.26	42.8	10.05	-131.9	138.6	-72.0
273136136	-1.71	-41.12	37.2	10.19	-123.6	129.0	-73.2
275137137	-1.68	-43.84	32.7	10.38	-116.4	120.9	-74.3
277138138	-1.64	-46.52	28.8	10.62	-110.0	113.7	-75.3
279139139	-1.61	-49.12	25.7	10.80	-104.2	107.3	-76.1
281140140	-1.59	-51.59	23.3	10.95	-99.1	101.8	-76.8
283141141	-1.55	-53.96	20.9	11.26	-94.6	96.9	-77.5
285142142	-1.51	-56.29	19.0	11.52	-90.4	92.4	-78.1
287143143	-1.47	-58.57	17.2	11.85	-86.6	88.3	-78.7
289144144	-1.41	-60.72	15.5	12.35	-83.2	84.7	-79.4
291145145	-1.35	-62.84	14.0	12.90	-80.1	81.3	-80.1
293146146	-1.30	-64.89	12.8	13.39	-77.2	78.2	-80.6
295147147	-1.25	-67.00	11.6	13.96	-74.3	75.2	-81.1
297148148	-1.20	-69.09	10.6	14.54	-71.6	72.4	-81.6
299149149	-1.16	-71.07	9.8	15.02	-69.1	69.8	-82.0
301150150	-1.10	-72.97	8.9	15.83	-66.9	67.4	-82.4
303151151	-1.07	-74.78	8.3	16.28	-64.8	65.3	-82.7
305152152	-1.03	-76.63	7.7	16.91	-62.7	63.2	-83.0
307153153	-0.99	-78.45	7.1	17.48	-60.8	61.2	-83.3
309154154	-0.97	-80.20	6.7	17.96	-58.9	59.3	-83.5
311155155	-0.95	-82.01	6.3	18.23	-57.1	57.5	-83.7
313156156	-0.95	-83.71	6.1	18.34	-55.4	55.8	-83.7
315157157	-0.95	-85.37	5.9	18.29	-53.9	54.2	-83.7
317158158	-0.96	-86.91	5.8	18.15	-52.4	52.8	-83.7
319159159	-0.97	-88.31	5.7	17.96	-51.2	51.5	-83.6
321160160	-0.96	-89.59	5.5	18.16	-50.1	50.4	-83.7
323161161	-0.93	-90.91	5.3	18.66	-48.9	49.2	-83.9
325162162	-0.91	-92.25	5.0	19.17	-47.8	48.1	-84.0
327163163	-0.88	-93.72	4.7	19.86	-46.6	46.9	-84.2
329164164	-0.85	-95.19	4.5	20.49	-45.5	45.7	-84.4
331165165	-0.82	-96.72	4.2	21.14	-44.3	44.5	-84.5
333166166	-0.80	-98.35	4.0	21.75	-43.0	43.2	-84.7
335167167	-0.80	-99.94	3.9	21.83	-41.8	42.0	-84.7
337168168	-0.80	-101.41	3.9	21.63	-40.8	41.0	-84.6
339169169	-0.81	-102.99	3.8	21.52	-39.6	39.8	-84.5
341170170	-0.81	-104.58	3.7	21.34	-38.5	38.7	-84.5
343171171	-0.83	-106.21	3.7	20.94	-37.4	37.6	-84.3
345172172	-0.83	-107.74	3.7	20.90	-36.4	36.6	-84.3
347173173	-0.84	-109.24	3.6	20.61	-35.4	35.6	-84.1
349174174	-0.86	-110.82	3.6	20.30	-34.4	34.5	-84.0
351175175	-0.86	-112.43	3.6	20.17	-33.3	33.5	-83.9
353176176	-0.88	-114.01	3.6	19.74	-32.3	32.5	-83.7
355177177	-0.90	-115.52	3.6	19.40	-31.4	31.6	-83.5
357178178	-0.91	-117.04	3.6	19.17	-30.5	30.7	-83.3
359179179	-0.92	-118.56	3.6	19.00	-29.6	29.8	-83.1
361180180	-0.93	-120.14	3.6	18.71	-28.7	28.9	-82.9
363181181	-0.95	-121.72	3.6	18.36	-27.8	28.0	-82.7
365182182	-0.95	-123.27	3.5	18.25	-26.9	27.1	-82.5
367183183	-0.97	-124.84	3.5	17.98	-26.0	26.3	-82.3
369184184	-0.97	-126.36	3.5	18.01	-25.2	25.4	-82.1
371185185	-0.96	-127.90	3.4	18.02	-24.3	24.6	-82.0
373186186	-0.97	-129.38	3.4	18.00	-23.6	23.8	-81.8
375187187	-0.96	-130.93	3.3	18.09	-22.7	23.0	-81.7
377188188	-0.97	-132.32	3.3	18.02	-22.0	22.3	-81.4
379189189	-0.96	-133.80	3.3	18.11	-21.2	21.5	-81.3
381190190	-0.95	-135.24	3.2	18.23	-20.5	20.8	-81.1
383191191	-0.94	-136.66	3.1	18.43	-19.8	20.0	-81.0
385192192	-0.93	-138.09	3.1	18.61	-19.1	19.3	-80.8
387193193	-0.93	-139.51	3.0	18.67	-18.4	18.6	-80.6
389194194	-0.93	-140.83	3.0	18.78	-17.7	18.0	-80.4
391195195	-0.91	-142.17	2.9	19.09	-17.1	17.3	-80.3
393196196	-0.91	-143.45	2.9	19.20	-16.5	16.7	-80.1
395197197	-0.90	-144.74	2.8	19.38	-15.8	16.1	-79.8
397198198	-0.88	-146.08	2.8	19.81	-15.2	15.5	-79.7
399199199	-0.87	-147.28	2.7	19.99	-14.6	14.9	-79.5
401200200	-0.86	-148.47	2.7	20.23	-14.1	14.3	-79.3
403201201	-0.84	-149.64	2.6	20.63	-13.5	13.8	-79.1
405202202	-0.84	-150.82	2.6	20.62	-13.0	13.2	-78.7
407203203	-0.83	-151.99	2.5	20.95	-12.4	12.7	-78.5
409204204	-0.82	-153.12	2.5	21.27	-11.9	12.2	-78.2
411205205	-0.81	-154.20	2.5	21.36	-11.4	11.7	-77.8
413206206	-0.81	-155.25	2.4	21.47	-10.9	11.2	-77.4
415207207	-0.81	-156.31	2.4	21.58	-10.5	10.7	-77.0
417208208	-0.80	-157.33	2.4	21.60	-10.0	10.3	-76.5
419209209	-0.81	-158.32	2.4	21.54	-9.6	9.8	-75.9
421210210	-0.81	-159.29	2.4	21.34	-9.1	9.4	-75.1
423211211	-0.82	-160.28	2.4	21.30	-8.7	9.0	-74.4
425212212	-0.82	-161.18	2.4	21.15	-8.3	8.6	-73.6
427213213	-0.84	-162.17	2.5	20.77	-7.8	8.2	-72.5
429214214	-0.85	-163.09	2.5	20.54	-7.4	7.8	-71.5
431215215	-0.86	-164.03	2.5	20.13	-7.0	7.4	-70.1
433216216	-0.88	-164.99	2.6	19.79	-6.6	7.1	-68.6
435217217	-0.90	-165.88	2.6	19.29	-6.2	6.7	-66.9
437218218	-0.92	-166.76	2.7	18.93	-5.8	6.4	-65.2
439219219	-0.94	-167.64	2.7	18.51	-5.4	6.0	-63.2
441220220	-0.96	-168.57	2.8	18.09	-5.0	5.7	-60.8
443221221	-0.99	-169.43	2.9	17.56	-4.6	5.4	-58.1
445222222	-1.01	-170.31	2.9	17.21	-4.2	5.1	-55.3
447223223	-1.04	-171.26	3.0	16.64	-3.8	4.9	-51.6
449224224	-1.08	-172.11	3.1	16.17	-3.4	4.6	-47.9
451225225	-1.10	-173.07	3.2	15.75	-3.0	4.4	-43.4
453226226	-1.14	-173.95	3.3	15.32	-2.6	4.2	-38.8
455227227	-1.17	-174.82	3.4	14.86	-2.3	4.1	-33.7
457228228	-1.21	-175.77	3.5	14.41	-1.8	3.9	-27.8
459229229	-1.23	-176.71	3.5	14.11	-1.4	3.8	-21.9
461230230	-1.27	-177.69	3.6	13.71	-1.0	3.8	-15.4
463231231	-1.30	-178.69	3.7	13.36	-0.6	3.8	-8.7
465232232	-1.33	-179.60	3.8	13.06	-0.2	3.8	-2.6
467233233	-1.36	179.45	3.9	12.79	0.2	3.9	3.5
469234234	-1.39	178.42	4.0	12.50	0.7	4.1	9.7
471235235	-1.42	177.40	4.1	12.23	1.1	4.2	15.4
473236236	-1.45	176.35	4.2	11.99	1.6	4.5	20.7
475237237	-1.48	175.34	4.2	11.80	2.0	4.7	25.4
477238238	-1.50	174.37	4.3	11.64	2.4	4.9	29.5
479239239	-1.52	173.35	4.4	11.45	2.9	5.2	33.3
481240240	-1.54	172.29	4.4	11.31	3.3	5.6	37.0
483241241	-1.55	171.21	4.5	11.20	3.8	5.9	40.3
485242242	-1.57	170.13	4.5	11.08	4.3	6.2	43.3
487243243	-1.58	169.08	4.6	11.00	4.7	6.6	45.9
489244244	-1.59	168.02	4.6	10.93	5.2	7.0	48.4
491245245	-1.61	166.94	4.7	10.85	5.7	7.3	50.6
493246246	-1.61	165.90	4.7	10.80	6.1	7.7	52.5
495247247	-1.62	164.80	4.7	10.72	6.6	8.1	54.3
497248248	-1.63	163.74	4.8	10.66	7.1	8.5	55.9
499249249	-1.63	162.69	4.8	10.72	7.5	8.9	57.7
501250250	-1.62	161.58	4.8	10.75	8.0	9.3	59.3
503251251	-1.62	160.48	4.8	10.74	8.5	9.8	60.7
505252252	-1.61	159.39	4.8	10.80	9.0	10.2	62.1
507253253	-1.61	158.35	4.8	10.82	9.5	10.6	63.2
509254254	-1.61	157.26	4.8	10.82	10.0	11.1	64.3
511255255	-1.61	156.20	4.8	10.83	10.4	11.5	65.2
513256256	-1.61	155.08	4.8	10.81	10.9	12.0	66.1
515257257	-1.59	153.97	4.8	10.96	11.5	12.4	67.2
517258258	-1.58	152.90	4.8	11.00	11.9	12.9	68.1
519259259	-1.58	151.85	4.8	11.02	12.4	13.3	68.8
521260260	-1.58	150.78	4.8	11.04	12.9	13.8	69.5
523261261	-1.58	149.66	4.9	11.06	13.4	14.3	70.1
525262262	-1.57	148.58	4.9	11.10	13.9	14.8	70.8
527263263	-1.56	147.53	4.9	11.17	14.4	15.2	71.4
529264264	-1.56	146.42	4.9	11.20	15.0	15.7	72.0
531265265	-1.56	145.29	4.9	11.19	15.5	16.2	72.4
533266266	-1.55	144.12	4.9	11.24	16.0	16.8	73.0
535267267	-1.55	143.03	4.9	11.26	16.6	17.3	73.4
537268268	-1.54	141.94	5.0	11.28	17.1	17.8	73.8
539269269	-1.55	140.76	5.0	11.27	17.7	18.4	74.2
541270270	-1.55	139.59	5.0	11.27	18.2	18.9	74.6
543271271	-1.54	138.49	5.1	11.30	18.8	19.4	74.9
545272272	-1.55	137.35	5.1	11.26	19.3	20.0	75.2
547273273	-1.57	136.14	5.2	11.12	19.9	20.6	75.3
549274274	-1.57	134.92	5.3	11.10	20.6	21.2	75.6
551275275	-1.59	133.71	5.4	10.98	21.2	21.8	75.7
553276276	-1.59	132.50	5.5	10.93	21.8	22.5	75.9
555277277	-1.60	131.25	5.5	10.86	22.4	23.1	76.1
557278278	-1.63	130.05	5.7	10.72	23.0	23.7	76.2
559279279	-1.64	128.78	5.8	10.63	23.7	24.4	76.3
561280280	-1.65	127.44	5.9	10.53	24.4	25.1	76.4
563281281	-1.67	126.12	6.0	10.46	25.1	25.8	76.6
565282282	-1.68	124.86	6.1	10.35	25.8	26.5	76.6
567283283	-1.71	123.49	6.3	10.17	26.5	27.3	76.6
569284284	-1.75	122.22	6.5	9.99	27.2	28.0	76.6
571285285	-1.76	120.79	6.6	9.92	28.0	28.8	76.7
573286286	-1.79	119.44	6.9	9.73	28.8	29.6	76.6
575287287	-1.82	117.99	7.1	9.58	29.6	30.4	76.6
577288288	-1.85	116.65	7.3	9.40	30.4	31.2	76.5
579289289	-1.88	115.19	7.5	9.27	31.2	32.1	76.4
581290290	-1.93	113.72	7.8	9.05	32.1	33.0	76.3
583291291	-1.96	112.37	8.1	8.92	32.9	33.9	76.2
585292292	-1.99	110.89	8.3	8.78	33.8	34.8	76.1
587293293	-2.04	109.33	8.7	8.57	34.7	35.8	75.9
589294294	-2.05	107.83	8.9	8.51	35.7	36.8	75.9
591295295	-2.09	106.29	9.3	8.35	36.6	37.8	75.8
593296296	-2.14	104.80	9.7	8.16	37.6	38.8	75.6
595297297	-2.17	103.31	10.0	8.04	38.6	39.8	75.4
597298298	-2.22	101.86	10.4	7.86	39.5	40.9	75.2
599299299	-2.28	100.24	11.0	7.66	40.6	42.0	74.9
601300300	-2.35	98.78	11.5	7.43	41.5	43.1	74.5
603301301	-2.42	97.27	12.1	7.22	42.5	44.2	74.1
605302302	-2.48	95.93	12.6	7.05	43.5	45.3	73.8
607303303	-2.55	94.61	13.3	6.85	44.3	46.3	73.3
609304304	-2.65	93.39	14.0	6.62	45.1	47.2	72.8
611305305	-2.73	92.45	14.6	6.41	45.7	48.0	72.2
613306306	-2.82	91.35	15.3	6.22	46.4	48.9	71.7
615307307	-2.91	90.51	16.0	6.03	46.9	49.6	71.2
617308308	-2.98	89.87	16.5	5.89	47.3	50.1	70.7
619309309	-3.05	89.25	17.1	5.76	47.7	50.6	70.3
621310310	-3.09	88.87	17.4	5.68	47.9	50.9	70.0
623311311	-3.12	88.45	17.7	5.62	48.1	51.3	69.8
625312312	-3.15	88.22	17.9	5.58	48.3	51.5	69.7
627313313	-3.11	87.82	17.8	5.65	48.7	51.8	69.9
629314314	-3.08	87.43	17.8	5.70	49.0	52.2	70.1
631315315	-3.02	87.05	17.6	5.82	49.5	52.5	70.5
633316316	-2.94	86.71	17.3	5.96	49.9	52.8	70.9
635317317	-2.87	86.19	17.0	6.10	50.5	53.3	71.4
637318318	-2.79	85.50	16.8	6.29	51.2	53.9	71.9
639319319	-2.68	84.70	16.4	6.54	52.1	54.6	72.5
641320320	-2.58	83.91	16.0	6.79	53.0	55.4	73.2
643321321	-2.50	83.16	15.8	7.01	53.8	56.1	73.6
645322322	-2.40	82.32	15.5	7.28	54.8	56.9	74.2
647323323	-2.32	81.32	15.3	7.53	55.8	57.9	74.7
649324324	-2.22	80.32	14.9	7.87	57.0	58.9	75.3
651325325	-2.15	79.30	14.8	8.14	58.1	60.0	75.7
653326326	-2.09	78.23	14.7	8.36	59.3	61.1	76.1
655327327	-2.02	77.10	14.6	8.63	60.6	62.4	76.5
657328328	-1.96	76.04	14.5	8.88	61.9	63.5	76.8
659329329	-1.93	74.93	14.6	9.05	63.1	64.8	77.0
661330330	-1.86	73.45	14.6	9.35	64.9	66.6	77.3
663331331	-1.83	72.20	14.8	9.51	66.4	68.1	77.4
665332332	-1.79	71.02	14.9	9.77	67.9	69.5	77.7
667333333	-1.77	69.87	15.2	9.85	69.4	71.0	77.7
669334334	-1.75	68.68	15.5	9.96	70.9	72.6	77.7
671335335	-1.71	67.39	15.6	10.20	72.7	74.3	77.9
673336336	-1.67	66.08	15.8	10.41	74.5	76.2	78.0
675337337	-1.68	64.84	16.4	10.36	76.2	78.0	77.8
677338338	-1.70	63.56	17.1	10.27	78.0	79.9	77.6
679339339	-1.69	62.20	17.8	10.28	80.0	82.0	77.5
681340340	-1.71	61.02	18.5	10.22	81.8	83.8	77.3
683341341	-1.72	59.80	19.3	10.12	83.6	85.8	77.0
685342342	-1.73	58.21	20.3	10.09	86.2	88.6	76.7
687343343	-1.76	56.79	21.5	9.93	88.5	91.1	76.3
689344344	-1.79	55.43	22.9	9.74	90.7	93.5	75.9
691345345	-1.81	53.99	24.2	9.62	93.2	96.3	75.4
693346346	-1.84	52.29	25.9	9.49	96.3	99.7	74.9
695347347	-1.89	50.74	28.1	9.21	99.0	102.9	74.2
697348348	-1.91	48.94	30.2	9.11	102.6	106.9	73.6
699349349	-1.96	47.23	32.9	8.89	105.9	110.9	72.8
701350350	-2.00	45.51	35.7	8.71	109.4	115.1	71.9
703351351	-2.03	43.76	38.7	8.58	113.3	119.7	71.1
705352352	-2.11	41.90	43.0	8.28	117.0	124.7	69.8
707353353	-2.15	40.08	47.0	8.14	121.3	130.0	68.8
709354354	-2.20	38.16	52.1	7.92	125.5	135.9	67.5
711355355	-2.25	36.15	57.9	7.76	130.3	142.6	66.0
713356356	-2.29	34.17	64.2	7.64	135.4	149.8	64.6
715357357	-2.33	32.19	71.4	7.51	140.3	157.4	63.0
717358358	-2.39	30.26	79.8	7.33	144.6	165.2	61.1
719359359	-2.44	28.29	89.4	7.17	148.9	173.7	59.0
721360360	-2.49	26.24	100.6	7.03	153.1	183.2	56.7
723361361	-2.52	24.19	113.0	6.94	157.4	193.7	54.3
725362362	-2.55	22.14	127.1	6.87	161.1	205.2	51.7
727363363	-2.58	20.04	143.5	6.78	163.2	217.4	48.7
729364364	-2.61	17.81	163.2	6.71	163.9	231.3	45.1
731365365	-2.63	15.75	183.6	6.67	162.4	245.1	41.5
733366366	-2.65	13.69	205.8	6.62	157.4	259.1	37.4
735367367	-2.66	11.58	229.9	6.57	148.2	273.5	32.8
737368368	-2.68	9.38	255.5	6.54	132.9	288.0	27.5
739369369	-2.69	7.30	279.0	6.52	112.8	300.9	22.0
741370370	-2.71	5.21	298.4	6.47	85.7	310.5	16.0
743371371	-2.68	2.99	317.2	6.52	52.6	321.5	9.4
745372372	-2.70	0.90	323.6	6.49	16.1	324.0	2.9
747373373	-2.71	-1.23	321.4	6.46	-21.8	322.1	-3.9
749374374	-2.72	-3.38	310.6	6.43	-57.4	315.8	-10.5
751375375	-2.72	-5.62	293.2	6.43	-90.1	306.7	-17.1
753376376	-2.75	-7.78	269.6	6.38	-113.5	292.5	-22.8
755377377	-2.75	-9.86	246.3	6.36	-130.8	278.8	-28.0
757378378	-2.77	-11.88	223.1	6.33	-141.6	264.2	-32.4
759379379	-2.78	-14.07	199.3	6.30	-148.7	248.7	-36.7
761380380	-2.82	-16.17	178.1	6.21	-150.0	232.9	-40.1
763381381	-2.86	-18.28	159.4	6.14	-149.4	218.4	-43.1
765382382	-2.88	-20.43	142.6	6.10	-147.6	205.3	-46.0
767383383	-2.90	-22.41	129.1	6.04	-144.4	193.7	-48.2
769384384	-2.96	-24.58	116.3	5.93	-139.5	181.6	-50.2
771385385	-3.03	-26.70	105.8	5.80	-133.7	170.6	-51.6
773386386	-3.11	-28.70	97.4	5.65	-128.0	160.9	-52.7
775387387	-3.20	-30.78	90.0	5.49	-122.1	151.7	-53.6
777388388	-3.30	-32.72	84.0	5.32	-116.6	143.7	-54.2
779389389	-3.42	-34.56	79.2	5.15	-111.3	136.6	-54.6
781390390	-3.54	-36.54	74.6	4.97	-106.0	129.6	-54.8
783391391	-3.69	-38.26	71.4	4.78	-101.1	123.8	-54.8
785392392	-3.86	-39.72	69.3	4.57	-96.4	118.8	-54.3
787393393	-4.00	-41.01	67.5	4.42	-92.9	114.8	-54.0
789394394	-4.16	-42.23	66.1	4.25	-89.2	111.0	-53.5
791395395	-4.30	-43.33	64.8	4.13	-86.3	107.9	-53.1
793396396	-4.41	-44.10	64.1	4.02	-84.1	105.7	-52.7
795397397	-4.49	-44.51	63.8	3.96	-82.8	104.5	-52.4
797398398	-4.53	-44.77	63.5	3.92	-82.1	103.8	-52.3
799399399	-4.45	-44.99	62.6	3.99	-82.8	103.9	-52.9
801400400	-4.32	-45.21	61.4	4.11	-84.2	104.2	-53.9
803401401	-4.14	-45.87	59.0	4.27	-85.5	103.9	-55.4
805402402	-3.91	-47.01	55.3	4.51	-86.8	102.9	-57.5
807403403	-3.65	-48.63	50.5	4.82	-87.5	101.0	-60.0
809404404	-3.43	-50.69	45.5	5.13	-86.9	98.0	-62.4
811405405	-3.20	-53.17	40.1	5.50	-85.3	94.3	-64.8
813406406	-3.03	-55.90	35.5	5.79	-82.7	90.0	-66.7
815407407	-2.90	-59.02	31.4	6.05	-79.2	85.2	-68.4
817408408	-2.79	-62.02	28.0	6.29	-75.8	80.8	-69.7
819409409	-2.70	-65.18	25.1	6.49	-72.2	76.4	-70.8
821410410	-2.68	-68.34	23.1	6.54	-68.5	72.2	-71.4
823411411	-2.63	-71.52	21.1	6.65	-65.0	68.4	-72.0
825412412	-2.62	-74.69	19.6	6.69	-61.7	64.7	-72.4
827413413	-2.62	-77.54	18.4	6.69	-58.8	61.6	-72.6
829414414	-2.61	-80.60	17.3	6.71	-55.9	58.5	-72.8
831415415	-2.62	-83.50	16.4	6.69	-53.3	55.7	-72.9
833416416	-2.63	-86.30	15.6	6.66	-50.8	53.2	-72.9
835417417	-2.64	-89.07	15.0	6.63	-48.5	50.8	-72.9
837418418	-2.64	-91.78	14.3	6.62	-46.4	48.5	-72.8
839419419	-2.67	-94.40	13.9	6.56	-44.3	46.5	-72.6
841420420	-2.67	-96.98	13.3	6.56	-42.5	44.5	-72.5
843421421	-2.66	-99.44	12.9	6.58	-40.7	42.7	-72.5
845422422	-2.67	-101.88	12.5	6.56	-39.0	41.0	-72.3
847423423	-2.69	-104.07	12.2	6.51	-37.6	39.5	-72.0
849424424	-2.71	-106.27	11.9	6.47	-36.1	38.0	-71.7
851425425	-2.72	-108.58	11.6	6.44	-34.6	36.5	-71.4
853426426	-2.72	-110.74	11.3	6.44	-33.3	35.2	-71.2
855427427	-2.73	-112.82	11.1	6.41	-32.1	33.9	-70.9
857428428	-2.77	-114.80	11.0	6.33	-30.9	32.8	-70.4
859429429	-2.79	-116.81	10.9	6.29	-29.7	31.6	-69.9
861430430	-2.81	-118.74	10.7	6.24	-28.6	30.5	-69.4
863431431	-2.82	-120.70	10.6	6.21	-27.5	29.5	-69.0
865432432	-2.82	-122.57	10.4	6.21	-26.5	28.4	-68.6
867433433	-2.85	-124.43	10.3	6.14	-25.5	27.5	-67.9
869434434	-2.90	-126.32	10.3	6.04	-24.4	26.5	-67.1
871435435	-2.92	-128.14	10.2	6.01	-23.5	25.6	-66.5
873436436	-2.94	-129.95	10.1	5.96	-22.5	24.7	-65.8
875437437	-2.98	-131.80	10.1	5.89	-21.6	23.9	-64.9
877438438	-3.02	-133.64	10.1	5.82	-20.7	23.0	-63.9
879439439	-3.05	-135.37	10.1	5.75	-19.8	22.2	-63.0
881440440	-3.08	-137.08	10.1	5.70	-19.0	21.5	-62.0
883441441	-3.11	-138.92	10.0	5.65	-18.1	20.7	-60.9
885442442	-3.13	-140.62	10.0	5.62	-17.3	19.9	-59.9
887443443	-3.14	-142.30	10.0	5.59	-16.5	19.2	-58.8
889444444	-3.17	-144.14	9.9	5.55	-15.6	18.5	-57.5
891445445	-3.19	-145.91	9.9	5.51	-14.8	17.8	-56.2
893446446	-3.20	-147.74	9.9	5.48	-13.9	17.1	-54.7
895447447	-3.23	-149.56	9.8	5.45	-13.1	16.4	-53.1
897448448	-3.24	-151.26	9.8	5.42	-12.3	15.8	-51.5
899449449	-3.26	-152.95	9.8	5.39	-11.6	15.2	-49.8
901450450	-3.25	-154.72	9.7	5.40	-10.8	14.5	-48.1
903451451	-3.26	-156.56	9.7	5.39	-10.0	13.9	-46.0
905452452	-3.26	-158.32	9.6	5.40	-9.2	13.3	-43.9
907453453	-3.24	-160.01	9.5	5.42	-8.5	12.7	-41.8
909454454	-3.22	-161.69	9.4	5.45	-7.8	12.2	-39.6
911455455	-3.21	-163.42	9.3	5.48	-7.0	11.7	-37.1
913456456	-3.18	-165.13	9.2	5.53	-6.3	11.2	-34.4
915457457	-3.15	-166.67	9.1	5.58	-5.7	10.7	-31.9
917458458	-3.12	-168.25	9.0	5.63	-5.0	10.3	-29.0
919459459	-3.09	-169.77	8.9	5.69	-4.3	9.9	-26.1
921460460	-3.05	-171.36	8.7	5.75	-3.7	9.5	-22.7
923461461	-3.00	-172.95	8.6	5.85	-3.0	9.1	-19.2
925462462	-2.96	-174.40	8.4	5.93	-2.4	8.8	-15.7
927463463	-2.90	-175.86	8.3	6.04	-1.8	8.5	-12.0
929464464	-2.86	-177.28	8.2	6.12	-1.2	8.3	-8.0
931465465	-2.81	-178.69	8.0	6.24	-0.6	8.0	-4.0
933466466	-2.76	179.97	7.9	6.34	0.0	7.9	0.1
935467467	-2.71	178.62	7.7	6.47	0.6	7.7	4.4
937468468	-2.64	177.24	7.5	6.63	1.2	7.6	8.9
939469469	-2.59	175.98	7.4	6.76	1.7	7.6	13.0
941470470	-2.52	174.71	7.2	6.93	2.3	7.6	17.4
943471471	-2.47	173.44	7.1	7.07	2.8	7.6	21.6
945472472	-2.42	172.21	6.9	7.23	3.3	7.7	25.7
947473473	-2.35	171.03	6.8	7.44	3.9	7.8	29.7
949474474	-2.31	169.82	6.7	7.57	4.4	8.0	33.3
951475475	-2.23	168.57	6.5	7.82	4.9	8.1	37.3
953476476	-2.18	167.36	6.3	8.02	5.4	8.3	40.8
955477477	-2.12	166.28	6.2	8.22	5.9	8.6	43.8
957478478	-2.07	165.09	6.0	8.41	6.4	8.8	46.9
959479479	-2.01	163.90	5.9	8.68	7.0	9.1	49.9
961480480	-1.95	162.78	5.7	8.95	7.5	9.4	52.6
963481481	-1.90	161.66	5.6	9.16	8.0	9.7	54.9
965482482	-1.85	160.48	5.5	9.44	8.5	10.1	57.3
967483483	-1.78	159.27	5.3	9.77	9.0	10.5	59.7
969484484	-1.73	158.14	5.2	10.05	9.6	10.9	61.7
971485485	-1.67	157.02	5.0	10.43	10.1	11.2	63.6
973486486	-1.61	155.85	4.8	10.80	10.6	11.7	65.5
975487487	-1.56	154.71	4.7	11.17	11.1	12.1	67.1
977488488	-1.52	153.42	4.6	11.48	11.7	12.6	68.6
979489489	-1.46	152.23	4.5	11.92	12.3	13.1	70.1
981490490	-1.41	151.07	4.3	12.37	12.8	13.5	71.4
983491491	-1.36	149.83	4.2	12.83	13.4	14.0	72.7
985492492	-1.30	148.61	4.0	13.40	14.0	14.5	73.9
987493493	-1.24	147.36	3.9	14.06	14.6	15.1	75.2
989494494	-1.18	146.07	3.7	14.75	15.2	15.6	76.3
991495495	-1.12	144.70	3.5	15.56	15.8	16.2	77.4
993496496	-1.06	143.30	3.4	16.35	16.5	16.9	78.4
995497497	-1.00	142.05	3.2	17.36	17.1	17.4	79.4
997498498	-0.95	140.63	3.1	18.32	17.8	18.1	80.2
999499499	-0.90	139.33	3.0	19.25	18.5	18.7	80.9
1001500500	-0.82	138.04	2.7	21.18	19.1	19.3	81.9
1003501501	-0.77	136.47	2.6	22.68	19.9	20.1	82.7
1005502502	-0.72	135.17	2.4	24.02	20.6	20.7	83.3
1007503503	-0.65	133.65	2.2	26.67	21.4	21.5	84.1
1009504504	-0.57	132.15	2.0	30.41	22.2	22.2	84.9
1011505505	-0.51	130.68	1.8	34.33	22.9	23.0	85.6
1013506506	-0.41	129.18	1.5	42.06	23.7	23.8	86.5
1015507507	-0.35	127.69	1.2	49.71	24.5	24.6	87.1
1017508508	-0.29	126.20	1.0	60.19	25.4	25.4	87.6
1019509509	-0.22	124.72	0.8	79.06	26.2	26.2	88.2
1021510510	-0.15	123.16	0.6	116.91	27.1	27.1	88.8
1023511511	-0.10	121.72	0.4	174.38	27.9	27.9	89.2
1025512512	-0.06	120.10	0.2	312.82	28.8	28.8	89.6
1027513513	0.00	118.48	0.0	?	29.8	29.8	90.0
1029514514	0.00	116.83	0.0	?	30.7	30.7	90.0
1031515515	0.00	115.33	0.0	?	31.6	31.6	90.0
1033516516	0.00	113.75	0.0	?	32.6	32.6	90.0
1035517517	0.00	111.99	0.0	?	33.7	33.7	90.0
1037518518	0.00	110.52	0.0	?	34.7	34.7	90.0
1039519519	0.00	108.81	0.0	?	35.8	35.8	90.0
1041520520	0.00	107.19	0.0	?	36.9	36.9	90.0
1043521521	0.00	105.49	0.0	?	38.0	38.0	90.0
1045522522	-1.29	163.63	3.8	13.52	7.2	8.1	62.2
1047523523	0.00	149.11	0.0	?	13.8	13.8	90.0
1049524524	-0.19	99.11	0.9	92.63	42.6	42.6	88.7
1051525525	-0.70	92.10	3.9	24.82	48.1	48.2	85.4
1053526526	-0.71	89.96	4.1	24.37	49.9	50.0	85.3
1055527527	-0.75	87.76	4.5	23.17	51.8	52.0	85.1
1057528528	-0.75	85.47	4.7	23.06	53.9	54.1	85.0
1059529529	-0.78	83.15	5.1	22.35	56.1	56.3	84.8
1061530530	-0.77	81.00	5.2	22.67	58.3	58.5	84.9
1063531531	-0.80	78.58	5.7	21.64	60.8	61.1	84.6
1065532532	-0.84	76.18	6.3	20.76	63.4	63.7	84.3
1067533533	-0.87	73.95	6.9	19.88	65.9	66.3	84.0
1069534534	-0.93	71.46	7.8	18.78	68.9	69.4	83.6
1071535535	-0.98	68.96	8.7	17.80	72.1	72.6	83.1
1073536536	-1.07	66.31	10.2	16.32	75.6	76.3	82.3
1075537537	-1.12	63.98	11.4	15.46	78.9	79.7	81.8
1077538538	-1.25	61.23	13.7	13.89	82.8	83.9	80.6
1079539539	-1.36	58.69	16.0	12.80	86.7	88.2	79.6
1081540540	-1.50	56.27	18.9	11.59	90.5	92.4	78.2
1083541541	-1.64	53.84	22.2	10.65	94.4	96.9	76.8
1085542542	-1.77	51.22	25.9	9.88	98.8	102.2	75.3
1087543543	-1.99	48.53	31.7	8.78	102.9	107.7	72.9
1089544544	-2.15	45.85	37.5	8.11	107.3	113.7	70.8
1091545545	-2.37	43.33	44.6	7.36	110.6	119.3	68.0
1093546546	-2.62	40.63	53.3	6.69	113.5	125.4	64.8
1095547547	-2.85	37.67	63.6	6.15	116.3	132.5	61.3
1097548548	-3.20	34.70	76.4	5.49	115.5	138.5	56.5
1099549549	-3.52	31.78	89.3	5.00	112.9	144.0	51.7
1101550550	-3.92	28.60	103.5	4.50	106.0	148.1	45.7
1103551551	-4.36	25.34	116.4	4.07	95.2	150.3	39.3
1105552552	-4.83	21.94	126.7	3.69	80.9	150.3	32.6
1107553553	-5.34	18.81	131.7	3.36	64.9	146.8	26.2
1109554554	-5.89	15.22	133.5	3.06	47.9	141.8	19.7
1111555555	-6.48	11.51	131.1	2.80	32.0	135.0	13.7
1113556556	-7.13	7.53	125.5	2.57	17.9	126.8	8.1
1115557557	-7.78	3.12	118.6	2.38	6.3	118.8	3.1
1117558558	-8.47	-1.70	110.5	2.21	-2.9	110.5	-1.5
1119559559	-9.18	-6.68	102.1	2.07	-9.4	102.6	-5.3
1121560560	-9.98	-13.04	93.1	1.93	-14.8	94.3	-9.0
1123561561	-10.79	-19.72	84.9	1.81	-18.0	86.8	-12.0
1125562562	-11.60	-26.85	77.6	1.71	-19.8	80.1	-14.3
1127563563	-12.35	-35.28	70.9	1.64	-21.0	73.9	-16.5
1129564564	-13.11	-45.13	64.5	1.57	-21.3	67.9	-18.2
1131565565	-13.74	-55.51	59.2	1.52	-20.9	62.8	-19.5
1133566566	-14.14	-66.47	54.5	1.49	-20.4	58.2	-20.5
1135567567	-14.34	-78.50	50.1	1.48	-19.6	53.8	-21.3
1137568568	-14.36	-90.01	46.5	1.47	-18.5	50.0	-21.7
1139569569	-14.07	-100.62	43.2	1.49	-17.5	46.6	-22.0
1141570570	-13.66	-110.45	40.3	1.52	-16.4	43.5	-22.1
1143571571	-13.12	-119.72	37.5	1.57	-15.1	40.5	-21.9
1145572572	-12.64	-128.33	35.2	1.61	-13.6	37.7	-21.2
1147573573	-12.00	-135.44	33.0	1.67	-12.4	35.2	-20.6
1149574574	-11.39	-142.22	30.9	1.74	-11.0	32.8	-19.6
1151575575	-10.81	-148.36	29.1	1.81	-9.6	30.7	-18.3
1153576576	-10.24	-153.59	27.5	1.89	-8.3	28.7	-16.8
1155577577	-9.69	-158.65	26.0	1.97	-6.9	26.9	-15.0
1157578578	-9.11	-163.53	24.5	2.08	-5.5	25.1	-12.8
1159579579	-8.60	-167.84	23.1	2.18	-4.2	23.5	-10.3
1161580580	-8.09	-171.94	21.8	2.30	-2.9	22.0	-7.5
1163581581	-7.60	-175.74	20.6	2.43	-1.5	20.7	-4.3
1165582582	-7.15	-179.49	19.5	2.57	-0.2	19.5	-0.6
1167583583	-6.72	176.73	18.4	2.71	1.2	18.5	3.8
1169584584	-6.31	173.40	17.5	2.87	2.5	17.6	8.3
1171585585	-5.95	169.89	16.6	3.04	3.9	17.1	13.4
1173586586	-5.59	166.80	15.8	3.21	5.2	16.6	18.3
1175587587	-5.24	163.54	14.9	3.42	6.6	16.3	23.9
1177588588	-4.93	160.48	14.2	3.62	7.9	16.3	29.2
1179589589	-4.65	157.81	13.5	3.83	9.1	16.3	34.0
1181590590	-4.34	154.66	12.8	4.08	10.5	16.6	39.4
1183591591	-4.10	151.73	12.3	4.32	11.9	17.1	44.1
1185592592	-3.91	148.72	11.9	4.52	13.3	17.8	48.1
1187593593	-3.64	145.99	11.3	4.84	14.6	18.4	52.3
1189594594	-3.48	143.25	10.9	5.06	15.9	19.3	55.5
1191595595	-3.32	140.36	10.6	5.29	17.3	20.3	58.4
1193596596	-3.18	137.51	10.4	5.52	18.7	21.4	61.0
1195597597	-3.09	134.66	10.3	5.67	20.1	22.6	62.9
1197598598	-3.03	131.92	10.3	5.79	21.5	23.8	64.4
1199599599	-2.93	128.71	10.2	5.99	23.2	25.3	66.2
1201600600	-2.90	125.90	10.4	6.04	24.7	26.7	67.2
1203601601	-2.90	123.05	10.6	6.05	26.2	28.2	67.9
1205602602	-2.96	119.93	11.1	5.93	27.8	30.0	68.2
1207603603	-3.05	117.02	11.8	5.75	29.4	31.7	68.1
1209604604	-3.16	114.23	12.6	5.55	30.9	33.3	67.8
1211605605	-3.30	111.46	13.5	5.32	32.3	35.1	67.3
1213606606	-3.44	108.72	14.5	5.11	33.8	36.8	66.8
1215607607	-3.67	106.17	15.9	4.81	35.1	38.5	65.6
1217608608	-3.86	104.34	17.0	4.57	35.9	39.8	64.6
1219609609	-4.07	102.44	18.3	4.35	36.8	41.1	63.6
1221610610	-4.26	101.20	19.4	4.16	37.2	42.0	62.5
1223611611	-4.43	100.45	20.3	4.00	37.4	42.5	61.5
1225612612	-4.55	100.02	20.8	3.91	37.5	42.9	60.9
1227613613	-4.59	99.72	21.1	3.87	37.6	43.1	60.7
1229614614	-4.61	99.74	21.2	3.85	37.5	43.1	60.6
1231615615	-4.43	99.78	20.4	4.01	37.8	43.0	61.6
1233616616	-4.20	99.02	19.7	4.22	38.7	43.4	63.1
1235617617	-3.84	98.48	18.3	4.60	39.7	43.7	65.2
1237618618	-3.46	97.00	17.0	5.09	41.3	44.6	67.6
1239619619	-3.09	94.68	15.9	5.68	43.5	46.3	70.0
1241620620	-2.76	91.99	14.9	6.34	46.0	48.4	72.1
1243621621	-2.37	88.63	13.6	7.37	49.3	51.2	74.5
1245622622	-2.07	84.49	12.9	8.45	53.4	54.9	76.4
1247623623	-1.72	80.39	11.7	10.16	57.8	59.0	78.6
1249624624	-1.45	75.72	10.9	12.00	63.1	64.1	80.2
1251625625	-1.20	70.74	10.2	14.53	69.4	70.2	81.7
1253626626	-1.00	65.63	9.7	17.44	76.7	77.3	82.8
1255627627	-0.88	60.52	9.9	19.81	84.8	85.4	83.4
1257628628	-0.77	55.40	10.2	22.50	94.4	94.9	83.8
1259629629	-0.67	50.10	10.7	25.77	106.1	106.6	84.2
1261630630	-0.63	44.72	12.4	27.57	120.4	121.1	84.1
1263631631	-0.64	39.68	15.7	27.30	137.0	137.9	83.4
1265632632	-0.68	34.56	21.9	25.47	158.0	159.5	82.1
1267633633	-0.74	29.75	31.6	23.41	183.1	185.8	80.2
1269634634	-0.83	24.82	49.4	20.95	216.5	222.1	77.2
1271635635	-0.91	20.26	78.1	19.03	256.8	268.4	73.1
1273636636	-1.00	15.75	131.1	17.30	306.8	333.6	66.9
1275637637	-1.17	11.60	228.8	14.88	340.8	410.5	56.1
1277638638	-1.35	7.46	379.2	12.89	315.5	493.3	39.8
1279639639	-1.50	3.41	519.6	11.63	178.4	549.4	19.0
1281640640	-1.65	-0.70	525.6	10.55	-33.5	526.7	-3.6
1283641641	-1.84	-4.43	419.0	9.49	-151.8	445.7	-19.9
1285642642	-2.04	-8.28	311.0	8.57	-189.2	364.0	-31.3
1287643643	-2.23	-11.95	236.8	7.83	-188.9	302.9	-38.6
1289644644	-2.43	-15.53	186.7	7.19	-176.3	256.8	-43.4
1291645645	-2.60	-19.26	150.2	6.73	-163.2	221.8	-47.4
1293646646	-2.81	-22.87	125.2	6.24	-148.0	193.9	-49.8
1295647647	-3.01	-26.02	109.1	5.83	-135.4	173.9	-51.2
1297648648	-3.20	-29.42	95.3	5.49	-124.4	156.7	-52.5
1299649649	-3.38	-32.81	84.5	5.20	-114.7	142.4	-53.6
1301650650	-3.57	-36.42	75.2	4.94	-105.7	129.7	-54.6
1303651651	-3.70	-39.78	67.8	4.77	-98.9	119.9	-55.6
1305652652	-3.86	-43.04	62.2	4.57	-92.3	111.3	-56.0
1307653653	-3.99	-46.29	57.2	4.43	-86.8	103.9	-56.6
1309654654	-4.11	-49.56	52.8	4.30	-81.7	97.3	-57.2
1311655655	-4.23	-52.78	49.1	4.19	-77.2	91.5	-57.6
1313656656	-4.37	-56.04	46.0	4.06	-72.6	86.0	-57.7
1315657657	-4.44	-59.08	43.0	4.00	-69.2	81.5	-58.1
1317658658	-4.49	-62.05	40.5	3.95	-66.1	77.5	-58.5
1319659659	-4.57	-65.03	38.3	3.89	-63.0	73.7	-58.7
1321660660	-4.58	-67.93	36.0	3.88	-60.4	70.4	-59.2
1323661661	-4.59	-70.72	34.1	3.87	-58.1	67.3	-59.6
1325662662	-4.61	-73.59	32.3	3.85	-55.7	64.3	-59.9
1327663663	-4.62	-76.29	30.7	3.85	-53.5	61.7	-60.2
1329664664	-4.61	-78.69	29.3	3.86	-51.7	59.4	-60.4
1331665665	-4.61	-81.02	28.1	3.85	-50.0	57.4	-60.6
1333666666	-4.59	-83.29	27.0	3.87	-48.4	55.4	-60.9
1335667667	-4.57	-85.69	25.8	3.89	-46.8	53.4	-61.1
1337668668	-4.52	-87.70	24.8	3.93	-45.5	51.8	-61.4
1339669669	-4.49	-89.83	23.8	3.95	-44.1	50.1	-61.6
1341670670	-4.47	-91.87	23.0	3.97	-42.8	48.6	-61.7
1343671671	-4.45	-93.87	22.2	3.99	-41.5	47.1	-61.8
1345672672	-4.38	-95.86	21.3	4.05	-40.4	45.7	-62.1
1347673673	-4.32	-97.74	20.5	4.11	-39.3	44.3	-62.4
1349674674	-4.26	-99.27	19.9	4.16	-38.4	43.3	-62.6
1351675675	-4.24	-100.83	19.4	4.18	-37.5	42.2	-62.7
1353676676	-4.21	-102.38	18.9	4.21	-36.6	41.2	-62.7
1355677677	-4.14	-104.01	18.2	4.28	-35.7	40.1	-63.0
1357678678	-4.09	-105.50	17.7	4.33	-34.9	39.1	-63.1
1359679679	-4.04	-107.19	17.2	4.37	-34.0	38.1	-63.2
1361680680	-4.01	-108.50	16.8	4.41	-33.3	37.2	-63.3
1363681681	-3.98	-109.77	16.4	4.44	-32.6	36.5	-63.3
1365682682	-3.91	-111.15	15.9	4.52	-31.9	35.6	-63.5
1367683683	-3.87	-112.60	15.5	4.56	-31.1	34.7	-63.5
1369684684	-3.82	-113.92	15.1	4.62	-30.4	33.9	-63.6
1371685685	-3.77	-115.03	14.7	4.68	-29.8	33.3	-63.7
1373686686	-3.72	-116.16	14.4	4.74	-29.3	32.6	-63.8
1375687687	-3.69	-117.47	14.1	4.78	-28.6	31.9	-63.7
1377688688	-3.66	-118.66	13.8	4.82	-28.0	31.2	-63.7
1379689689	-3.57	-119.88	13.3	4.94	-27.4	30.5	-64.0
1381690690	-3.52	-120.99	13.0	5.00	-26.8	29.8	-64.1
1383691691	-3.50	-122.11	12.8	5.03	-26.2	29.2	-63.9
1385692692	-3.45	-123.16	12.5	5.10	-25.7	28.6	-64.0
1387693693	-3.41	-124.48	12.3	5.15	-25.1	27.9	-63.9
1389694694	-3.37	-125.44	12.0	5.23	-24.6	27.4	-64.0
1391695695	-3.32	-126.37	11.7	5.30	-24.2	26.9	-64.1
1393696696	-3.27	-127.37	11.5	5.37	-23.7	26.3	-64.1
1395697697	-3.20	-128.41	11.2	5.49	-23.2	25.7	-64.3
1397698698	-3.16	-129.45	10.9	5.56	-22.7	25.2	-64.3
1399699699	-3.08	-130.39	10.6	5.69	-22.3	24.6	-64.5
1401700700	-3.02	-131.27	10.3	5.80	-21.8	24.2	-64.7
1403701701	-2.97	-132.30	10.1	5.91	-21.4	23.6	-64.8
1405702702	-2.90	-133.13	9.8	6.04	-21.0	23.1	-65.0
1407703703	-2.86	-133.86	9.6	6.13	-20.6	22.7	-65.1
1409704704	-2.79	-134.75	9.3	6.27	-20.2	22.3	-65.3
1411705705	-2.74	-135.56	9.1	6.39	-19.8	21.8	-65.4
1413706706	-2.67	-136.32	8.8	6.57	-19.5	21.4	-65.7
1415707707	-2.61	-137.16	8.6	6.70	-19.1	21.0	-65.8
1417708708	-2.54	-137.78	8.3	6.89	-18.8	20.6	-66.2
1419709709	-2.48	-138.43	8.1	7.06	-18.5	20.2	-66.5
1421710710	-2.41	-139.38	7.8	7.26	-18.1	19.7	-66.7
1423711711	-2.33	-139.86	7.6	7.49	-17.9	19.4	-67.1
1425712712	-2.27	-140.54	7.3	7.69	-17.6	19.1	-67.4
1427713713	-2.22	-141.16	7.1	7.87	-17.3	18.7	-67.6
1429714714	-2.14	-141.71	6.9	8.14	-17.1	18.4	-68.1
1431715715	-2.07	-142.36	6.6	8.45	-16.8	18.0	-68.5
1433716716	-2.00	-142.77	6.4	8.72	-16.6	17.8	-69.0
1435717717	-1.95	-143.29	6.2	8.94	-16.4	17.5	-69.2
1437718718	-1.90	-143.89	6.0	9.19	-16.1	17.2	-69.5
1439719719	-1.83	-144.44	5.8	9.52	-15.8	16.9	-69.9
1441720720	-1.73	-144.93	5.5	10.05	-15.6	16.6	-70.7
1443721721	-1.65	-145.04	5.2	10.58	-15.6	16.4	-71.6
1445722722	-1.61	-145.53	5.1	10.83	-15.4	16.2	-71.8
1447723723	-1.55	-145.99	4.9	11.22	-15.2	15.9	-72.2
1449724724	-1.51	-146.35	4.7	11.52	-15.0	15.7	-72.5
1451725725	-1.45	-146.66	4.5	11.98	-14.9	15.5	-73.0
1453726726	-1.39	-146.98	4.3	12.53	-14.7	15.3	-73.6
1455727727	-1.34	-147.39	4.2	13.04	-14.5	15.1	-74.0
1457728728	-1.30	-147.55	4.0	13.42	-14.5	15.0	-74.4
1459729729	-1.26	-147.84	3.9	13.81	-14.3	14.9	-74.7
1461730730	-1.22	-148.22	3.8	14.24	-14.2	14.7	-75.0
1463731731	-1.16	-148.38	3.6	14.97	-14.1	14.5	-75.6
1465732732	-1.12	-148.68	3.5	15.60	-14.0	14.4	-76.1
1467733733	-1.09	-148.97	3.4	15.99	-13.8	14.2	-76.3
1469734734	-1.03	-149.13	3.2	16.83	-13.8	14.1	-76.9
1471735735	-1.01	-149.39	3.1	17.24	-13.6	14.0	-77.1
1473736736	-1.00	-149.61	3.1	17.31	-13.5	13.9	-77.1
1475737737	-0.97	-149.61	3.0	17.86	-13.5	13.9	-77.5
1477738738	-0.94	-149.90	2.9	18.56	-13.4	13.7	-77.8
1479739739	-0.87	-150.03	2.7	19.87	-13.3	13.6	-78.6
1481740740	-0.86	-150.26	2.7	20.18	-13.2	13.5	-78.7
1483741741	-0.84	-150.42	2.6	20.77	-13.2	13.4	-78.9
1485742742	-0.85	-150.64	2.6	20.52	-13.1	13.3	-78.7
1487743743	-0.82	-150.82	2.5	21.15	-13.0	13.2	-79.0
1489744744	-0.81	-151.07	2.5	21.39	-12.9	13.1	-79.0
1491745745	-0.82	-151.29	2.5	21.22	-12.8	13.0	-78.9
1493746746	-0.77	-151.52	2.4	22.48	-12.7	12.9	-79.4
1495747747	-0.77	-151.62	2.3	22.64	-12.6	12.8	-79.4
1497748748	-0.79	-151.88	2.4	21.91	-12.5	12.7	-79.0
1499749749	-0.75	-152.02	2.3	23.10	-12.4	12.6	-79.5
1501750750	-0.75	-152.24	2.3	23.25	-12.3	12.5	-79.5
1503751751	-0.72	-152.51	2.2	24.04	-12.2	12.4	-79.8
1505752752	-0.73	-152.96	2.2	23.95	-12.0	12.2	-79.6
1507753753	-0.73	-153.24	2.2	23.92	-11.9	12.1	-79.5
1509754754	-0.71	-153.44	2.1	24.55	-11.8	12.0	-79.7
1511755755	-0.71	-153.74	2.1	24.54	-11.6	11.8	-79.5
1513756756	-0.72	-154.00	2.2	24.06	-11.5	11.7	-79.2
1515757757	-0.74	-154.44	2.3	23.35	-11.3	11.5	-78.8
1517758758	-0.70	-154.47	2.1	24.87	-11.3	11.5	-79.4
1519759759	-0.69	-154.86	2.1	25.37	-11.1	11.3	-79.5
1521760760	-0.69	-155.35	2.1	25.14	-10.9	11.1	-79.2
1523761761	-0.68	-155.60	2.0	25.59	-10.8	11.0	-79.3
1525762762	-0.61	-156.62	1.8	28.33	-10.3	10.5	-79.9
1527763763	-0.57	-157.94	1.7	30.68	-9.7	9.9	-80.1
1529764764	-0.61	-156.89	1.8	28.69	-10.2	10.4	-79.9
1531765765	-0.64	-156.66	1.9	27.23	-10.3	10.5	-79.5
1533766766	-0.63	-157.09	1.9	27.46	-10.1	10.3	-79.4
1535767767	-0.59	-157.25	1.8	29.42	-10.0	10.2	-80.0
1537768768	-0.57	-157.77	1.7	30.34	-9.8	10.0	-80.1
1539769769	-0.54	-158.17	1.6	31.96	-9.6	9.8	-80.4
1541770770	-0.55	-158.72	1.6	31.46	-9.4	9.5	-80.1
1543771771	-0.54	-159.05	1.6	32.04	-9.2	9.4	-80.1
1545772772	-0.51	-159.42	1.5	33.92	-9.1	9.2	-80.5
1547773773	-0.46	-159.93	1.4	37.49	-8.8	8.9	-81.2
1549774774	-0.47	-160.38	1.4	36.69	-8.6	8.8	-80.8
1551775775	-0.47	-160.65	1.4	37.15	-8.5	8.6	-80.8
1553776776	-0.44	-160.85	1.3	39.50	-8.4	8.5	-81.2
1555777777	-0.38	-161.55	1.1	45.65	-8.1	8.2	-82.1
1557778778	-0.36	-162.16	1.1	48.24	-7.8	7.9	-82.3
1559779779	-0.33	-162.51	1.0	53.30	-7.7	7.7	-82.9
1561780780	-0.31	-163.06	0.9	56.24	-7.4	7.5	-83.0
1563781781	-0.27	-163.54	0.8	64.65	-7.2	7.3	-83.8
1565782782	-0.23	-164.04	0.7	75.23	-7.0	7.0	-84.5
1567783783	-0.17	-164.53	0.5	100.71	-6.8	6.8	-85.7
1569784784	-0.16	-164.77	0.5	110.72	-6.7	6.7	-86.1
1571785785	-0.11	-165.38	0.3	151.84	-6.4	6.4	-87.0
1573786786	-0.06	-165.76	0.2	276.23	-6.2	6.3	-88.3
1575787787	-0.04	-166.14	0.1	490.45	-6.1	6.1	-89.0
1577788788	0.00	-166.46	0.0	?	-5.9	5.9	-90.0
1579789789	0.00	-166.99	0.0	?	-5.7	5.7	-90.0
1581790790	0.00	-167.46	0.0	?	-5.5	5.5	-90.0
1583791791	0.00	-167.75	0.0	?	-5.4	5.4	-90.0
1585792792	0.00	-168.32	0.0	?	-5.1	5.1	-90.0
1587793793	0.00	-168.73	0.0	?	-4.9	4.9	-90.0
1589794794	0.00	-169.15	0.0	?	-4.8	4.8	-90.0
1591795795	0.00	-169.49	0.0	?	-4.6	4.6	-90.0
1593796796	0.00	-169.93	0.0	?	-4.4	4.4	-90.0
1595797797	0.00	-170.07	0.0	?	-4.3	4.3	-90.0
1597798798	0.00	-170.43	0.0	?	-4.2	4.2	-90.0
1599799799	0.00	-171.04	0.0	?	-3.9	3.9	-90.0
1601800800	0.00	-171.24	0.0	?	-3.8	3.8	-90.0
1603801801	0.00	-171.44	0.0	?	-3.7	3.7	-90.0
1605802802	0.00	-171.74	0.0	?	-3.6	3.6	-90.0
1607803803	0.00	-172.05	0.0	?	-3.5	3.5	-90.0
1609804804	0.00	-172.39	0.0	?	-3.3	3.3	-90.0
1611805805	0.00	-172.66	0.0	?	-3.2	3.2	-90.0
1613806806	0.00	-173.15	0.0	?	-3.0	3.0	-90.0
1615807807	0.00	-173.42	0.0	?	-2.9	2.9	-90.0
1617808808	0.00	-173.82	0.0	?	-2.7	2.7	-90.0
1619809809	0.00	-174.29	0.0	?	-2.5	2.5	-90.0
1621810810	0.00	-174.70	0.0	?	-2.3	2.3	-90.0
1623811811	0.00	-174.63	0.0	?	-2.3	2.3	-90.0
1625812812	0.00	-175.06	0.0	?	-2.2	2.2	-90.0
1627813813	0.00	-175.36	0.0	?	-2.0	2.0	-90.0
1629814814	0.00	-175.55	0.0	?	-1.9	1.9	-90.0
1631815815	0.00	-175.88	0.0	?	-1.8	1.8	-90.0
1633816816	0.00	-176.34	0.0	?	-1.6	1.6	-90.0
1635817817	0.00	-176.55	0.0	?	-1.5	1.5	-90.0
1637818818	0.00	-176.89	0.0	?	-1.4	1.4	-90.0
1639819819	0.00	-177.13	0.0	?	-1.3	1.3	-90.0
1641820820	0.00	-177.45	0.0	?	-1.1	1.1	-90.0
1643821821	0.00	-177.82	0.0	?	-0.9	0.9	-90.0
1645822822	0.00	-178.29	0.0	?	-0.7	0.7	-90.0
1647823823	0.00	-178.53	0.0	?	-0.6	0.6	-90.0
1649824824	0.00	-178.68	0.0	?	-0.6	0.6	-90.0
1651825825	0.00	-179.13	0.0	?	-0.4	0.4	-90.0
1653826826	0.00	-179.37	0.0	?	-0.3	0.3	-90.0
1655827827	0.00	-179.64	0.0	?	-0.2	0.2	-90.0
1657828828	0.00	-179.77	0.0	?	-0.1	0.1	-90.0
1659829829	0.00	179.69	0.0	?	0.1	0.1	90.0
1661830830	0.00	179.64	0.0	?	0.2	0.2	90.0
1663831831	0.00	179.48	0.0	?	0.2	0.2	90.0
1665832832	0.00	179.10	0.0	?	0.4	0.4	90.0
1667833833	0.00	178.67	0.0	?	0.6	0.6	90.0
1669834834	0.00	178.22	0.0	?	0.8	0.8	90.0
1671835835	0.00	177.76	0.0	?	1.0	1.0	90.0
1673836836	0.00	177.58	0.0	?	1.1	1.1	90.0
1675837837	0.00	177.23	0.0	?	1.2	1.2	90.0
1677838838	0.00	176.72	0.0	?	1.4	1.4	90.0
1679839839	0.00	176.66	0.0	?	1.5	1.5	90.0
1681840840	0.00	176.27	0.0	?	1.6	1.6	90.0
1683841841	0.00	175.70	0.0	?	1.9	1.9	90.0
1685842842	0.00	175.08	0.0	?	2.1	2.1	90.0
1687843843	0.00	174.51	0.0	?	2.4	2.4	90.0
1689844844	0.00	174.14	0.0	?	2.6	2.6	90.0
1691845845	0.00	173.38	0.0	?	2.9	2.9	90.0
1693846846	0.00	173.07	0.0	?	3.0	3.0	90.0
1695847847	0.00	172.39	0.0	?	3.3	3.3	90.0
1697848848	0.00	172.17	0.0	?	3.4	3.4	90.0
1699849849	0.00	171.39	0.0	?	3.8	3.8	90.0
1701850850	0.00	170.79	0.0	?	4.0	4.0	90.0
1703851851	0.00	170.25	0.0	?	4.3	4.3	90.0
1705852852	0.00	169.11	0.0	?	4.8	4.8	90.0
1707853853	0.00	168.36	0.0	?	5.1	5.1	90.0
1709854854	0.00	167.74	0.0	?	5.4	5.4	90.0
1711855855	0.00	167.01	0.0	?	5.7	5.7	90.0
1713856856	0.00	165.94	0.0	?	6.2	6.2	90.0
1715857857	0.00	164.75	0.0	?	6.7	6.7	90.0
1717858858	0.00	163.31	0.0	?	7.3	7.3	90.0
1719859859	0.00	162.79	0.0	?	7.6	7.6	90.0
1721860860	0.00	161.71	0.0	?	8.0	8.0	90.0
1723861861	0.00	160.57	0.0	?	8.6	8.6	90.0
1725862862	0.00	159.86	0.0	?	8.9	8.9	90.0
1727863863	0.00	158.24	0.0	?	9.6	9.6	90.0
1729864864	0.00	156.77	0.0	?	10.3	10.3	90.0
1731865865	0.00	155.87	0.0	?	10.7	10.7	90.0
1733866866	0.00	154.26	0.0	?	11.4	11.4	90.0
1735867867	0.00	152.99	0.0	?	12.0	12.0	90.0
1737868868	0.00	151.11	0.0	?	12.9	12.9	90.0
1739869869	0.00	149.88	0.0	?	13.5	13.5	90.0
1741870870	0.00	148.63	0.0	?	14.0	14.0	90.0
1743871871	0.00	147.02	0.0	?	14.8	14.8	90.0
1745872872	0.00	145.18	0.0	?	15.7	15.7	90.0
1747873873	0.00	143.80	0.0	?	16.3	16.3	90.0
1749874874	0.00	142.33	0.0	?	17.1	17.1	90.0
1751875875	0.00	140.70	0.0	?	17.9	17.9	90.0
1753876876	0.00	139.13	0.0	?	18.6	18.6	90.0
1755877877	0.00	137.42	0.0	?	19.5	19.5	90.0
1757878878	0.00	135.49	0.0	?	20.5	20.5	90.0
1759879879	0.00	133.87	0.0	?	21.3	21.3	90.0
1761880880	0.00	132.39	0.0	?	22.1	22.1	90.0
1763881881	0.00	131.06	0.0	?	22.8	22.8	90.0
1765882882	0.00	128.88	0.0	?	23.9	23.9	90.0
1767883883	0.00	127.09	0.0	?	24.9	24.9	90.0
1769884884	0.00	125.99	0.0	?	25.5	25.5	90.0
1771885885	0.00	124.42	0.0	?	26.4	26.4	90.0
1773886886	0.00	122.48	0.0	?	27.4	27.4	90.0
1775887887	0.00	120.65	0.0	?	28.5	28.5	90.0
1777888888	0.00	118.90	0.0	?	29.5	29.5	90.0
1779889889	0.00	117.05	0.0	?	30.6	30.6	90.0
1781890890	0.00	115.53	0.0	?	31.5	31.5	90.0
1783891891	0.00	113.97	0.0	?	32.5	32.5	90.0
1785892892	0.00	112.32	0.0	?	33.5	33.5	90.0
1787893893	0.00	110.72	0.0	?	34.5	34.5	90.0
1789894894	0.00	108.88	0.0	?	35.7	35.7	90.0
1791895895	0.00	106.86	0.0	?	37.1	37.1	90.0
1793896896	0.00	105.33	0.0	?	38.1	38.1	90.0
1795897897	0.00	103.25	0.0	?	39.6	39.6	90.0
1797898898	0.00	101.76	0.0	?	40.7	40.7	90.0
1799899899	0.00	99.95	0.0	?	42.0	42.0	90.0
1801900900	0.00	98.12	0.0	?	43.4	43.4	90.0
1803901901	0.00	96.47	0.0	?	44.7	44.7	90.0
1805902902	0.00	94.41	0.0	?	46.3	46.3	90.0
1807903903	0.00	92.41	0.0	?	47.9	47.9	90.0
1809904904	0.00	90.80	0.0	?	49.3	49.3	90.0
1811905905	0.00	88.63	0.0	?	51.2	51.2	90.0
1813906906	0.00	86.59	0.0	?	53.1	53.1	90.0
1815907907	0.00	84.78	0.0	?	54.8	54.8	90.0
1817908908	-0.09	83.04	0.6	199.72	56.5	56.5	89.4
1819909909	-0.31	81.00	2.1	56.85	58.5	58.5	88.0
1821910910	-0.54	78.85	3.8	32.22	60.7	60.8	86.4
1823911911	-0.77	76.66	5.8	22.47	62.9	63.2	84.8
1825912912	-1.05	74.68	8.1	16.64	64.9	65.4	82.9
1827913913	-1.30	72.32	10.6	13.41	67.3	68.2	81.1
1829914914	-1.51	70.28	12.9	11.56	69.5	70.6	79.5
1831915915	-1.70	67.77	15.4	10.23	72.2	73.8	78.0
1833916916	-1.99	65.54	18.9	8.77	74.3	76.7	75.8
1835917917	-2.22	63.56	22.0	7.88	76.2	79.3	73.9
1837918918	-2.46	61.06	25.8	7.11	78.6	82.7	71.8
1839919919	-2.61	59.05	28.7	6.71	80.7	85.7	70.4
1841920920	-2.86	56.41	33.4	6.13	83.1	89.5	68.1
1843921921	-3.06	54.35	37.5	5.73	84.7	92.6	66.1
1845922922	-3.29	52.15	42.2	5.35	86.1	95.8	63.9
1847923923	-3.55	49.12	48.8	4.97	87.9	100.5	61.0
1849924924	-3.75	46.43	55.0	4.70	89.3	104.9	58.4
1851925925	-3.92	43.79	61.1	4.51	90.7	109.4	56.0
1853926926	-4.10	41.36	67.5	4.32	91.1	113.3	53.5
1855927927	-4.31	38.67	74.9	4.11	90.6	117.6	50.4
1857928928	-4.44	35.92	82.4	4.00	90.7	122.5	47.7
1859929929	-4.64	33.38	90.0	3.83	88.3	126.1	44.5
1861930930	-4.80	30.56	98.3	3.71	86.0	130.6	41.2
1863931931	-4.94	27.88	106.3	3.61	82.9	134.8	38.0
1865932932	-5.07	25.23	114.0	3.52	78.7	138.5	34.6
1867933933	-5.20	22.45	122.0	3.44	73.4	142.3	31.0
1869934934	-5.30	19.86	129.0	3.38	67.6	145.6	27.6
1871935935	-5.38	16.90	136.8	3.33	60.3	149.5	23.8
1873936936	-5.45	14.19	143.2	3.29	52.5	152.5	20.1
1875937937	-5.57	11.77	146.7	3.22	43.6	153.1	16.6
1877938938	-5.59	8.89	152.1	3.21	34.1	155.8	12.6
1879939939	-5.64	6.05	155.3	3.19	23.5	157.1	8.6
1881940940	-5.76	4.06	154.6	3.13	15.3	155.3	5.7
1883941941	-5.80	0.81	155.3	3.11	3.1	155.4	1.1
1885942942	-5.82	-1.84	154.5	3.10	-6.9	154.6	-2.5
1887943943	-5.90	-4.31	151.0	3.05	-15.5	151.7	-5.8
1889944944	-5.91	-6.99	148.0	3.05	-24.5	150.0	-9.4
1891945945	-5.97	-9.39	143.4	3.02	-31.5	146.8	-12.4
1893946946	-6.05	-11.83	137.8	2.99	-37.5	142.8	-15.2
1895947947	-6.06	-14.48	132.5	2.98	-43.8	139.5	-18.3
1897948948	-6.14	-16.78	126.6	2.94	-47.6	135.2	-20.6
1899949949	-6.18	-19.19	121.0	2.93	-51.4	131.4	-23.0
1901950950	-6.22	-21.34	115.8	2.91	-54.1	127.8	-25.0
1903951951	-6.32	-23.71	109.9	2.87	-55.7	123.2	-26.9
1905952952	-6.51	-26.23	103.4	2.79	-55.6	117.4	-28.3
1907953953	-6.57	-27.78	100.0	2.77	-56.2	114.7	-29.3
1909954954	-6.71	-29.15	96.8	2.72	-55.4	111.5	-29.8
1911955955	-6.78	-30.69	93.6	2.69	-55.4	108.8	-30.6
1913956956	-6.86	-32.10	90.8	2.66	-55.2	106.3	-31.3
1915957957	-6.90	-33.59	88.2	2.65	-55.4	104.1	-32.1
1917958958	-6.93	-34.80	86.1	2.64	-55.5	102.4	-32.8
1919959959	-6.91	-35.70	84.6	2.64	-55.9	101.4	-33.5
1921960960	-6.89	-36.64	83.1	2.65	-56.4	100.4	-34.2
1923961961	-6.80	-37.44	81.9	2.68	-57.5	100.1	-35.1
1925962962	-6.82	-38.24	80.5	2.68	-57.4	98.9	-35.5
1927963963	-6.74	-39.06	79.3	2.70	-58.3	98.4	-36.3
1929964964	-6.69	-40.00	77.8	2.73	-59.0	97.6	-37.2
1931965965	-6.60	-41.57	75.3	2.76	-59.8	96.1	-38.4
1933966966	-6.59	-42.27	74.2	2.76	-59.8	95.3	-38.9
1935967967	-6.48	-43.68	71.9	2.80	-60.8	94.1	-40.2
1937968968	-6.41	-43.99	71.3	2.83	-61.4	94.1	-40.7
1939969969	-6.35	-44.96	69.8	2.86	-61.8	93.2	-41.5
1941970970	-6.26	-45.87	68.3	2.90	-62.5	92.5	-42.5
1943971971	-6.21	-46.54	67.2	2.91	-62.7	91.9	-43.0
1945972972	-6.15	-47.28	66.0	2.94	-63.0	91.2	-43.7
1947973973	-6.08	-47.71	65.1	2.97	-63.5	91.0	-44.3
1949974974	-6.00	-48.18	64.3	3.01	-64.1	90.7	-44.9
1951975975	-5.86	-48.83	62.9	3.07	-65.1	90.5	-46.0
1953976976	-5.74	-49.48	61.6	3.13	-65.9	90.2	-46.9
1955977977	-5.64	-50.33	60.0	3.19	-66.3	89.4	-47.9
1957978978	-5.51	-50.92	58.7	3.26	-67.2	89.2	-48.9
1959979979	-5.32	-51.67	56.8	3.37	-68.4	88.9	-50.3
1961980980	-5.22	-52.16	55.7	3.43	-69.0	88.6	-51.1
1963981981	-5.06	-52.89	53.9	3.53	-69.8	88.2	-52.3
1965982982	-4.87	-54.08	51.4	3.66	-70.4	87.2	-53.9
1967983983	-4.74	-54.56	50.0	3.76	-71.2	87.0	-54.9
1969984984	-4.61	-55.01	48.7	3.85	-71.7	86.7	-55.8
1971985985	-4.57	-55.97	47.3	3.88	-71.2	85.5	-56.4
1973986986	-4.39	-56.99	45.0	4.04	-71.6	84.6	-57.8
1975987987	-4.24	-57.67	43.3	4.18	-72.0	84.0	-59.0
1977988988	-4.12	-58.24	41.8	4.30	-72.3	83.5	-59.9
1979989989	-4.06	-59.04	40.6	4.36	-71.9	82.5	-60.5
1981990990	-3.98	-60.17	38.9	4.45	-71.2	81.1	-61.4
1983991991	-3.86	-61.11	37.2	4.57	-70.9	80.1	-62.3
1985992992	-3.74	-61.86	35.7	4.71	-70.8	79.3	-63.2
1987993993	-3.68	-62.35	34.8	4.79	-70.6	78.7	-63.7
1989994994	-3.63	-62.99	33.9	4.86	-70.2	78.0	-64.3
1991995995	-3.54	-63.78	32.6	4.97	-69.8	77.1	-65.0
1993996996	-3.51	-64.69	31.7	5.01	-69.0	75.9	-65.3
1995997997	-3.43	-65.32	30.6	5.14	-68.7	75.2	-66.0
1997998998	-3.33	-66.04	29.4	5.28	-68.4	74.4	-66.8
1999999999	-3.29	-66.87	28.5	5.34	-67.6	73.4	-67.1
